<Trait>	Trait_1_H2_1	Trait_2_H2_1	Trait_3_H2_1	Trait_4_H2_1	Rep
X2448978	-36.481511022438	1.58593244794632	-28.2187452712068	-9.84869819917764	1
X2457756	-37.9011419156665	1.58593244794632	-30.3677289925111	-9.11934537110167	1
X2458125	25.4364323006571	1.58593244794632	30.7064553529832	-6.85595550027229	1
X2448371	-14.3124365124689	1.58593244794632	-14.2133644441462	-1.68500451626896	1
X2450832	9.59406448717182	0.625476664111382	12.9621779774029	-3.99359015434251	1
X2453678	34.0186974128056	-1.50053561574221	41.5334213120289	-6.01418828348106	1
X2454238	-11.9373753293364	1.58593244794632	-7.04164630639065	-6.48166147089212	1
X2456406	28.0701252582782	1.53319719326082	17.7933396874518	8.74358837756557	1
X2448396	-37.1799840362752	-0.0424858883418952	-38.0923045259573	0.954806378023735	1
X2470901	-48.9221952320863	0.529528209163317	-38.2605719297176	-11.1911515115323	1
X2458908	-8.52597850453316	-0.369173128249941	-12.2449367921119	4.08813141582874	1
X2470838	-32.8692585385112	-0.207418140477097	-25.9606365839678	-6.70120381406623	1
X2469088	-61.5723772214199	-0.00519314456109285	-56.9989652673346	-4.56821880952409	1
X2470863	-33.4100520358455	0.529528209163317	-27.3508037242898	-6.588776520719	1
X2486609	-15.335907412708	0.625476664111382	-6.9729359960818	-8.98844808073755	1
X2421202	-22.9017669241094	0.529528209163317	-23.8637961858302	0.432501052557472	1
X2458238	44.0114747282472	1.58593244794632	44.2241623450955	-1.79862006479475	1
X2450353	-48.3113779263212	-0.0424858883418952	-49.9798330490553	1.71094101107599	1
X2458215	-4.40474845388768	2.22263655222362	2.30144734144675	-8.92883234755807	1
X2456233	47.1649680580538	1.58593244794632	40.5057728212332	5.07326278887425	1
X2456219	29.2943396192243	1.58593244794632	29.3748033574635	-1.66639618618552	1
X2470720	-5.36919726194171	0.389037831258444	-14.4539633234907	8.69572823029056	1
X2470712	-49.4334920972447	1.58593244794632	-46.5824816068268	-4.43694293836429	1
X2467368	-55.9148997822505	0.529528209163317	-43.9979247784663	-12.4465032129476	1
X2458230	50.370710753508	-1.20735082012356	65.4426104621762	-13.8645488885447	1
X2450209	-5.57102584041623	0.625476664111382	-1.93258608293771	-4.26391642158976	1
X2471315	11.4584190416815	1.58593244794632	18.0463175133048	-8.1738309195698	1
X2451646	3.09207601809699	-0.0424858883418952	8.10959201977266	-4.97503011333383	1
X2481015	-36.3202993321461	0.625476664111382	-31.6231424145401	-5.32263358171749	1
X2448751	-77.3624286233319	1.53319719326082	-73.2531742358558	-5.64245158073723	1
X2448822	-29.0814992919068	-0.0424858883418952	-22.4096586714022	-6.62935473216269	1
X2486608	-3.33804392553576	-0.2197057729045	1.91688004555217	-5.03521819818342	1
X2471208	-27.5034600203602	0.529528209163317	-18.5893589727189	-9.4436292568046	1
X2471091	12.1609214842836	1.58593244794632	14.9765747107476	-4.40158567441031	1
X2458441	-92.6047560608865	0.529528209163317	-82.0635185071405	-11.0707657629095	1
X2458419	-40.0660461235586	1.58593244794632	-31.7761691978406	-9.87580937366418	1
X2454267	-50.7417520223863	-0.207418140477097	-35.5325284696828	-15.0018054122264	1
X2485334	-22.6808674286804	0.625476664111382	-17.6039933803574	-5.70235071243447	1
X2460412	-44.915611983162	-0.0424858883418952	-62.2715000535854	17.3983739587651	1
X2457289	-29.1569659097974	1.58593244794632	-33.346584762153	2.60368640440931	1
X2471002	-11.5812867371647	1.58593244794632	-9.34178620000542	-3.82543298510562	1
X2487127	-11.3414069326238	-0.369173128249941	-16.6405775571716	5.66834375279772	1
X2485551	-78.4988933040966	0.468180923144018	-85.3217871874186	6.35471296017825	1
X2465541	-1.03432443791647	1.58593244794632	-5.13135114480907	2.51109425894634	1
X2448492	-25.4466386476812	2.22263655222362	-16.799515886893	-10.8697593130119	1
X2470609	-23.7334835485993	-0.207418140477097	-10.7131984288489	-12.8128669792733	1
X2487756	-30.0461210996561	0.529528209163317	-21.365387709935	-9.21026159888442	1
X2469644	-0.345014380872973	1.58593244794632	8.00976109840067	-9.94070792721998	1
X2421279	4.697784999498	1.58593244794632	9.02307226848773	-5.91121971693596	1
X2470462	8.67954916930948	1.58593244794632	9.50231601202472	-2.40869929066155	1
X2487242	-79.5202515414281	-0.369173128249941	-76.2806508924722	-2.87042752070593	1
X2470853	-66.8050424496537	0.648634198598179	-58.6880958557759	-8.76558079247593	1
X2469112	44.379878166419	-0.369173128249941	37.9752750927538	6.77377620191511	1
X2422900	-4.59621853211464	0.648634198598179	15.5801687924593	-20.8250215231722	1
X2456545	19.8785011789079	1.58593244794632	13.34282219387	4.9497465370914	1
X2467580	18.7355267447759	1.58593244794632	17.9511163987339	-0.80152210190434	1
X2457325	27.3139309730091	-1.20735082012356	30.387341765372	-1.86605997223944	1
X2456346	-86.7395356755622	0.529528209163317	-78.5796626955607	-8.689401189165	1
X2458324	72.6847842732704	-1.31409298643443	68.4253462375792	5.57353102212562	1
X2463405	10.4827902268808	1.58593244794632	19.5305048691294	-10.6336470901948	1
X2474588	-48.1098609610122	0.529528209163317	-32.8202644023439	-15.8191247678316	1
X2458617	-19.8043127987596	-0.0424858883418952	-35.4948367555823	15.7330098451646	1
X2488377	-25.2427253357548	0.529528209163317	-14.1473051312478	-11.6249484136703	1
X2456472	-48.7636695614885	1.58593244794632	-41.8134223358108	-8.5361796736243	1
X2468815	31.6045582702744	-0.0424858883418952	44.9339585128734	-13.2869143542572	1
X2456537	9.05888010970055	1.58593244794632	8.12709385637821	-0.654146194623946	1
X2456258	40.069193381496	-1.63148406989142	43.248526642673	-1.54784919128563	1
X2448919	-9.04043290824354	1.58593244794632	-3.45681745324034	-7.16954790294951	1
X2484569	14.171028352819	-0.0424858883418952	28.8358625465955	-14.6223483054345	1
X2467307	-56.5984506196225	0.529528209163317	-40.6514178338895	-16.4765609948964	1
X2471213	-83.2588603768867	1.58593244794632	-82.9711810232437	-1.87361180158978	1
X2465366	-44.2864092073252	0.529528209163317	-38.2257434330951	-6.59019398339336	1
X2488321	-13.4191943424249	-0.599093217698381	-3.92415628161534	-8.89594484311127	1
X2406088	-1.68226870975773	-0.839455044781032	1.39994367321372	-2.24275733819038	1
X2456684	97.4742410106635	-1.20735082012356	95.8900994679255	2.79149236286148	1
X2449720	-87.5466054309063	-0.369173128249941	-86.5957030205526	-0.581729282103548	1
X2471062	-12.6903142162136	-0.0424858883418952	2.9286863815995	-15.5765147094712	1
X2458527	41.7219145737557	-1.63148406989142	43.6115037185604	-0.258105074913329	1
X2467584	28.3417783451407	2.65714516795531	20.5275423140272	5.15709086315815	1
X2461573	-12.4432892661035	2.22263655222362	-2.78280865870046	-11.8831171596267	1
X2456584	28.3559129878436	1.58593244794632	28.6733636096565	-1.90338306975913	1
X2485375	56.2334575254214	0.468180923144018	58.9387239885832	-3.1734473863059	1
X2470787	-55.5978657285359	1.58593244794632	-48.4656654008377	-8.71813277564458	1
X2467532	16.1089520513166	-0.369173128249941	29.0920112261846	-12.613886046618	1
X2448908	-24.7884624525565	1.58593244794632	-23.3818449712807	-2.99254992922209	1
X2416724	18.4465013376676	-0.369173128249941	16.0648586739338	2.75081579198368	1
X2483591	-22.686755908816	-0.369173128249941	-15.3920108088215	-6.92557197174471	1
X2460009	-1.37693096555754	-0.0424858883418952	-0.966607710618387	-0.367837366597255	1
X2436946	-42.5377253985978	-0.0424858883418952	-36.0414061400476	-6.45383337020833	1
X2458297	55.0329050838285	1.58593244794632	50.9535807874307	2.49339184845141	1
X2470842	-48.0193658884442	-0.782378152032634	-42.5370990899445	-4.69988864646724	1
X2483623	-27.8723167030937	0.468180923144018	-24.7711327504582	-3.56936487577951	1
X2471009	15.9355888753748	-0.0424858883418952	21.7318281303304	-5.75375336661373	1
X2458288	-57.7301616242322	1.58593244794632	-54.9729745839596	-4.34311948821903	1
X2457959	3.75549584557644	-1.20735082012356	8.64915110356253	-3.68630443786257	1
X2486907	9.53827900414821	-0.0828888602700689	2.95909428945666	6.66207357496162	1
X2469250	-33.8138898489846	0.529528209163317	-25.0951423033891	-9.24827575475885	1
X2486201	36.2754408011284	-0.2197057729045	29.0490606174713	7.44608595656167	1
X2488435	-16.033455421426	0.529528209163317	-14.928154498554	-1.63482913203539	1
X2457928	14.6039179181614	-1.20735082012356	14.6311298455016	1.18013889278329	1
X2463120	49.4451637689296	-0.369173128249941	48.3483755991957	1.4659612979838	1
X2479033	-29.8680062249693	-0.0424858883418952	-24.4232619805249	-5.40225835610236	1
X2456535	-48.3949089252518	1.58593244794632	-45.7745876611345	-4.20625371206374	1
X2464511	50.5459311480199	-0.0424858883418952	50.9212372575064	-0.332820221144636	1
X2449589	14.7859472664561	-0.369173128249941	12.6104732424333	2.54464715227274	1
X2487411	-64.382670563344	0.529528209163317	-48.3731428787448	-16.5390558937625	1
X2457762	-81.8822353138104	1.58593244794632	-80.7449170860102	-2.72325067574679	1
X2450837	29.4115888385852	-1.63148406989142	37.9331198295228	-6.89004692104606	1
X2467560	23.1492273745093	1.58593244794632	24.6406845816288	-3.07738965506585	1
X2462756	-51.2684008487128	-1.63148406989142	-61.0432307256274	11.406313946806	1
X2461350	-7.18136577109681	1.58593244794632	-0.108259739486616	-8.6590384795565	1
X2442970	-15.2157143913966	0.529528209163317	-13.00437667648	-2.74086592408003	1
X2470412	-25.2131707712507	0.529528209163317	-12.3119299865714	-13.4307689938425	1
X2458278	-9.35573233136677	1.58593244794632	-1.85739124418178	-9.08427353513122	1
X2488141	-3.52501515762867	0.389037831258444	6.62540669028181	-10.5394596791689	1
X2465520	9.08248468289172	0.529528209163317	12.3837901429982	-3.83083366926982	1
X2486400	35.9861058902266	0.625476664111382	47.1479610907972	-11.7873318646822	1
X2422882	-33.6507136638127	0.268349671538899	-19.0473208452265	-14.8717424901251	1
X2470575	-39.975294937677	0.529528209163317	-30.864188155728	-9.64063499111261	1
X2456558	29.4947773403434	-1.20735082012356	28.464314235394	2.23781392507289	1
X2455983	-40.3885643769707	-1.50053561574221	-24.2794033110956	-14.608625450133	1
X2487673	-34.4496013004732	0.803391185917602	-28.7913090641887	-6.46168342220232	1
X2486331	6.76217229683984	-0.191079631252014	8.70868547198764	-1.75543354389579	1
X2403776	-24.4711509472481	0.648634198598179	-15.9848881748558	-9.1348969709904	1
X2403562	28.9774344518721	-0.0424858883418952	33.1908234317836	-4.17090309156956	1
X2478502	-92.5864724920872	-0.599093217698381	-92.1955704106779	0.208191136288936	1
X2457382	11.1834394180028	-1.50053561574221	15.0705772528616	-2.38660221911655	1
X2457625	10.9121987951407	1.58593244794632	5.71315029381028	3.613116053384	1
X2456461	-14.4753299722245	0.166958487275432	-17.080243917428	2.43795545792795	1
X2481252	-55.0504415801941	2.22263655222362	-46.8313255147577	-10.4417526176598	1
X2423669	-30.1148654193178	0.529528209163317	-26.3649633196139	-4.27943030886732	1
X2464807	-35.644072218664	-1.63148406989142	-43.0262194545097	9.01363130573708	1
X2448103	-28.7900024199621	-0.00519314456109285	-25.6028078662142	-3.18200140918688	1
X2476120	6.12772958503352	-0.369173128249941	6.48394464700996	0.0129580662735274	1
X2460437	-50.2788351774163	-0.0424858883418952	-71.8973348197388	21.6609855306643	1
X2458565	-16.324390835785	-1.20735082012356	-17.6861653731429	2.56912535748145	1
X2467471	9.89905160914005	0.389037831258444	14.5270025172476	-5.01698873936601	1
X2470893	-105.352922214609	1.53319719326082	-92.8432169496032	-14.0429024582667	1
X2487716	-30.6134340313725	0.529528209163317	-29.3662806499869	-1.77668159054879	1
X2421355	-49.1256471055111	-0.369173128249941	-64.2807801277737	15.5243061505125	1
X2471225	-18.6469981162442	0.529528209163317	-7.88711541471503	-11.2894109106924	1
X2488483	-75.3893258689273	-0.369173128249941	-81.4627191233514	6.4425663826739	1
X2467590	-12.0911322651543	1.53319719326082	-9.37929125024134	-4.24503820817378	1
X2463409	-1.32754439838591	0.389037831258444	-1.20657701119505	-0.510005218449316	1
X2467224	-49.5316933133939	-0.00519314456109285	-45.8845232526883	-3.6419769161445	1
X2470658	-23.2760451499379	0.32399579047506	-20.3539162140749	-3.24612472633801	1
X2471175	-6.3398236501597	-0.369173128249941	-3.62325077420392	-2.34739974770583	1
X2458210	-51.9276414746514	1.58593244794632	-53.4981024110755	-0.015471511521969	1
X2487050	-15.4029384319605	0.625476664111382	-12.8780907272721	-3.15032436879976	1
X2465491	8.32946264738741	2.65714516795531	5.93027404776159	-0.257956568329738	1
X2486809	-54.9863027879651	1.8619775101658	-57.3892575631532	0.54097726502232	1
X2486681	24.8017624720583	0.648634198598179	38.1435965428604	-13.9904682694004	1
X2469024	-21.9412463419493	0.803391185917602	-24.1529506460331	1.40831311816626	1
X2418572	-13.9405965944845	-0.207418140477097	-12.3171198327117	-1.41605862129573	1
X2470995	-34.0577395528071	0.625476664111382	-29.8552419999604	-4.82797421695821	1
X2486317	14.1968285306941	1.58593244794632	17.0870146331302	-4.47611855038249	1
X2465539	-56.4905930287928	1.53319719326082	-42.8643707417327	-15.159419480321	1
X2487473	-45.1634012624828	0.1896600855245	-49.2991336697868	3.94607232177949	1
X2488644	-30.1876517694584	-1.20735082012356	-23.5104117279167	-5.46988922141809	1
X2470956	-25.8228869822986	0.529528209163317	-18.1002142491603	-8.25220094230154	1
X2456229	56.7649999753389	-1.20735082012356	57.2791652389308	0.693185556531772	1
X2467459	-12.1133463215765	2.65714516795531	-11.9562125397836	-2.81427894974832	1
X2460643	-2.72446860136253	-0.0424858883418952	2.39640724921598	-5.07838996223662	1
X2488458	-25.467032255365	0.529528209163317	-22.7271430253334	-3.26941743919497	1
X2485905	-60.8321214559362	0.529528209163317	-46.5962222726597	-14.76542739244	1
X2470445	-9.85206238023966	0.529528209163317	-7.78479393098924	-2.59679665841377	1
X2467053	-38.0747660210299	1.53319719326082	-37.1495364258947	-2.4584267883961	1
X2451246	-74.6670864787146	1.58593244794632	-63.6353516100161	-12.617667316645	1
X2470111	-3.75522767528258	-1.20735082012356	-13.2623385202643	10.7144616651053	1
X2475804	-70.8596880493148	1.58593244794632	-59.5747931632442	-12.870827334017	1
X2487971	46.8671340866746	-0.00519314456109285	39.7148836767978	7.15744355443788	1
X2456248	49.8018459421285	1.58593244794632	44.6103072338022	3.60560626037992	1
X2466063	-38.1481622376345	1.53319719326082	-33.8457328774312	-5.83562655346406	1
X2487664	11.9670498281131	0.803391185917602	12.2862480604261	-1.12258941823053	1
X2450329	-51.5345666675879	0.389037831258444	-60.1423764358827	8.21877193703646	1
X2456197	4.90058019701272	1.58593244794632	10.4509835743868	-7.13633582532036	1
X2466809	-67.222351815921	1.53319719326082	-58.956383814067	-9.79916519511492	1
X2450045	-78.439412896235	-0.369173128249941	-63.8565579889084	-14.2136817790768	1
X2453414	-91.0092813410151	0.529528209163317	-72.6816416383834	-18.8571679117952	1
X2462640	16.9480929701006	1.58593244794632	25.8961604414419	-10.5339999192876	1
X2467110	-6.86205668794263	1.58593244794632	-2.49983388324103	-5.94815525264796	1
X2457972	-20.7126668516612	-1.20735082012356	-16.2481655404074	-3.25715049113032	1
X2470938	-28.2947787876583	1.53319719326082	-16.2202591821687	-13.6077167987505	1
X2461320	-23.1735387477287	1.58593244794632	-17.8545134739218	-6.90495772175318	1
X2457050	-65.9269531641408	0.529528209163317	-66.6028875828833	0.146406209578826	1
X2448920	21.2759085833973	2.22263655222362	27.1400657286547	-8.086793697481	1
X2450375	-40.4351698783417	-0.0424858883418952	-38.1943716996101	-2.19831229038967	1
X2464930	-12.0531476815614	-0.782378152032634	-15.2229420348204	3.95217250529178	1
X2458143	12.4134639998978	-1.61967673554153	15.5834868320699	-1.55034609663059	1
X2451025	-64.6376382231223	1.53319719326082	-51.133196768872	-15.0376386475112	1
X2411228	41.377043331025	1.58593244794632	26.5344393689671	13.2566715141116	1
X2434733	-33.3342286429528	0.529528209163317	-24.6628641949711	-9.20089265714495	1
X2448318	-41.1057622454409	1.58593244794632	-38.8046925037865	-3.88700218960071	1
X2454187	-14.8367558371508	1.35863712053788	-10.4133284165333	-5.7820645411554	1
X2487346	35.8760673720919	-1.63148406989142	41.1163663634152	-3.608814921432	1
X2421182	-13.4151114165552	0.648634198598179	-8.16999557118751	-5.89375004396593	1
X2463061	48.1031976462531	1.58593244794632	55.4974979527599	-8.98023275445318	1
X2423104	-57.6692842505961	0.648634198598179	-46.6238771324701	-11.6940413167243	1
X2448107	-8.01690271753649	0.389037831258444	-13.5920451762444	5.18610462744938	1
X2458416	-92.412361383171	1.58593244794632	-93.5168732156409	-0.481420615476705	1
X2467536	-17.1191709789715	2.65714516795531	-23.9276187709659	4.15130262403915	1
X2469859	4.83871267540351	0.625476664111382	9.84386389652999	-5.63062788523792	1
X2470550	-33.0769920648594	-0.369173128249941	-18.592892575074	-14.1149263615355	1
X2456751	-14.6708953767588	1.53319719326082	-3.98478027678146	-12.2193122932381	1
X2458414	-13.4740135378201	-1.20735082012356	-16.3456670927944	4.0790043750979	1
X2453571	64.5623326719639	-0.0424858883418952	65.70754142855	-1.10272286824428	1
X2450886	-28.5840909398667	-0.0424858883418952	-27.7398543539407	-0.801750697584095	1
X2485065	-19.4736075153625	-0.369173128249941	-19.3517380086112	0.247303621498681	1
X2478959	-79.5597009031092	-0.599093217698381	-72.8819602728462	-6.07864741256454	1
X2450508	-1.70035373691104	2.65714516795531	7.47679946082005	-11.8342983656863	1
X2470576	-26.596386471452	0.529528209163317	-11.2402439452862	-15.8856707353291	1
X2486065	-34.3034341887774	0.625476664111382	-41.6242503348074	6.69533948191872	1
X2465583	25.8057915390502	1.58593244794632	21.2718981819905	2.9479609091135	1
X2458471	-31.7781965942809	-1.61967673554153	-26.9628016989623	-3.19571815977699	1
X2471150	-30.4012678397662	1.58593244794632	-27.8544271502746	-4.13277313743808	1
X2459748	40.2227670841294	-0.0424858883418952	31.7843143606097	8.48093861186175	1
X2451603	-45.4406035633107	-0.369173128249941	-28.2857213190322	-16.7857091160287	1
X2416182	2.18711211932818	-0.367986688203575	5.35974370351591	-2.80464489598416	1
X2458279	42.7460818398488	-1.20735082012356	48.4029845240108	-4.44955186403867	1
X2461227	-35.5891442177511	1.53319719326082	-34.4292768418494	-2.69306456916236	1
X2485379	-2.71965546097253	0.625476664111382	-0.77643027864992	-2.56870184643402	1
X2448334	-30.7185883876283	1.58593244794632	-28.8267896006362	-3.47773123493862	1
X2457738	-7.70918106772276	-1.20735082012356	-15.182336088857	8.68050584125765	1
X2457262	15.4683105572803	-1.20735082012356	21.8412761804167	-5.16561480301294	1
X2485243	-5.58637029201245	-0.369173128249941	3.39211743034492	-8.60931459410744	1
X2469276	-39.4355154302419	-0.369173128249941	-37.5370518277984	-1.52929047419344	1
X2485182	7.2760334980641	-0.369173128249941	9.17698270817384	-1.53177608185981	1
X2456195	32.6554897815824	-0.0424858883418952	28.2692085662835	4.42876710364083	1
X2423426	-5.86859636649091	0.529528209163317	-8.4523029311703	2.05417835551608	1
X2450736	-38.8571817687291	0.625476664111382	-34.7992248038884	-4.68343362895206	1
X2458047	-14.1385718548149	0.529528209163317	-7.09986490095667	-7.56823516302149	1
X2457877	-56.7725138609937	-0.782378152032634	-44.0990090260804	-11.8911266828806	1
X2470683	61.2600385420342	-0.0424858883418952	72.3005277199265	-10.9980032895505	1
X2450511	-36.0091506530884	1.58593244794632	-21.3400625966823	-16.2550205043522	1
X2488238	63.1829566593702	-0.0424858883418952	64.4482040130589	-1.22276146534689	1
X2457924	-13.233925214885	0.980933389906452	-13.4599782800764	-0.754880324715069	1
X2488256	-0.165964305567021	-0.0424858883418952	13.9369971545934	-14.0604755718186	1
X2421582	-25.2346375070448	-0.369173128249941	-24.4812536065295	-0.384210772265223	1
X2451088	-36.8494790324503	2.65714516795531	-38.4817962456875	-1.02482795471818	1
X2487957	-4.15058969497041	1.53319719326082	-6.24051680926263	0.556729921031418	1
X2488106	15.3024309034319	1.58593244794632	15.5642342826162	-1.84773582713059	1
X2453288	-69.8328575700372	1.53319719326082	-58.7351879369377	-12.6308668263603	1
X2463215	-93.8597797819081	0.529528209163317	-84.3590770761483	-10.0302309149232	1
X2450738	-56.7958478378671	1.58593244794632	-49.01344892371	-9.36833136210318	1
X2441762	-7.75833806941131	-0.599093217698381	-15.0528151755126	7.89357032379969	1
X2480248	-34.8969893594473	-1.48319324897327	-42.3034147171011	8.88961860662709	1
X2449618	-19.3428414532401	0.625476664111382	-15.7685637303412	-4.19975438701044	1
X2480766	-59.4212386201819	-1.63148406989142	-63.3776019657709	5.58784741548055	1
X2451102	-68.0427997472261	-0.0424858883418952	-85.0696690542742	17.0693551953898	1
X2461165	-44.9572283535835	1.53319719326082	-35.6716048667845	-10.8188206800597	1
X2451596	-101.072426340564	-0.369173128249941	-93.1546349892546	-7.54861822305919	1
X2450220	-7.36917827872597	-0.2197057729045	-10.7999056270512	3.65043312122972	1
X2423624	3.89374168036602	0.529528209163317	7.4411584793695	-4.0769450081668	1
X2471212	-35.7221779647945	1.58593244794632	-33.8981786676624	-3.40993174507838	1
X2463054	-11.6798193079264	1.58593244794632	0.0575551008435262	-13.3233068567164	1
X2486240	-28.8015074236514	0.468180923144018	-26.8616288312352	-2.40805951556044	1
X2456268	10.1297217364837	1.58593244794632	8.34140205300559	0.202387235531874	1
X2450199	-6.002609996054	-0.2197057729045	-3.18563565522564	-2.59726856792385	1
X2406863	-14.9174002929153	0.11287705534793	-19.5689644857635	4.53868713750018	1
X2469881	-84.7440137136141	0.268349671538899	-70.370519518312	-14.6418438668412	1
X2448637	-27.735058512939	-0.0424858883418952	-22.1265139583085	-5.56605866628853	1
X2451627	-7.40591736731991	2.65714516795531	-17.7059310321053	7.64286849683003	1
X2451632	-9.60152238518514	1.58593244794632	-10.6487548310317	-0.538700002099788	1
X2453531	-12.1357796938693	0.389037831258444	-22.4377987522296	9.91298122710193	1
X2467548	-12.6943163859937	2.65714516795531	-24.6275799591943	9.27611840524533	1
X2469057	-50.4813329130706	0.1896600855245	-48.3676059904096	-2.30338700818557	1
X2416440	-21.4614060974222	1.35863712053788	-25.7823212560542	2.96227803809412	1
X2459053	-33.9122707508768	1.58593244794632	-34.5371204758896	-0.96108272293348	1
X2423441	24.9040980796871	0.529528209163317	20.809286969851	3.56528290067272	1
X2448304	-54.1024773104972	1.58593244794632	-48.4892885405518	-7.19912121789182	1
X2488605	-50.2172663915126	-1.61967673554153	-28.1507805711872	-20.4468090847839	1
X2463271	-53.3068530660357	1.58593244794632	-44.6771042675331	-10.215681246449	1
X2462649	56.3398274378678	-0.782378152032634	64.3375043348751	-7.21529874497498	1
X2469064	-30.9686763836375	-0.00519314456109285	-23.265296900893	-7.69818633818348	1
X2470037	-24.8972410459231	-0.0424858883418952	-30.0921980639287	5.23744290634743	1
X2458463	-103.550353134749	0.529528209163317	-90.7181237908745	-13.3617575530385	1
X2423096	-59.6760720461451	0.803391185917602	-55.5916230139859	-4.8878402180769	1
X2469819	-71.9655891793891	-0.369173128249941	-62.7800261234631	-8.81638992767632	1
X2458455	-141.069059714803	0.529528209163317	-127.772897008966	-13.8256909150014	1
X2456407	-40.2753980828792	-1.61967673554153	-34.4509848660136	-4.2047364813242	1
X2450516	10.3008715258878	0.625476664111382	15.0038061375315	-5.32841127575512	1
X2451038	-35.730990051387	-1.31409298643443	-34.0330943235452	-0.383802741407582	1
X2486208	0.0521315851599038	0.803391185917602	2.3456904160123	-3.09695001677007	1
X2456439	-4.69879292101129	2.65714516795531	-14.841347265521	7.48540917655449	1
X2483321	-62.7129750574468	0.501063738576992	-62.488831342255	-0.725207453768638	1
X2485924	-66.4185721428459	0.529528209163317	-48.5722650867072	-18.375835265302	1
X2456456	-84.75701608663	2.65714516795531	-78.4337061169005	-8.98045513768521	1
X2458435	15.1749207669785	0.529528209163317	11.0474492521848	3.59794330563048	1
X2457273	-19.2300946873612	1.58593244794632	-21.1084310997197	0.292403964412175	1
X2488634	-23.3278540205926	0.529528209163317	-14.8908296229205	-8.96655260683542	1
X2469879	-34.048319941327	1.58593244794632	-33.5081664290247	-2.12608596024866	1
X2465574	14.5313130191233	2.65714516795531	6.02014559605678	5.85402225511105	1
X2421158	51.2660277466638	-1.50053561574221	54.7858932093712	-2.01932984696519	1
X2450731	-60.2668168675738	1.58593244794632	-46.3394356850595	-15.5133136304607	1
X2425048	11.7481308916661	2.65714516795531	1.79668881043244	7.29429691327841	1
X2458025	2.07422310100795	-0.0424858883418952	-0.976837719058206	3.09354670840812	1
X2468991	-80.320181452675	-0.00519314456109285	-75.9761639852261	-4.33882432288765	1
X2456412	-70.8484445424832	1.53319719326082	-70.4943341147076	-1.88730762103674	1
X2457704	29.2055440145275	-1.61967673554153	30.04461664613	0.780604103939125	1
X2457793	19.5476295064056	-1.50053561574221	20.8325903517961	0.215574770351663	1
X2465544	62.9008289360055	1.58593244794632	62.6943062498942	-1.37940976183511	1
X2467245	-35.1875714995454	0.529528209163317	-37.954775902501	2.23767619379243	1
X2448302	0.917471134862843	0.625476664111382	6.10415088020752	-5.81215640945609	1
X2462922	-4.36496567356801	2.65714516795531	-5.7893593117239	-1.23275152979942	1
X2469903	33.3194513174713	-0.0424858883418952	28.6510006448998	4.71093656091337	1
X2387920	-14.6357416820999	-0.369173128249941	-19.2965683263787	5.02999977252872	1
X2470886	0.0328097065930031	1.58593244794632	9.28271861520576	-10.835841356559	1
X2395967	-40.6032989701912	1.53319719326082	-33.8222684101123	-8.31422775333966	1
X2455400	14.1733014627343	-1.63148406989142	10.0974971513313	5.70728838129446	1
X2456108	2.16079548643711	1.58593244794632	10.8658895217176	-10.2910264832267	1
X2422809	-23.6737804612107	0.529528209163317	-20.6359282355567	-3.56738043481732	1
X2448758	-4.53587766929761	1.58593244794632	7.18410936753685	-13.3059194847808	1
X2411287	-10.3027891657889	-0.0424858883418952	-17.0824793442552	6.82217606680819	1
X2470498	47.9425334457046	-0.369173128249941	44.4983630844174	3.81334348953698	1
X2488358	-45.0463130164938	0.529528209163317	-30.5747653154393	-15.0010759102179	1
X2437351	51.1557771987751	-0.369173128249941	40.0937562037653	11.4311941232598	1
X2469192	-33.8588338983156	0.529528209163317	-22.3990523146149	-11.9893097928641	1
X2456310	-19.8381113758069	0.529528209163317	-17.7252180517914	-2.64242153317899	1
X2462843	-13.1429215519631	1.58593244794632	-12.2662744393732	-2.46257956053611	1
X2457493	17.0134894654912	0.529528209163317	18.3396113166647	-1.85565006033689	1
X2486955	-40.6385786301615	0.166958487275432	-46.6625979310092	5.85706081357224	1
X2387312	44.9478382790151	-1.20735082012356	46.0225561552534	0.132632943885362	1
X2461358	25.3912466611394	1.58593244794632	32.6979413412928	-8.89262712809946	1
X2429723	-47.4220332227408	0.529528209163317	-37.7550724194377	-10.1964890124663	1
X2470865	-9.2626524644811	-0.0424858883418952	3.19335298416659	-12.4135195603058	1
X2414569	-10.5735813426792	-1.20735082012356	-9.84806179779399	0.481831275238332	1
X2457220	-40.508457098457	1.58593244794632	-47.9307420157343	5.83635246933112	1
X2421103	-74.0349863324105	0.648634198598179	-63.7221503746027	-10.9614701564061	1
X2457452	44.867229151452	0.501063738576992	36.4446399720499	7.92152544082525	1
X2456322	48.8965376895166	1.53319719326082	35.6246696050293	11.7386708912264	1
X2487317	-13.29550499533	-1.63148406989142	-14.9542752695205	3.29025434408204	1
X2421039	9.08861124527097	1.58593244794632	12.2925419066472	-4.78986310932258	1
X2485179	-38.4354217589224	-0.369173128249941	-35.4819484672453	-2.58430016342715	1
X2448921	-58.8618794207734	1.58593244794632	-53.5836234680157	-6.86418840070395	1
X2433816	9.37952222209582	0.625476664111382	10.4794261690911	-1.72538061110661	1
X2470751	-8.74354082639591	-1.20735082012356	-15.2972920015117	7.76110199523943	1
X2482273	-66.4576813709075	0.648634198598179	-55.898004504929	-11.2083110645769	1
X2449395	-2.60064585098437	-0.599093217698381	-2.66335408129671	0.661801448010752	1
X2442913	39.1756399371215	-1.20735082012356	35.1334656992189	5.24952505802626	1
X2465584	-61.2946865369439	0.529528209163317	-49.8262803000393	-11.9979344460683	1
X2423383	9.22089050194458	0.529528209163317	20.8021504434072	-12.1107881506259	1
X2463936	66.3480514281662	-0.0424858883418952	67.2476463332895	-0.857109016781426	1
X2421572	6.71963644725025	-0.0424858883418952	5.50574144603144	1.2563808895607	1
X2460529	-32.9013261711815	-0.0424858883418952	-39.575339664409	6.7164993815693	1
X2461388	18.0314791351352	1.58593244794632	16.3039773261438	0.141569361045092	1
X2472349	-1.25611645754631	-0.599093217698381	1.07531338465168	-1.73233662449964	1
X2469659	7.6271311496857	0.529528209163317	19.3683270331528	-12.2707240926304	1
X2470666	-30.7361222558825	-0.207418140477097	-14.6925330554256	-15.8361710599798	1
X2487364	-3.79569031277852	-1.63148406989142	-6.69490845533535	4.53070221244826	1
X2484605	40.3318626572857	-1.31409298643443	33.4484869860021	8.19746865771792	1
X2460326	5.14893786829841	-0.782378152032634	5.74717899066181	0.184137029669243	1
X2487469	-55.0148433183164	1.53319719326082	-47.2909759376314	-9.25706457394604	1
X2453095	-107.5094300923	0.803391185917602	-104.476231625697	-3.83658965252067	1
X2450504	-68.4864963515671	0.389037831258444	-68.9818867632161	0.106352580390517	1
X2463442	23.6897617077137	2.65714516795531	22.5871503881226	-1.5545338483643	1
X2482386	-33.8239705894874	1.01602187588214	-38.9786963324925	4.13870386712308	1
X2459566	-22.4422569744332	-0.0424858883418952	-39.6726294769232	17.272858390832	1
X2409179	62.3877620339858	0.212504870241152	64.3407997407305	-2.16554257698586	1
X2424293	-84.3393787808782	0.389037831258444	-73.746514254399	-10.9819023577378	1
X2462683	-9.96010373692973	-0.207418140477097	8.90191769284349	-18.6546032892961	1
X2456153	-17.8381956301252	1.58593244794632	-10.9137792914463	-8.51034878662533	1
X2457556	-38.0325793671469	-1.31409298643443	-31.6851423795085	-5.03334400120401	1
X2450477	-14.8068252601882	-0.782378152032634	-4.75595307531055	-9.26849403284498	1
X2488433	-30.6776343275085	-0.369173128249941	-37.6141285028388	7.30566730358023	1
X2488404	-13.7116591415117	-0.369173128249941	-17.5161851167541	4.17369910349227	1
X2483880	-68.7517060489615	-0.369173128249941	-61.4148929724744	-6.96763994823725	1
X2456416	13.7940490756235	1.58593244794632	10.7626997685579	1.44541685911918	1
X2458540	4.46435921110546	-1.20735082012356	10.2338512907221	-4.56214125949309	1
X2487724	-47.6104793453448	0.529528209163317	-45.8951314346927	-2.24487611981554	1
X2457387	22.5866780288405	-1.20735082012356	19.996605538239	3.79742331072482	1
X2487735	-64.4214595153067	0.648634198598179	-56.1070809177275	-8.96301279617748	1
X2469794	-70.197113467062	2.22263655222362	-62.9346121485331	-9.48513787075297	1
X2456255	33.2243733831027	-0.0424858883418952	36.9494193657815	-3.68256009433682	1
X2460427	-54.0132046350507	-0.0424858883418952	-68.4369786366461	14.4662598899371	1
X2464731	11.7304873093422	-0.0424858883418952	19.7983739162353	-8.02540071855116	1
X2485148	-28.0258589869901	0.529528209163317	-18.7207989386779	-9.83458825747552	1
X2466938	-33.1965059547914	0.529528209163317	-29.550119287427	-4.17591487652769	1
X2458341	40.6255936324222	-0.0424858883418952	40.9056424017305	-0.237562880966569	1
X2468796	12.6135399599712	-0.00519314456109285	14.7789686006733	-2.16023549614099	1
X2456093	51.4277462676558	-1.20735082012356	54.9742595268457	-2.33916243906635	1
X2460447	-29.9548766642337	0.389037831258444	-35.8415406166595	5.49762612116735	1
X2462596	-85.0190308899095	-0.207418140477097	-62.2910772805181	-22.5205354689142	1
X2470379	-12.1564524803669	1.58593244794632	-9.44312470100489	-4.2992602273082	1
X2453901	-12.3657286695212	1.58593244794632	-13.8156405067879	-0.136020610679525	1
X2423182	-49.3918837952748	0.648634198598179	-41.3853587093854	-8.65515928448755	1
X2466967	-36.5540771295612	0.529528209163317	-33.80568840695	-3.27791693177446	1
X2460325	-35.3686464386039	0.625476664111382	-37.7683810821303	1.77425797941484	1
X2458490	-101.360484708233	0.529528209163317	-90.3605107791498	-11.5295021382467	1
X2463526	16.8197785578697	0.389037831258444	9.6831135035867	6.74762722302459	1
X2460538	31.8748652214864	0.389037831258444	29.1245875341225	2.36123985610538	1
X2471277	-6.97140827403249	1.58593244794632	-9.80012709964863	1.24278637766983	1
X2456309	-41.4767215893359	1.53319719326082	-40.3877342913392	-2.62218449125734	1
X2383432	-2.65334029531746	1.58593244794632	-14.3703473400163	10.1310745967526	1
X2458037	8.07915167942607	-0.207418140477097	13.8798812215391	-5.59331140163597	1
X2472874	-49.8559424648102	-0.369173128249941	-55.8451423964688	6.35837305990851	1
X2395939	-89.9506859656004	0.529528209163317	-83.4655180034438	-7.01469617132023	1
X2470727	-48.0682342142292	-0.0424858883418952	-50.5310961302087	2.50534780432139	1
X2480835	-57.1606579279448	0.803391185917602	-48.9801186257626	-8.98393048809974	1
X2465347	-56.0348505527391	1.58593244794632	-44.7590711029491	-12.8617118977362	1
X2456107	8.10616698134381	-1.20735082012356	10.8565243903759	-1.54300658890843	1
X2448756	-57.6077326525508	0.389037831258444	-58.4960464902319	0.49927600642248	1
X2451052	-93.374414226259	2.65714516795531	-90.9673057035235	-5.06425369069098	1
X2416642	-12.3664895103841	-0.369173128249941	-7.24568080077699	-4.75163558135723	1
X2470927	-18.5134181308558	2.65714516795531	-24.0508066887852	2.88024338997413	1
X2421571	-21.433126644064	-0.369173128249941	-20.9962027106675	-0.0677508051464923	1
X2472851	-56.1940933587283	0.529528209163317	-48.065112991644	-8.65850857624762	1
X2470824	-43.2990797328474	1.58593244794632	-49.7464972613956	4.86148508060191	1
X2457385	64.5783614160457	-0.000404953301893357	62.0967095476256	2.48205682172202	1
X2393339	-37.6224880057361	0.529528209163317	-30.4760785728	-7.6759376420995	1
X2465123	73.2514351242441	0.625476664111382	71.7712848462553	0.85467361387733	1
X2457745	-88.6562169777865	-0.369173128249941	-84.3130254279427	-3.97401842159399	1
X2487736	-66.9390564652846	0.529528209163317	-55.7819136824772	-11.6866709919709	1
X2485771	-5.27001895586606	0.625476664111382	-2.25909573327849	-3.63639988669892	1
X2452780	-21.2477897784896	-0.369173128249941	-15.7882730210094	-5.09034362923029	1
X2469013	-32.4385599115468	0.803391185917602	-26.9499322139938	-6.29201888347076	1
X2465578	12.4708919383153	2.65714516795531	7.78739299856077	2.02635377179929	1
X2464992	26.6200205427655	-0.0424858883418952	36.6007879239639	-9.93828149285646	1
X2470897	24.8747270660592	1.58593244794632	28.7734265755084	-5.48463195739569	1
X2458757	54.7075486496646	-0.0424858883418952	52.9009872081252	1.84904732988133	1
X2463573	-28.2744003442013	-0.369173128249941	-17.7010388611474	-10.2041883548039	1
X2488115	-20.0047458335841	1.58593244794632	-12.3364188559296	-9.25425942560084	1
X2453639	34.3013113925476	-1.50053561574221	38.8974533492579	-3.09560634096812	1
X2426878	6.63560495278996	-0.00519314456109285	7.84601188512655	-1.20521378777545	1
X2456173	1.9432516239988	-1.20735082012356	2.4558129801714	0.694789463950975	1
X2464872	1.68556623125302	-1.63148406989142	-0.440347214947519	3.75739751609196	1
X2459585	24.9417490899358	-0.0424858883418952	7.87115013659683	17.1130848416808	1
X2467545	-37.6866785673501	1.58593244794632	-30.4088115799981	-8.86379943529797	1
X2448330	3.55589749482874	2.22263655222362	12.5248394842041	-11.1915785415991	1
X2482957	-49.74486110135	1.8619775101658	-49.2297444089744	-2.37709420254149	1
X2448345	-8.69681534478211	0.625476664111382	-9.86063762965237	0.538345620758825	1
X2466213	-28.5947468956073	1.58593244794632	-22.0603767947906	-8.12030254876303	1
X2450138	-25.9417478249879	0.625476664111382	-22.0742458915312	-4.49297859756817	1
X2414279	-33.5753687179167	-0.0424858883418952	-24.6255335653981	-8.90734926417676	1
X2470896	-4.62910946988138	0.529528209163317	5.7553140395886	-10.9139517186333	1
X2456231	48.0208409494072	1.58593244794632	52.2583072538988	-5.8233987524378	1
X2471370	-19.5515370621508	1.58593244794632	-19.8580451499407	-1.27942436015633	1
X2423649	8.65964864163086	-0.0424858883418952	11.0574846699242	-2.35535013995148	1
X2393469	-4.41535009927293	-0.0424858883418952	1.25525170247609	-5.62811591340714	1
X2463165	-1.61211904058499	1.58593244794632	-3.12491164483769	-0.0731398436936552	1
X2425084	-17.8325114660206	0.529528209163317	-5.92221145634548	-12.4398282188384	1
X2467491	16.9693989565589	1.58593244794632	17.7147066336029	-2.33124012499035	1
X2448626	7.8498030200288	0.625476664111382	3.39591451505256	3.82841184086479	1
X2416561	-49.2449620468158	-1.61967673554153	-46.990412821051	-0.634872490223486	1
X2448424	-8.77498171324275	-0.0424858883418952	-11.5410601192842	2.80856429438332	1
X2471328	0.558286929858696	1.58593244794632	0.119363142268572	-1.14700866035616	1
X2456546	24.7087135303889	1.58593244794632	24.2490120871733	-1.12623100473066	1
X2467393	-6.747996790278	2.65714516795531	-5.05898239626351	-4.34615956196978	1
X2476005	-62.3917180716137	0.529528209163317	-48.5927094056151	-14.3285368751621	1
X2458286	36.5303770428777	-1.63148406989142	46.4971227001129	-8.33526158734408	1
X2421124	-4.73684358560739	0.529528209163317	3.75138646444394	-9.01775825921461	1
X2454250	-40.5899392885829	-0.207418140477097	-29.8879873826909	-10.4945337654149	1
X2483091	-26.6483080933634	0.625476664111382	-25.237885202623	-2.03589955485213	1
X2448668	12.1466981941557	0.625476664111382	9.83880448856636	1.68241704147792	1
X2484243	-19.136393547553	-0.369173128249941	-19.32741100446	0.56019058515699	1
X2397468	-61.9333173840405	1.53319719326082	-70.0351461701228	6.56863159282141	1
X2470826	-24.4154410455272	1.58593244794632	-22.6913653616518	-3.31000813182168	1
X2469224	-27.0037191469693	1.53319719326082	-25.2592042342436	-3.27771210598663	1
X2448375	-65.1239402833182	1.58593244794632	-50.7326729137158	-15.9771998175485	1
X2456730	-11.0304467958852	0.389037831258444	-12.7058515765699	1.28636694942625	1
X2451690	-23.7366049805153	-0.0424858883418952	-25.7555212043915	2.06140211221824	1
X2479870	-7.07779517531955	-0.0424858883418952	8.62860319849989	-15.6639124854775	1
X2451602	-119.41797697395	0.529528209163317	-104.700847102931	-15.246658080183	1
X2462478	-12.3358159592161	-0.0424858883418952	-9.98167626150994	-2.3116538093642	1
X2480889	-4.11987960795034	-0.369173128249941	-0.697086000159187	-3.0536204795412	1
X2458511	49.4858698883494	-1.20735082012356	45.2976458179982	5.3955748904747	1
X2470722	10.4191301493953	-1.20735082012356	13.2006817088412	-1.57420073932236	1
X2469540	-10.055434374197	2.65714516795531	-13.5667589079367	0.854179365784479	1
X2465323	-17.9770254926091	-0.369173128249941	-8.53337050832148	-9.07448185603768	1
X2482903	-42.7924984673298	1.35863712053788	-34.0139193175083	-10.1372162703593	1
X2439674	48.4730880018934	-0.369173128249941	40.0817240999234	8.76053703022005	1
X2486392	37.2574458635695	0.625476664111382	45.375325154884	-8.74335595542606	1
X2467690	-2.14233919358571	-0.00519314456109285	-6.38570576134402	4.24855971231926	1
X2457994	-57.80262589098	0.529528209163317	-51.4631449376168	-6.86900916252652	1
X2437865	-44.9638428395081	1.58593244794632	-45.0697700810473	-1.48000520640713	1
X2455564	-17.4790991897941	-0.782378152032634	-7.84235678337281	-8.85436425438874	1
X2458075	-26.4464385578949	-0.207418140477097	-20.1655322994748	-6.07348811794294	1
X2459068	-10.7748367636723	-0.0424858883418952	-9.73445137863971	-0.997899496690779	1
X2467104	5.83312826076049	1.58593244794632	5.81708409011805	-1.56988827730405	1
X2462296	-29.2126585094579	-0.0424858883418952	-30.1039004764662	0.93372785535013	1
X2486865	-52.8510625552393	0.1896600855245	-59.0939290954549	6.05320645469106	1
X2484693	-32.4466464094835	-0.369173128249941	-23.0292251819191	-9.04824809931437	1
X2416500	10.312971524525	-1.61967673554153	7.71694990083556	4.21569835923088	1
X2440529	-39.2665461316156	-0.00519314456109285	-36.0301589178023	-3.23119406925203	1
X2486370	-1.89443044285709	0.648634198598179	12.0928766200364	-14.6359412614917	1
X2442168	-38.9148934989702	1.53319719326082	-36.8829385567523	-3.5651521354787	1
X2417773	5.27517217359883	-1.63148406989142	10.5515990458527	-3.64494280236248	1
X2422162	0.0561367756097191	0.529528209163317	6.70350196261868	-7.1768933961723	1
X2472906	17.7160526056723	-1.31409298643443	14.8023289300644	4.22781666204252	1
X2454742	21.6850632473733	-0.367986688203575	24.9056748455504	-2.85262490997359	1
X2467565	17.0903667353365	-0.0424858883418952	18.2256860794507	-1.09283345577224	1
X2459061	22.9100136095395	-0.0424858883418952	13.7613299455434	9.19116955233805	1
X2457532	26.0393673918748	1.58593244794632	32.6236794697743	-8.17024452584597	1
X2416588	23.649771410619	1.53319719326082	22.2898035095501	-0.173229292192008	1
X2488195	31.7169573176533	-0.0424858883418952	38.1294648241549	-6.37002161815959	1
X2484061	-3.58646732372467	-0.0424858883418952	5.94097695222396	-9.48495838760677	1
X2422749	-40.3946617427403	0.529528209163317	-28.1051107498407	-12.8190792020629	1
X2457574	-43.5386199970509	0.529528209163317	-31.2355864863477	-12.8325617198666	1
X2421311	-97.9538179264592	1.58593244794632	-93.9908523845124	-5.54889798989345	1
X2455757	-46.9336204574473	1.58593244794632	-44.1668177547669	-4.35273515062675	1
X2458391	14.3305695621534	-1.20735082012356	25.3211723037835	-9.78325192150654	1
X2159932	46.627923540189	1.89723560741678	31.6999191985646	13.0307687342078	1
X2237267	15.1265686427696	1.35863712053788	21.4051561607532	-7.63722463852147	1
X2245184	59.4674510757237	1.01602187588214	57.1701072756166	1.281321924225	1
X2237842	19.4268147162919	3.25238393361037	4.27071492810918	11.9037158545723	1
X2222895	7.83025279679053	-0.860349567513169	4.24799941997706	4.44260294432665	1
X2244898	97.234683549343	1.3537431718618	92.4897885634507	3.39115181403058	1
X2223077	12.2062215854041	1.01602187588214	9.45689796651625	1.73330174300566	1
X2193660	-49.5271578716669	-0.860349567513169	-36.2020232431393	-12.4647850610145	1
X2237245	-32.0980866373471	-0.860349567513169	-29.3948099913094	-1.84292707852455	1
X2244935	5.14921300194795	1.23665208427599	9.24510187826719	-5.33254096059523	1
X2267362	27.8409019187205	-3.04372053373659	26.9561301271583	3.92849232529884	1
X2265741	23.879570114811	-1.86032996994838	19.5951852583507	6.14471482640861	1
X2347756	31.1016457299738	-0.367986688203575	42.361511212249	-10.8918787940716	1
X2293107	52.6568423903551	-0.839455044781032	48.9996300031694	4.49666743196659	1
X2350325	-47.6936928967673	1.3537431718618	-53.6984477911664	4.65101172253732	1
X2337933	59.9947492987867	-1.86032996994838	53.9760070692851	7.87907219944991	1
X2352831	24.4917293041891	-0.860349567513169	14.014417959547	11.3376609121553	1
X2301320	53.4416019884602	-1.86032996994838	37.132563692674	18.1693682657344	1
X2337967	18.9208143796632	1.01602187588214	16.7590315223942	1.14576098138696	1
X2274529	37.4155193338998	-0.860349567513169	39.6804510641486	-1.40458216273546	1
X2274059	53.7513179578703	-1.86032996994838	51.4259104561394	4.18573747167932	1
X2315885	-1.56418414318604	-1.86032996994838	-12.2717746920293	12.5679205187916	1
X2328354	64.3709521085328	-1.86032996994838	68.1129828820857	-1.88170080360423	1
X2317170	30.333285445723	-1.31409298643443	29.4900520102913	2.15732642186623	1
X2352862	10.2279474019512	-0.860349567513169	4.99604676848746	6.09225020097685	1
X2352287	-11.9197591568735	-0.369173128249941	-18.7294230434133	7.17883701478974	1
X2343972	-39.4378952763282	-0.860349567513169	-38.6729920199103	0.0954463110952255	1
X2346233	24.0593972090662	-1.31409298643443	23.8564817683569	1.51700842714362	1
X2341565	35.6463073527608	-0.860349567513169	25.8096763805713	10.6969805397026	1
X2289397	3.78782098831803	-1.1436638859368	0.0134764006569235	4.91800847359783	1
X2354843	-22.270995919762	-0.369173128249941	-24.1478134530911	2.24599066157904	1
X2270112	58.2036472690846	1.8619775101658	45.6529752848137	10.688694474105	1
X2265581	-28.0789014574191	-0.839455044781032	-13.875215284582	-13.3642311280561	1
X2343700	41.9581998581407	-1.86032996994838	45.9941757160773	-2.17564588798813	1
X2264637	24.5119261148771	-3.04372053373659	27.5167191088652	0.0389275397484519	1
X2306356	27.5532620609871	1.3537431718618	19.235961458119	6.96355743100618	1
X2294649	-26.4300488637029	-1.86032996994838	-25.0074845061259	0.437765612371207	1
X2304820	55.639314548504	-0.860349567513169	53.3935606074946	3.10610350852248	1
X2311251	82.200528554863	-1.86032996994838	79.3206183595812	4.74024016523027	1
X2350279	44.2879957848616	-1.86032996994838	45.339923195747	0.808402559062929	1
X2336374	39.960213401225	1.01602187588214	36.099863360972	2.84432816437071	1
X2348003	-5.87283568984958	-1.31409298643443	-7.70102159640331	3.14227889298812	1
X2345537	-37.829929447398	-0.860349567513169	-33.3310153625323	-3.63856451735258	1
X2298245	72.8981142211885	-1.86032996994838	75.0995535179178	-0.341109326781152	1
X2356293	34.0162636992819	-0.860349567513169	30.4716907063893	4.40492256040561	1
X2323942	-2.54749631722152	0.803391185917602	-13.1423414956236	9.79145399248441	1
X2343906	-36.3282913544788	-0.860349567513169	-39.7306688482496	4.26272706128404	1
X2325397	-49.9145371688493	-1.86032996994838	-50.8403600903139	2.78615289141298	1
X2318127	35.9912821446272	-0.00519314456109285	34.7162113135961	1.28026397559233	1
X2328085	-21.7540038665677	-1.1436638859368	-32.7846508527337	12.1743108721027	1
X2347644	94.3018170219689	-1.31409298643443	90.5225851871152	5.09332482128849	1
X2264863	33.9836765330221	-0.369173128249941	27.3928348558317	6.96001480544036	1
X2307669	30.8422146938319	-0.369173128249941	21.7424873815136	9.46890044056829	1
X2315341	53.6960584150913	1.01602187588214	47.336703101047	5.34333343816221	1
X2315600	-37.6763379693395	-1.86032996994838	-37.1952795024111	1.37927150301994	1
X2372186	21.4874826977281	-0.0424858883418952	30.6588138296841	-9.1288452436141	1
X2325951	38.3511764252647	1.35863712053788	48.9855992318118	-11.993059927085	1
X2306113	-66.5644526264	-0.860349567513169	-63.7970509485041	-1.90705211038257	1
X2328691	18.0061086260638	0.212504870241152	16.7314618595646	1.06214189625814	1
X2315267	-7.47334267150456	-1.86032996994838	-7.48780321001472	1.87479050845851	1
X2514948	60.3255661356527	1.01602187588214	60.8700625992729	-1.5605183395023	1
X2505943	-4.37908664003594	-1.31970987118089	-12.5825204164918	9.52314364763673	1
X2521930	5.54707733774659	-1.31970987118089	-6.17811682779309	13.0449040367205	1
X2491964	19.4147378179386	-1.1436638859368	9.64410095462277	10.9143007492527	1
X2526921	3.93305816767565	-0.860349567513169	0.0784600980355332	4.71494763715327	1
X2511248	41.2601997972556	-1.31409298643443	40.197189194975	2.37710358871499	1
X2503827	34.3055879688991	1.3537431718618	20.7308840363213	12.220960760716	1
X2513312	-43.4979881486301	-0.839455044781032	-41.2707421079885	-1.38779099586038	1
X2515045	25.313281560879	-1.86032996994838	29.2105804229988	-2.03696889217151	1
X2493916	11.5019478565056	-1.86032996994838	-0.950084297586882	14.312362124041	1
X2490546	11.7282118426745	1.01602187588214	7.78636454011059	2.92582542668176	1
X2598486	0.602050917108855	-0.860349567513169	1.91588514833776	-0.453484663715892	1
X2510864	7.27060737984824	1.62739778656857	-1.9042515328259	7.54746112610554	1
X2600553	-14.128282474355	-1.86032996994838	-25.2845908052662	13.0166383008596	1
X2490080	28.7019988379309	-1.86032996994838	25.1293462752094	5.43298253266981	1
X2493575	20.0999075973066	1.01602187588214	22.2395080158652	-3.15562229444076	1
X2525000	-19.8161185979663	-1.31970987118089	-28.4011619112447	9.90475318445939	1
X2503401	44.8985112791354	-1.31409298643443	42.2272910077301	3.98531325783992	1
X2511229	20.9721619161891	-1.31409298643443	30.7794557891925	-8.49320088656896	1
X2597974	57.6769677235908	1.01602187588214	47.8778105507305	8.78313529697834	1
X2511009	-3.37631931120855	-0.369173128249941	5.78252703913651	-8.7896732220951	1
X2597976	47.383881179489	-1.86032996994838	33.5585121243913	15.6856990250463	1
X2500825	23.1571655863128	-0.860349567513169	25.8773143469731	-1.85979919314707	1
X2598179	21.0173935754385	1.01602187588214	10.7021256654361	9.29924603412031	1
X2597984	2.76561851965355	-1.86032996994838	3.60899462089921	1.01695386870281	1
X2588432	11.783574652618	1.62739778656857	-10.360854604948	20.5170314709973	1
X2507694	-7.29143200961866	-1.86032996994838	-3.59630291183378	-1.83479912783655	1
X2509732	45.0858584454431	-1.31409298643443	56.2531083264618	-9.85315689458427	1
X2510031	52.2032677138499	0.803391185917602	57.6541030309655	-6.25422650303318	1
X2594953	14.8739647167123	-0.0488139914802921	10.9375067913424	3.98527191685012	1
X2563025	-4.2847293142578	-0.599093217698381	17.95873582151	-21.6443719180693	1
X2493980	-28.5263525507515	1.01602187588214	-33.3534435794161	3.81106915278247	1
X2578433	16.2702733290378	-1.31409298643443	14.1408648414878	3.44350147398442	1
X2599342	-25.4794092726841	1.35863712053788	-25.2530074830358	-1.58503891018627	1
X2493221	107.274859404122	-1.86032996994838	110.255984926025	-1.12079555195535	1
X2490423	25.8708776829792	-1.86032996994838	17.9595901615513	9.77161749137636	1
X2574447	-23.6286997403211	-1.1436638859368	-25.1310314573889	2.6459956030046	1
X2509771	18.9722961813734	-1.31409298643443	25.1855781484919	-4.89918898068406	1
X2502571	-2.34657195946644	-0.860349567513169	-2.67866795121951	1.19244555926632	1
X2512200	75.6538631488557	-1.86032996994838	76.4518035037186	1.06238961508544	1
X2526578	3.33556023453132	-0.860349567513169	4.32285132954607	-0.126941527501632	1
X2569585	-30.7317785561234	-1.1436638859368	-33.49096222901	3.90284755882329	1
X2494210	60.0666176870412	1.01602187588214	59.8974494932206	-0.846853682061549	1
X2506920	-61.7099060292488	-0.0488139914802921	-54.6924356567742	-6.96865638099402	1
X2515048	10.8805781898634	-1.86032996994838	0.685109554638823	12.0557986051729	1
X2574064	-20.1627904346872	0.468180923144018	-19.7989823988576	-0.831988958973659	1
X2510897	13.264055597197	-1.1436638859368	8.38439161963692	6.02332786349689	1
X2522819	66.6328863100514	1.01602187588214	62.1451122354789	3.47175219869054	1
X2578249	-4.29278597492532	-0.325645282886065	2.35175484730975	-6.31889553934898	1
X2506047	-74.6189432210082	-1.31970987118089	-69.8886062729868	-3.41062707684072	1
X2519991	78.9258115562486	-1.86032996994838	74.7599767671809	6.02616475901603	1
X2509984	6.00166094782624	-1.31409298643443	6.94678628643956	0.368967647821139	1
X2598075	15.2994171080382	0.803391185917602	12.5642643833802	1.93176153874044	1
X2511533	-5.67015791069434	-1.1436638859368	-12.5707688716929	8.04427484693551	1
X2524827	10.1792344437782	-0.369173128249941	6.30298585005518	4.245421721973	1
X2509254	95.3878653269344	-0.367986688203575	95.0082743425351	0.747577672603107	1
X2503026	-36.0801186359486	-1.1436638859368	-35.6804736525276	0.744018902515714	1
X2507033	19.3659732067967	-0.860349567513169	14.5440647445522	5.68225802975764	1
X2511423	18.8082805447791	1.35863712053788	15.1508311027057	2.29881232153561	1
X2521455	24.0276636582042	-0.860349567513169	24.9498170105172	-0.0618037847997246	1
X2564919	-39.5861264405294	-0.599093217698381	-29.5947784368124	-9.39225478601855	1
X2491570	11.7748779653728	-0.860349567513169	9.93906625971409	2.69616127317192	1
X2583327	-36.5739760093419	0.515836485512574	-40.9688162873031	3.87900379244867	1
X2492692	11.9417456186809	1.35863712053788	18.6938408337439	-8.11073233560087	1
X2502951	29.2130492174104	1.23665208427599	35.6441636049387	-7.66776647180427	1
X2530557	66.491871187328	-0.367986688203575	56.0232802789622	10.8365775965695	1
X2520563	4.38627920870068	-0.860349567513169	-9.11119704623341	14.3578258224473	1
X2514947	10.6053273035724	1.62739778656857	8.94404990067167	0.0338796163321748	1
X2505633	-17.1796073654205	-1.86032996994838	-30.5264122752069	15.2071348797347	1
X2508939	-31.6457065269667	-1.31970987118089	-29.7890475756317	-0.536949080154094	1
X2503931	-23.8778740023114	-1.31970987118089	-17.4849360543483	-5.07322807678229	1
X2490493	53.8333921887174	-1.86032996994838	42.7382401695974	12.9554819890682	1
X2509906	59.6036609207321	-1.31409298643443	61.6151107004254	-0.69735679325888	1
X2509084	-26.0699522937457	0.529528209163317	-15.7021195826807	-10.8973609202283	1
X2515187	20.2981205234597	1.62739778656857	16.3747424816794	2.29598025521178	1
X2503649	-45.6247765916309	-0.860349567513169	-44.1766301001301	-0.587796923987581	1
X2515388	13.0415741096188	-1.86032996994838	18.0545262995669	-3.15262221999976	1
X2491868	34.3775793198314	-1.86032996994838	32.5801666865789	3.6577426032008	1
X2489920	46.6210215599861	-1.86032996994838	52.8682122185411	-4.38686068860642	1
X2505204	22.2146680436485	-0.860349567513169	25.7349677784844	-2.65995016732272	1
X2507645	8.32753346758629	-1.86032996994838	2.05731024115484	8.13055319637985	1
X2493517	-8.56155918640604	1.62739778656857	-22.572872243671	12.3839152706963	1
X2574232	-27.1829119781755	-1.39363019221282	-30.602126152596	4.81284436663343	1
X2510834	11.6581362307642	2.1994532454436	-1.51740535544089	10.9760883407615	1
X2586823	-6.89641624257251	-0.0488139914802921	-12.7709446091469	5.92334235805464	1
X2511492	40.9029561872173	1.35863712053788	49.498506149816	-9.95418708313659	1
X2503356	12.9123641210537	-1.31409298643443	2.79356130592145	11.4328958015668	1
X2510979	-58.126913934333	-0.369173128249941	-60.1592572188547	2.40151641277155	1
X2512219	14.9208657326117	-0.367986688203575	13.9191821448558	1.36967027595952	1
X2490033	-26.9465908801038	0.515836485512574	-29.2693397721355	1.8069124065192	1
X2490056	2.24881415820684	-1.86032996994838	-2.06873792333029	6.17788205148553	1
X2515700	16.1164226316404	-1.86032996994838	24.3012555321439	-6.32450293055502	1
X2503733	-42.0671570113706	-0.860349567513169	-37.0385820168779	-4.16822542697946	1
X2511236	-7.95002512851858	-1.31409298643443	-13.1178799749796	6.4819478328956	1
X2503480	-9.94625340054626	-0.860349567513169	-3.85059315479384	-5.23531067823929	1
X2493531	-11.1491200497543	1.62739778656857	-16.3381950724578	3.56167723613501	1
X2504906	-15.8980738434274	-0.860349567513169	-8.00847630274646	-7.02924797316769	1
X2490693	60.6473982541165	1.35863712053788	56.894202591484	2.39455854209474	1
X2503862	29.5638656820168	-0.860349567513169	33.3087212955732	-2.88450604604321	1
X2514325	75.752213401326	1.3537431718618	61.3332973599138	13.0651728695508	1
X2567227	47.46162770926	1.62739778656857	40.1501221764983	5.68410774619295	1
X2526556	-8.38885837624114	-1.1436638859368	1.71948648689915	-8.96468097720349	1
X2490116	22.66856970367	-1.86032996994838	18.192803179186	6.33609649443242	1
X2598146	13.7152060225078	1.01602187588214	5.70894193148973	6.99024221513589	1
X2598080	64.1450034452807	2.61567982933307	40.8108877827794	20.7184358331681	1
X2598421	-8.6163652228844	-0.0488139914802921	-10.88544176528	2.31789053387586	1
X2585271	72.5441951546356	-0.0488139914802921	67.1154925138783	5.4775166322375	1
X2528534	127.439734485351	1.3537431718618	115.320155888323	10.7658354251669	1
X2490183	17.9126123768608	1.01602187588214	15.8834442400861	1.01314626089259	1
X2537184	-1.72648902037783	-0.0488139914802921	-1.56831164736672	-0.109363381530844	1
X2499448	104.716136777201	1.3537431718618	94.6313471452944	8.73104646004517	1
X2600338	-2.52596991511784	0.1896600855245	4.91232574690942	-7.62795574755183	1
X2598011	-17.1099960147872	3.25238393361037	-24.2512181345629	3.88883818616533	1
X2573912	-3.11661178767825	-0.0488139914802921	-2.86237241545327	-0.20542538074462	1
X2523571	15.5870382940547	-1.86032996994838	11.4321520632177	6.01521620078537	1
X2503691	-11.254531843806	-0.860349567513169	-4.62612679531277	-5.76805548098001	1
X2583360	-21.1710929141498	-1.86032996994838	-22.7671711735244	3.45640822932293	1
X2501791	9.09078666299438	-0.470788234355462	13.5752361302421	-4.01366123289225	1
X2598653	31.8205918100592	-0.860349567513169	24.3462275716377	8.33471380593471	1
X2491962	1.13336342896618	0.515836485512574	1.57270967970918	-0.955182736255565	1
X2493522	74.9346505546726	1.01602187588214	71.9677754285238	1.95085325026642	1
X2503358	42.7972780151909	-1.31409298643443	42.2730228150575	1.83834818656779	1
X2507611	14.9834294207014	-1.31409298643443	4.91159793758225	11.3859244695537	1
X2598590	-49.4286442589328	-0.860349567513169	-47.7970217622325	-0.77127292918693	1
X2598615	16.8914246976645	-1.86032996994838	7.4520553859523	11.2996992816607	1
X2523235	-48.5914441429619	-1.86032996994838	-56.3151849046971	9.58407073168388	1
X2573977	-47.2940142681964	-0.0488139914802921	-45.4278114809416	-1.81738879577464	1
X2490782	-20.6158771184002	1.62739778656857	-32.7687711319216	10.525496226953	1
X2578165	-33.4249333955485	-0.528683642809752	-41.6003352575111	8.70408550477236	1
X2503694	-52.0378806967125	-0.860349567513169	-55.5597848200279	4.3822536908285	1
X2570858	48.7073321386279	-0.599093217698381	52.8189988985393	-3.51257354221307	1
X2511076	51.8238798876602	-1.1436638859368	45.3717186521861	7.59582512141094	1
X2492641	-12.4249067639764	1.62739778656857	-23.2922577458191	9.23995319527392	1
X2507389	-40.3165806629645	-0.860349567513169	-37.4042341500445	-2.05199694540672	1
X2515575	57.9964619530485	1.01602187588214	58.5261558395831	-1.54571576241663	1
X2515301	1.0643612688426	-0.367986688203575	5.85192436796556	-4.41957641091938	1
X2511964	-12.936833663447	-0.860349567513169	-15.3756773627851	3.29919326685138	1
X2512808	25.7296048080872	-1.86032996994838	24.3788831801495	3.21105159788637	1
X2492004	34.838659974171	1.62739778656857	26.1223264735582	7.08893571404421	1
X2508686	36.881197753061	0.501063738576992	21.2832580794453	15.0968759350386	1
X2509238	14.0892143590777	-0.367986688203575	5.28698997797079	9.17021106931051	1
X2597868	20.2754001460285	1.62739778656857	-1.18397409926656	19.8319764587265	1
X2510322	25.2384337499884	-0.00519314456109285	14.793958043653	10.4496688508966	1
X2509582	29.7379423133122	-1.31409298643443	36.0057255529174	-4.95369025317094	1
X2511290	-42.636486839637	-1.31409298643443	-43.7019140700379	2.37952021683541	1
X2588591	-34.0098615266223	0.515836485512574	-33.3947652193171	-1.13093279281763	1
X2591885	-38.1017023752883	0.1896600855245	-30.7941563947006	-7.49720606611224	1
X2509147	7.5837713645931	-1.31409298643443	14.1452976447861	-5.24743329375836	1
X2518193	48.9211741136288	-0.860349567513169	53.6676500853448	-3.88612640420269	1
X2509031	-14.8900533281383	-1.86032996994838	-16.782945710426	3.75322235223619	1
X2507092	2.37985210160795	-1.86032996994838	-10.444227348222	14.6844094197784	1
X2526971	52.372519712398	-0.860349567513169	49.4602734364862	3.77259584342538	1
X2515006	37.4639929904985	-1.86032996994838	43.3912414472837	-4.06691848683681	1
X2565383	76.0669018122038	-0.369173128249941	71.3444505315452	5.09162440890858	1
X2528690	126.569952482985	0.501063738576992	124.716071906657	1.35281683775129	1
X2580052	36.871214062365	1.62739778656857	24.8750329328791	10.3687833429175	1
X2491638	-32.2079286488109	-0.860349567513169	-31.0648942931001	-0.282684788197614	1
X2515401	48.7624279097834	-1.86032996994838	44.3257361356146	6.29702174411716	1
X2492070	-58.2592851476109	0.515836485512574	-55.8938973822099	-2.88122425091369	1
X2507891	88.8055779657027	0.166958487275432	89.0553647996896	-0.416745321262071	1
X2521406	-14.1367370479233	-0.599093217698381	-19.1010159327876	5.56337210256266	1
X2504872	-42.4964747098396	-0.860349567513169	-43.0276636867085	1.39153854438205	1
X2489904	25.2872598151152	1.01602187588214	22.5440543883612	1.72718355087179	1
X2493518	34.2897549662298	1.62739778656857	28.7739592042636	3.88839797539769	1
X2597920	59.2617699000738	1.01602187588214	49.8522643353997	8.39348368879197	1
X2503472	-65.1032626316032	-0.860349567513169	-61.1142107155741	-3.12870234851602	1
X2526900	34.1263959986649	-0.0488139914802921	31.7637447993082	2.41146519083705	1
X2521483	-40.4927505422869	-0.860349567513169	-49.5887793075853	9.95637833281163	1
X2503796	-11.3199469745174	-0.860349567513169	-5.83517633440441	-4.62442107259979	1
X2510905	16.0573407465229	1.62739778656857	5.2780867973065	9.1518561626478	1
X2509567	38.2016090372789	-3.04372053373659	28.3546159782833	12.8907135927323	1
X2580523	33.5312190897755	1.35863712053788	40.4316001146718	-8.25901814543435	1
X2509392	39.4212363009121	-1.31409298643443	20.9824440503572	19.7528852369893	1
X2493665	38.7178086322043	1.01602187588214	33.1342009719617	4.56758578436057	1
X2507072	15.3955782331314	-1.86032996994838	12.6111443483385	4.64476385474118	1
X2505307	-10.718115158475	-0.860349567513169	-9.07544558837194	-0.782320002589796	1
X2507665	1.59708836409142	-1.86032996994838	-0.312735959299758	3.7701542933397	1
X2504114	20.3790465807336	-0.325645282886065	22.7168000785688	-2.01210821494918	1
X2505203	-27.8699841083213	-1.86032996994838	-35.1922823563661	9.18262821799321	1
X2509408	27.5760470083674	-1.31409298643443	21.391693746379	7.49844624842267	1
X2515344	33.2240980004553	-1.86032996994838	32.2530240483345	2.83140392206927	1
X2522816	42.6078389521182	-1.86032996994838	36.7888390871606	7.67932983490571	1
X2509554	25.9712151853744	-1.31409298643443	41.7151423626834	-14.4298341908745	1
X2513989	105.118024623743	-1.31409298643443	97.0940213672952	9.33809624288214	1
X2511710	-53.8150070905204	-1.22082701263876	-46.7081948904905	-5.88598518739118	1
X2509415	16.1340805149988	-0.599093217698381	3.96528348577681	12.7678902469203	1
X2507287	-5.4606473764535	0.515836485512574	-0.249732124253061	-5.72675173771308	1
X2578308	-13.9580477352496	-0.860349567513169	-15.2841445460547	2.18644637831828	1
X2503446	75.8169691016838	-1.86032996994838	72.2013539392825	5.47594513234981	1
X2507696	38.2318585068492	-1.31409298643443	34.1250575416857	5.4208939515979	1
X2521092	31.2852646537306	-0.860349567513169	23.3563555656258	8.78925865561796	1
X2507655	19.4545517320961	-1.86032996994838	6.3217023608926	14.9931793411518	1
X2503500	27.6339150076711	-1.86032996994838	27.8857717912937	1.60847318632583	1
X2553792	31.2434772647523	1.62739778656857	16.9248693906928	12.691210087491	1
X2526678	-23.2692921125955	-0.860349567513169	-24.1074549722856	1.69851242720319	1
X2517862	-29.2678613086794	-3.04372053373659	-30.4768094973847	4.25266872244196	1
X2549313	-15.478655491567	-2.42337757359956	2.94680651824367	-16.0020844362111	1
X2527079	10.5447416763523	0.515836485512574	11.3550514182317	-1.32614622739196	1
X2527250	1.66384785876983	-1.31970987118089	1.9507164941722	1.03284123577856	1
X2515542	26.8518819067895	1.01602187588214	28.7877626427081	-2.95190261180066	1
X2493584	33.8897757839201	1.01602187588214	29.5513150696719	3.32243883836633	1
X2507700	-28.3261590111088	-1.86032996994838	-34.2358734232971	7.77004438213653	1
X2490065	-23.2489277012469	-1.86032996994838	-27.4484983893315	6.05990065803299	1
X2540704	22.0395323971712	0.503449811874073	25.7012800045107	-4.16519741921349	1
X2525050	-22.6628665417474	-0.860349567513169	-24.2462384437397	2.44372146950558	1
X2508872	8.77065600475824	-0.369173128249941	8.60259563582972	0.537233497178447	1
X2509264	2.97075265160417	-1.31409298643443	-7.78503953800721	12.0698851760459	1
X2511431	79.960211312443	1.35863712053788	79.1660799847778	-0.564505792872346	1
X2540840	72.8587998618156	-1.22082701263876	73.4193060314586	0.660320842995591	1
X2520519	30.3642223576653	-0.325645282886065	22.4780614367723	8.21180620377914	1
X2580092	57.1424731835382	1.62739778656857	45.7951880808638	9.71988731610574	1
X2598687	37.9137696195271	-1.86032996994838	21.3385093306429	18.4355902588326	1
X2514163	33.6809336680588	-1.31409298643443	25.8480020560171	9.14702459847609	1
X2522909	43.9687424766458	1.01602187588214	41.5834757446763	1.36924485608729	1
X2513353	11.1166274485902	-3.04372053373659	16.0817357584398	-1.92138777611289	1
X2504978	-14.1498576339579	-0.470788234355462	-16.1709740420379	2.49190464243556	1
X2509746	3.42674221526375	-0.369173128249941	4.41345161494089	-0.617536271427214	1
X2515732	90.4475590386932	3.25238393361037	80.5807736293515	6.61440147573166	1
X2597746	-16.5079654293462	1.62739778656857	-13.2752886731175	-4.86007454279733	1
X2503780	-26.5292024168935	-0.860349567513169	-24.1275087257045	-1.54134412367582	1
X2490313	-40.566671024258	-0.860349567513169	-40.5823848309508	0.876063374206096	1
X2512013	-38.5053353109158	-0.860349567513169	-34.8626023610213	-2.78238338238131	1
X2511203	-49.1348584430563	2.1994532454436	-58.6696628467304	7.3353511582302	1
X2597754	26.1123511678301	1.01602187588214	11.2905273974186	13.8058018945294	1
X2511211	38.0877730206634	-1.31409298643443	31.3082528667292	8.09361314036848	1
X2503803	-43.6153095707844	-0.860349567513169	-43.5477160373108	0.792756034039577	1
X2505940	-26.1609002976552	-0.860349567513169	-25.3041155336915	0.0035648035495095	1
X2507305	-5.95223871714332	0.515836485512574	-4.18510807088415	-2.28296713177174	1
X2523755	45.0684686700571	1.23665208427599	39.0653056264148	4.76651095936627	1
X2509285	50.2727713858103	-1.31409298643443	54.9051413791974	-3.31827700695267	1
X2490123	24.6666586743202	-1.86032996994838	19.9914516451002	6.53553699916841	1
X2598767	25.8832775032075	0.803391185917602	36.5540663450227	-11.4741800277328	1
X2586973	-31.338650480541	-0.860349567513169	-39.8704148535175	9.3921139404898	1
X2519145	66.6214165431874	1.62739778656857	54.3129882894146	10.681030467204	1
X2571755	-7.69820596626629	-0.367986688203575	4.63666151804283	-11.9668807961055	1
X2490477	6.26024125806256	0.515836485512574	7.75270931137197	-2.00830453882197	1
X2519981	46.954785665229	1.3537431718618	46.2003331615403	-0.599290668173006	1
X2519173	95.6757557647854	1.01602187588214	88.0205250362291	6.63920885267408	1
X2522882	8.23984586184331	1.01602187588214	-0.523811394919262	7.74763538088043	1
X2526880	23.5831881283186	0.515836485512574	27.2547731819266	-4.18742153912053	1
X2597860	3.90856859154688	-0.0488139914802921	5.49092442254827	-1.53354183952108	1
X2567404	-28.2709351100884	-1.31970987118089	-27.3807333370618	0.429508098154305	1
X2530583	40.3305465441646	0.468180923144018	39.3786161169021	0.483749504118416	1
X2520947	32.4484832216753	-0.860349567513169	23.334536142847	9.9742966463415	1
X2490672	46.7968472145419	1.01602187588214	41.2633131605928	4.517512178067	1
X2491175	14.8090225402093	1.01602187588214	6.06295590424894	7.7300447600782	1
X2505863	12.9582272309597	-0.860349567513169	14.6934781942981	-0.874901395825153	1
X2594996	-0.408078380636926	0.515836485512574	-1.03738664918212	0.113471783032594	1
X2570452	66.4925334825522	-1.86032996994838	65.9713401733853	2.38152327911538	1
X2525166	47.8511926960138	-0.369173128249941	41.6228072615038	6.59755856275991	1
X2599315	2.90307748171956	-1.31409298643443	4.34120253240434	-0.124032064250359	1
X2503893	83.1797593682077	-1.86032996994838	78.2248627556787	6.81522658247766	1
X2526930	-62.8038750981952	-0.860349567513169	-62.0193630669597	0.0758375362774779	1
X2528444	78.9708304373273	0.166958487275432	71.5580551942455	7.24581675580643	1
X2509015	-5.27453896810603	-1.31409298643443	-0.951522457844975	-3.0089235238267	1
X2502523	-16.4182860939212	-0.860349567513169	-15.7764333403637	0.218496813955756	1
X2490100	27.3135386820564	-1.86032996994838	23.8285629964898	5.34530565551515	1
X2597803	31.6304308103337	1.62739778656857	16.7667660879542	13.236266935811	1
X2515067	-23.3384598266938	-0.860349567513169	-27.5866641664966	5.10855390731604	1
X2590624	11.816224854083	-0.871210540777394	13.7541444188646	-1.06670902400421	1
X2517670	32.0879952354548	-0.860349567513169	27.7754477714541	5.1728970315137	1
X2510889	-38.4366791833896	-1.1436638859368	-52.2770612956319	14.9840459981791	1
X2503590	29.1107560203913	-0.860349567513169	25.1265171240592	4.84458846384534	1
X2523192	-51.0230143456075	-0.369173128249941	-69.1179002898327	18.4640590724753	1
X2530880	82.647593737501	-1.31409298643443	74.427162333567	9.53452439036857	1
X2510924	-12.8225429049219	-0.369173128249941	-7.56266228311103	-4.890707493561	1
X2598285	18.6404539968765	1.62739778656857	14.1460792147404	2.8669769955676	1
X2522846	-21.1040337088096	-1.1436638859368	-18.0949047635892	-1.86546505928356	1
X2503316	42.7388660533591	-1.86032996994838	32.0535294119718	12.5456666113359	1
X2503902	30.0663913403087	1.3537431718618	26.1945223155063	2.51812585294056	1
X2509138	5.39565378031975	-1.31409298643443	2.82504840681823	3.88469835993596	1
X2517576	32.336785775192	-1.31970987118089	38.5533371940542	-4.89684154768121	1
X2521181	-26.1681837348841	-0.860349567513169	-33.008092591303	7.70025842393187	1
X2578456	5.04110911674669	-0.369173128249941	5.67363237009855	-0.263350125101906	1
X2514950	38.0333964630226	-1.1436638859368	43.2200055448256	-4.0429451958662	1
X2599612	-44.7539872384956	-1.31970987118089	-31.7387378389077	-11.6955395284069	1
X2492635	34.5330790156878	1.62739778656857	22.0011814587251	10.9044997703942	1
X2522836	8.14615859440974	-1.1436638859368	8.21101890697917	1.07880357336737	1
X2505310	-11.2703742477633	-0.369173128249941	-15.8402276726803	4.93902655316696	1
X2569540	-9.93073340623316	-0.51672731648797	-10.2192332378307	0.805227148085558	1
X2595706	-12.875230363076	1.63512705321979	-19.1452874352785	4.63493001898286	1
X2493668	-37.4126103550125	0.515836485512574	-41.4329953403784	3.50454849985343	1
X2511970	51.2026282552959	-1.86032996994838	51.9061500872591	1.15680813798516	1
X2506830	-16.7099453873025	-1.31970987118089	-9.1014792993962	-6.28875621672541	1
X2490230	65.930593388985	-1.86032996994838	59.8969196845278	7.89400367440566	1
X2510839	50.9424299881714	1.01602187588214	52.8230460753846	-2.8966379630955	1
X2510918	-30.2502236628639	-0.369173128249941	-25.210859474307	-4.67019106030698	1
X2600052	-48.5893159017244	-1.1436638859368	-43.3968300974805	-4.04882191830717	1
X2510910	24.4748317163435	1.35863712053788	23.3267543407641	-0.210559744958575	1
X2521126	10.503234995178	-0.860349567513169	2.75113920913355	8.61244535355765	1
X2522839	41.8327175016777	-0.0488139914802921	35.558987112987	6.32254438017105	1
X2530823	80.5993647988656	0.166958487275432	76.9386766997232	3.49372961186704	1
X2525010	16.8217081115328	-1.31970987118089	5.5094318660641	12.6319861166497	1
X2508815	39.4415909095346	-1.31409298643443	27.0885956863014	13.6670882096674	1
X2491988	-15.4727831638955	1.62739778656857	-27.9217116734069	10.8215307229428	1
X2598965	-12.3538735075641	-1.31970987118089	-1.96089880245271	-9.07326483393038	1
X2598196	55.1271222234106	1.01602187588214	48.4986788607692	5.61242148675917	1
X2567264	-17.5191769635427	2.61567982933307	-35.5191819900795	15.3843251972037	1
X2507780	19.8650450451434	-0.369173128249941	18.6153724962237	1.61884567716968	1
X2512182	65.2258424327902	-1.86032996994838	60.9901040045202	6.09606839821837	1
X2511932	22.4409425508801	-0.860349567513169	19.6629495963278	3.6383425220655	1
X2572309	39.5548588785896	0.166958487275432	42.1233025558203	-2.73540216450629	1
X2510955	-14.7316285296164	-1.31409298643443	-21.0718798732451	7.65434433006304	1
X2598657	51.3671277437267	-1.86032996994838	35.9830458110386	17.2444119026365	1
X2511101	15.4042871506186	-0.599093217698381	12.0838094697164	3.91957089860051	1
X2507100	3.76183942065368	-0.860349567513169	8.80585469032531	-4.18366570215841	1
X2490282	41.1847557524845	-1.86032996994838	41.5990126900447	1.44607303238824	1
X2503772	-8.09883903078896	-0.860349567513169	-10.2439599970833	3.00547053380756	1
X2522057	-32.7482845364167	-1.31970987118089	-37.3557408875323	5.92716622229641	1
X2501284	23.4868660614839	-3.04372053373659	23.9059626130712	2.62462398214933	1
X2598209	25.7052023309153	1.01602187588214	21.6187083855202	3.07047206951297	1
X2597833	18.0134103343495	1.62739778656857	1.86821366239891	14.5177988853821	1
X2502113	-2.18039373145943	-0.470788234355462	1.78376918218456	-3.4933746792885	1
X2493740	31.5966576167926	1.01602187588214	21.6542591698619	8.92637657104861	1
X2572001	-23.7560777257596	-1.1436638859368	-19.6476088331665	-2.96480500665636	1
X2597774	4.43624188187728	-1.31970987118089	7.03258463920346	-1.27663288614529	1
X2524921	14.1765129869786	-1.31970987118089	0.570543640962406	14.9256792171971	1
X2496204	-7.45984470536863	0.268349671538899	2.40635053418976	-10.1345449110972	1
X2526778	3.54331553497459	-0.0488139914802921	4.18927320590483	-0.597143679449953	1
X2503383	19.4155839997276	-1.31409298643443	13.7136908322901	7.01598615387175	1
X2493923	4.10870213363894	1.01602187588214	-2.17446896697166	5.2671492247284	1
X2499060	62.6277457034534	-1.86032996994838	50.3590336159164	14.1290420574853	1
X2509705	21.4447130347804	1.3537431718618	11.6754983088378	8.41547155408084	1
X2515602	-18.854677889457	0.515836485512574	-10.3029553138555	-9.06755906111392	1
X2526532	0.205734390028342	-1.1436638859368	2.82196769739132	-1.47256942142613	1
X2525003	13.713237462035	-1.31970987118089	8.18060561826639	6.85234171494945	1
X2503391	41.5130150300021	-0.860349567513169	39.5016627877928	2.87170180972248	1
X2510526	-6.77979746553369	-0.369173128249941	-11.2637451953327	4.85312085804894	1
X2514270	0.273753616515238	0.86748822603004	-8.80674509080259	8.21301048128772	1
X2491704	33.6101002937362	-1.1436638859368	39.6864126562958	-4.93264847662279	1
X2504454	31.3017879157995	-0.860349567513169	40.004608010799	-7.8424705274863	1
X2499198	37.0078357512666	1.23665208427599	38.0111909373319	-2.24000727034143	1
X2530322	130.117637248365	-1.86032996994838	117.418852099771	14.5591151185427	1
X2572153	15.4929293760541	-1.31409298643443	9.71550844582455	7.0915139166639	1
X2511109	32.4795163201161	-1.31409298643443	33.5837009827444	0.209908323806048	1
X2492361	39.1997352760703	3.25238393361037	42.7765034234149	-6.82915208095504	1
X2511559	6.47535069067282	-1.1436638859368	10.8620648346117	-3.24305025800213	1
X2598916	-3.60754902468423	-1.1436638859368	-8.5632707315285	6.09938559278101	1
X2521569	27.8946461654403	-0.839455044781032	21.6508338084188	7.08326740180248	1
X2515215	-57.173474488362	2.1994532454436	-59.9158122010278	0.542884467222509	1
X2529066	43.5857921667295	0.166958487275432	36.5490660739949	6.86976760545914	1
X2503387	36.8476014232048	-1.86032996994838	27.4348497809934	11.27308161216	1
X2517183	74.7444793683737	-0.369173128249941	59.652836678205	15.4608158184187	1
X2576422	51.6154090169123	-1.31409298643443	40.1575936841548	12.7719083191921	1
X2566413	15.8376439499185	-0.470788234355462	5.84991265758911	10.4585195266848	1
X2509452	-34.676750867738	0.625476664111382	-48.8678330077453	13.565605475896	1
X2490641	83.7720370333662	0.166958487275432	77.1500928133435	6.45498573274749	1
X2493768	20.2605858710258	0.515836485512574	24.8024657514438	-5.05771636593073	1
X2493678	89.8638732393973	1.01602187588214	78.7986136818913	10.0492376816239	1
X2530732	55.6639186105195	0.166958487275432	58.7371230685152	-3.24016294527107	1
X2519870	11.728256945104	-0.860349567513169	4.08932787522959	8.49927863738761	1
X2509556	13.2892300165128	-1.61967673554153	15.2291524801456	-0.32024572809129	1
X2510942	55.2752036918548	-1.86032996994838	42.5725576522988	14.5629760095046	1
X2597830	38.152227621913	-0.0488139914802921	37.7081314198575	0.49291019353579	1
X2510843	46.8560249641788	-1.86032996994838	51.7500833222174	-3.0337283880901	1
X2568885	-41.7154224238808	-1.33007379662473	-41.3239602340795	0.938611606823634	1
X2519486	21.2868045582616	-0.369173128249941	5.61978871905814	16.0361889674534	1
X2570030	13.5240078794766	0.529528209163317	18.2766104036164	-5.28213073330299	1
X2526515	-24.3642065628041	-1.86032996994838	-22.2196157774523	-0.284260815403345	1
X2513864	73.5595431978151	1.3537431718618	68.8979780565158	3.30782196943757	1
X2585748	16.265486284441	0.803391185917602	19.1622173327008	-3.70012223417745	1
X2514317	-29.7774959343759	1.31191286903536	-43.0394732219666	11.9500644185553	1
X2503907	99.7833396623137	0.166958487275432	90.2595857392059	9.35679543583242	1
X2523301	-32.4784133155293	-0.860349567513169	-42.3748806268132	10.7568168787971	1
X2515661	25.9487071779567	-1.86032996994838	24.975884014363	2.83315313354188	1
X2506984	-14.9234211952514	0.515836485512574	-13.3987615965832	-2.04049608418074	1
X2506534	-81.2343175786913	-0.860349567513169	-81.8834233036921	1.5094552925141	1
X2556651	-16.4178998535633	-0.177603438736813	-19.0510173209812	2.81072090615468	1
X2502723	14.2878196013987	1.3537431718618	0.60215722515462	12.3319192043824	1
X2574450	-87.5501139986816	-1.31970987118089	-91.2705022260303	5.04009809852952	1
X2597886	36.4476233597318	1.62739778656857	25.9057191795428	8.91450639362061	1
X2513712	63.0892951030011	-1.86032996994838	70.5325978858046	-5.58297281285517	1
X2511019	33.6956989766819	-0.369173128249941	42.9957625341206	-8.93089042918869	1
X2513814	0.140751776967511	-1.86032996994838	0.688726581309128	1.31235516560678	1
X2599296	-43.4719360879492	0.468180923144018	-35.404503943775	-8.53561306731819	1
X2597875	67.912441708548	1.62739778656857	53.9724670950574	12.312576826922	1
X2493106	42.7418901886731	0.810041608482244	22.3052770685001	19.6265715116908	1
X2567254	-17.0530094350797	0.822329240909647	-26.8246645239954	8.94932584800599	1
X2518131	11.7863034656206	-0.369173128249941	-2.85993943474602	15.0154160286166	1
X2564746	23.0991160703878	-0.0488139914802921	26.4565036040872	-3.30857354221904	1
X2512720	23.9121941121731	-0.325645282886065	26.6261236714542	-2.38828427639512	1
X2514960	-8.25446996339445	-1.1436638859368	-2.75019548134458	-4.36061059611303	1
X2508947	69.9250151970135	1.3537431718618	62.8453192046624	5.72595282048952	1
X2490156	24.1111188836934	1.35863712053788	17.6879874429123	5.06449432024326	1
X2590044	19.1541690752941	-1.1436638859368	19.0961231667827	1.20170979444819	1
X2494274	-6.68399149911762	-1.86032996994838	-4.84333285136772	0.0196713221983771	1
X2515704	37.002570678451	-1.86032996994838	33.8028432458403	5.06005740255921	1
X2515406	29.5838199539496	-1.86032996994838	21.7719649269926	9.67218499690531	1
X2507708	53.3124517644238	-1.31409298643443	45.8113395176187	8.81520523323953	1
X2490950	21.0140371418041	-1.00580874071408	24.5672796398965	-2.54743375737833	1
X2571763	44.9706808235663	1.01602187588214	37.642030832476	6.31262811520811	1
X2568283	-41.8844456858512	-1.31970987118089	-40.3057301194075	-0.259005695262982	1
X2515682	-14.4339767910604	-1.86032996994838	-10.0080811414555	-2.56556567965657	1
X2567398	-17.4619401684612	-0.470788234355462	-15.3835571135954	-1.60759482051047	1
X2507564	23.3967514447155	-1.31409298643443	18.710907179429	5.99993725172097	1
X2507825	-15.5153720474068	0.166958487275432	-24.5601901975167	8.87785966283449	1
X2550717	-15.6932303352616	-0.839455044781032	-20.7682029093499	5.91442761886936	1
X2525224	5.82397025366866	-0.599093217698381	-1.5659891201499	7.98905259151695	1
X2519912	15.3136594008189	1.23665208427599	14.1914525160897	-0.114445199546794	1
X2525021	1.87506289413746	-0.860349567513169	2.56897001533109	0.166442446319523	1
X2567249	-33.556003255549	1.62739778656857	-34.9897511745444	-0.193649867573285	1
X2499020	32.4710348520883	-0.860349567513169	34.3136862377997	-0.982301818198243	1
X2513163	50.0055855205703	-1.31409298643443	45.1735180945048	6.14616041250011	1
X2511958	36.1935750226365	-1.86032996994838	33.3257968946957	4.72810809788899	1
X2530943	33.5003041110989	-1.86032996994838	28.0393036937937	7.32133038725383	1
X2522317	-35.0447089697282	1.89723560741678	-44.1787031421929	7.23675856504807	1
X2528853	40.4275948379518	-0.599093217698381	36.9981953205743	4.02849273507588	1
X2490251	26.3945436809639	-1.86032996994838	27.1416032507012	1.11327040021102	1
X2563684	-22.7484110377297	-1.22082701263876	-28.1712702428258	6.64368621773492	1
X2489908	91.7001858852121	1.01602187588214	80.3393426681354	10.3448213411949	1
X2600548	-3.9528551569358	-1.86032996994838	-17.2224462324918	15.1299210455043	1
X2507101	-8.31496446997958	-0.369173128249941	-10.2160842011489	2.27029285941929	1
X2507157	-5.14109480257502	0.515836485512574	-6.80035782189297	1.14342653380547	1
X2510900	10.2202980553926	-1.86032996994838	12.8545990010568	-0.77397097571592	1
X2507861	69.7533693867377	0.166958487275432	50.3782448744622	19.2081660250001	1
X2501676	-46.1229168990551	-0.470788234355462	-53.1591329505687	7.50700428586899	1
X2508901	7.77941116535863	-1.31409298643443	9.2440791528644	-0.150575001071328	1
X2583788	-1.44759359260338	-0.369173128249941	5.37915037418115	-6.45757083853458	1
X2513555	35.9420596614594	-1.31409298643443	33.2672137354348	3.9889389124589	1
X2563645	1.47904486298115	-1.86032996994838	12.1420656074521	-8.8026907745226	1
X2503406	19.9355878265168	-0.860349567513169	22.5795141821359	-1.78357678810592	1
X2503686	-64.7678566504131	-0.860349567513169	-61.0579910150907	-2.84951606780915	1
X2490067	26.41453400226	-1.86032996994838	23.4443273673936	4.83053660481484	1
X2509826	7.33273946699872	-1.31409298643443	0.168457381834925	8.47837507159824	1
X2514974	36.8194046149816	1.01602187588214	34.1106816663507	1.69270107274888	1
X2503811	78.528423508907	-1.31409298643443	72.2180502426874	7.62446625265404	1
X2521980	-30.7934804427538	-1.31970987118089	-44.2096455775221	14.7358750059489	1
X2521873	19.32445556415	-0.860349567513169	14.3375279641196	5.84727716754354	1
X2500846	22.9880316065583	-1.86032996994838	22.2500135423695	2.59834803413715	1
X2490684	48.3257079988508	-1.86032996994838	38.3463403534924	11.8396976153069	1
X2508502	12.7755341940813	-1.63148406989142	10.615479266337	3.7915389976357	1
X2508962	-25.6685359801661	-0.369173128249941	-15.4818854537521	-9.81747739816402	1
X2513133	12.2373975926199	-1.86032996994838	12.3684031289286	1.72932443363975	1
X2523583	-29.0898198506252	-1.86032996994838	-36.7614840741942	9.53199419351741	1
X2511508	65.1409197088017	-1.31409298643443	64.1667079781169	2.28830471711939	1
X2494137	29.3754956749168	0.515836485512574	28.9738646792358	-0.114205489831643	1
X2550742	-54.0328653579266	-0.839455044781032	-50.8665352354281	-2.32687507771744	1
X2493553	68.8641367740288	1.01602187588214	68.7210622293207	-0.872947331173882	1
X2569676	-47.1262027822482	-0.860349567513169	-45.8618101789551	-0.404043035779762	1
X2598003	10.2999976524541	1.01602187588214	0.936645266181271	8.34733051039064	1
X2527302	21.9601689554368	-1.1436638859368	19.2990370482388	3.80479579313477	1
X2601235	32.4154938251453	-0.369173128249941	33.1778771467632	-0.39321019336787	1
X2513816	55.6222511270518	1.3537431718618	41.0128896371603	13.2556183180297	1
X2490119	19.4252864888852	-1.31409298643443	15.3793867268087	5.35999274851103	1
X2530437	64.7516612999003	1.3537431718618	57.7456645738219	5.65225355421673	1
X2509152	24.2755400462484	-1.31409298643443	15.6956174894564	9.89401554322649	1
X2491640	-30.1521355180736	-1.31970987118089	-30.9414399904717	2.10901434357908	1
X2502609	23.340116273046	1.23665208427599	28.3264196747446	-6.2229554859746	1
X2511575	-10.1424048689616	-1.86032996994838	-7.874869476245	-0.407205422768158	1
X2490228	59.3172400750352	-1.86032996994838	57.1439409803383	4.03362906464523	1
X2514144	47.3376503661606	-1.86032996994838	52.4410736944281	-3.24309335831933	1
X2503336	16.133607336554	-1.86032996994838	9.55984605421708	8.43409125228537	1
X2598151	2.56700488771552	1.01602187588214	-0.67394620078224	2.2249292126156	1
X2553745	-4.46436295425801	0.503449811874073	-8.94177258868242	3.9739598225503	1
X2517173	67.2646826585016	-0.369173128249941	53.0515297634595	14.5823260232921	1
X2519860	28.4748155144735	-0.860349567513169	24.5542382585072	4.78092682347949	1
X2522821	29.8195017558242	1.01602187588214	27.7658372365561	1.03764264338615	1
X2509204	86.892417565173	-1.31409298643443	83.6529718393076	4.55353871230001	1
X2503399	24.5791395242788	-1.31409298643443	19.9336050842342	5.95962742647889	1
X2583363	-38.8808447709382	1.01602187588214	-50.2817705785865	10.3849039317662	1
X2494238	11.9954063235457	-1.86032996994838	11.9009330351652	1.95480325832885	1
X2510939	8.15314585877498	-0.860349567513169	-0.54827501434062	9.56177044062879	1
X2525241	14.5082966462264	-1.31970987118089	-1.26976460286514	17.0977711202725	1
X2587102	-14.1390633583339	-0.0488139914802921	-19.6436321932006	5.55338282634693	1
X2491543	62.2781330646173	0.803391185917602	57.7492724294327	3.72546944926698	1
X2503476	49.037406151647	-1.86032996994838	47.1283259472523	3.76941017434305	1
X2511959	12.5731305365728	-0.860349567513169	12.1400150099439	1.29346509414207	1
X2493606	70.0695763673028	1.62739778656857	57.4867368429303	10.9554417378041	1
X2507551	1.09975182794414	-1.31409298643443	-3.41204596232889	5.82589077670749	1
X2493688	16.4439805756207	-0.860349567513169	7.78780541709586	9.51652472603798	1
X2516159	78.1884696391515	-0.00519314456109285	76.5110358861945	1.6826268975183	1
X2505931	-14.1862033527067	-0.860349567513169	-16.1099469873848	2.78409320219132	1
X2599402	-10.0410970344567	-0.369173128249941	-3.10132009593456	-6.57060381027215	1
X2502681	6.77133806068828	0.515836485512574	11.1151894126767	-4.85968783750096	1
X2510965	23.0737620485428	-0.860349567513169	18.2755607878383	5.65855082821768	1
X2510111	2.06234604601895	-0.0828888602700689	-8.15971272804959	10.3049476343386	1
X2527096	42.6186082273413	-0.860349567513169	37.8658744901242	5.61308330473029	1
X2511549	4.92893928195323	-1.31409298643443	9.67782498328735	-3.43479271489975	1
X2573923	-74.3592037199503	-1.31970987118089	-82.7318758544502	9.69238200568071	1
X2580059	67.251738049558	-0.640709550128301	61.4225852407838	6.46986235890246	1
X2493598	30.2693698725971	1.62739778656857	29.3081272675232	-0.666155181494613	1
X2576195	-10.9716444208112	1.62739778656857	-25.343395654913	12.7443534475334	1
X2548824	-24.073520525383	0.424966238721032	-13.247855516671	-11.2506312474331	1
X2528562	67.8868165017233	1.23665208427599	67.1098610806537	-0.459696663206327	1
X2571888	5.33193455929384	-1.86032996994838	-7.07195155960611	14.2642160888483	1
X2504937	-4.59948575228237	-0.470788234355462	-15.8683178312302	11.7396203133033	1
X2515391	49.5899103095735	-1.86032996994838	47.8771876756259	3.573052603896	1
X2490503	-4.04181067861888	-1.86032996994838	-8.92063892711095	6.73915821844033	1
X2586882	60.985640692392	1.62739778656857	45.9892915972558	13.3689513085674	1
X2569532	-46.5817565544823	-1.11263624165681	-50.0453680904025	4.57624777757691	1
X2515079	34.9229484548757	-0.860349567513169	39.6388965949508	-3.85559857256195	1
X2494406	61.8625844609946	1.01602187588214	56.6603162692721	4.18624631584035	1
X2523287	-11.6664845227888	-1.86032996994838	-19.9670076441029	10.1608530912625	1
X2498921	68.99084691135	0.166958487275432	51.2824033543618	17.5414850697127	1
X2598116	28.618720875551	1.35863712053788	23.7038478708223	3.55623588419093	1
X2515208	73.5717058742876	-0.0488139914802921	75.4186862926738	-1.79816642690563	1
X2514153	1.79707563272313	-1.31970987118089	7.07070365091293	-3.95391814700897	1
X2500527	-8.80740203986725	-0.369173128249941	-3.39459467654349	-5.04363423507385	1
X2515395	-1.0946630384301	-1.31409298643443	-5.18852854571861	5.4079584937229	1
X2493747	30.5605173209641	1.62739778656857	11.6696708221867	17.2634487122087	1
X2372186.1	21.4874826977281	-0.0424858883418952	30.6588138296841	-9.1288452436141	1
X2341565.1	35.6463073527608	-0.860349567513169	25.8096763805713	10.6969805397026	1
X2325951.1	38.3511764252647	1.35863712053788	48.9855992318118	-11.993059927085	1
X2352287.1	-11.9197591568735	-0.369173128249941	-18.7294230434133	7.17883701478974	1
X2352831.1	24.4917293041891	-0.860349567513169	14.014417959547	11.3376609121553	1
X2354843.1	-22.270995919762	-0.369173128249941	-24.1478134530911	2.24599066157904	1
X2325397.1	-49.9145371688493	-1.86032996994838	-50.8403600903139	2.78615289141298	1
X2356293.1	34.0162636992819	-0.860349567513169	30.4716907063893	4.40492256040561	1
X2264637.1	24.5119261148771	-3.04372053373659	27.5167191088652	0.0389275397484519	1
X2265581.1	-28.0789014574191	-0.839455044781032	-13.875215284582	-13.3642311280561	1
X2461573.1	-12.4432892661035	2.22263655222362	-2.78280865870046	-11.8831171596267	1
X2487127.1	-11.3414069326238	-0.369173128249941	-16.6405775571716	5.66834375279772	1
X2441762.1	-7.75833806941131	-0.599093217698381	-15.0528151755126	7.89357032379969	1
X2406863.1	-14.9174002929153	0.11287705534793	-19.5689644857635	4.53868713750018	1
X2456231.1	48.0208409494072	1.58593244794632	52.2583072538988	-5.8233987524378	1
X2417773.1	5.27517217359883	-1.63148406989142	10.5515990458527	-3.64494280236248	1
X2448107.1	-8.01690271753649	0.389037831258444	-13.5920451762444	5.18610462744938	1
X2450886.1	-28.5840909398667	-0.0424858883418952	-27.7398543539407	-0.801750697584095	1
X2433816.1	9.37952222209582	0.625476664111382	10.4794261690911	-1.72538061110661	1
X2463120.1	49.4451637689296	-0.369173128249941	48.3483755991957	1.4659612979838	1
X2456195.1	32.6554897815824	-0.0424858883418952	28.2692085662835	4.42876710364083	1
X2486331.1	6.76217229683984	-0.191079631252014	8.70868547198764	-1.75543354389579	1
X2470498.1	47.9425334457046	-0.369173128249941	44.4983630844174	3.81334348953698	1
X2422809.1	-23.6737804612107	0.529528209163317	-20.6359282355567	-3.56738043481732	1
X2484605.1	40.3318626572857	-1.31409298643443	33.4484869860021	8.19746865771792	1
X2487411.1	-64.382670563344	0.529528209163317	-48.3731428787448	-16.5390558937625	1
X2458297.1	55.0329050838285	1.58593244794632	50.9535807874307	2.49339184845141	1
X2484569.1	14.171028352819	-0.0424858883418952	28.8358625465955	-14.6223483054345	1
X2485334.1	-22.6808674286804	0.625476664111382	-17.6039933803574	-5.70235071243447	1
X2488433.1	-30.6776343275085	-0.369173128249941	-37.6141285028388	7.30566730358023	1
X2485065.1	-19.4736075153625	-0.369173128249941	-19.3517380086112	0.247303621498681	1
X2469540.1	-10.055434374197	2.65714516795531	-13.5667589079367	0.854179365784479	1
X2488141.1	-3.52501515762867	0.389037831258444	6.62540669028181	-10.5394596791689	1
X2469064.1	-30.9686763836375	-0.00519314456109285	-23.265296900893	-7.69818633818348	1
X2465366.1	-44.2864092073252	0.529528209163317	-38.2257434330951	-6.59019398339336	1
X2462640.1	16.9480929701006	1.58593244794632	25.8961604414419	-10.5339999192876	1
X2461227.1	-35.5891442177511	1.53319719326082	-34.4292768418494	-2.69306456916236	1
X2462683.1	-9.96010373692973	-0.207418140477097	8.90191769284349	-18.6546032892961	1
X2453901.1	-12.3657286695212	1.58593244794632	-13.8156405067879	-0.136020610679525	1
X2456416.1	13.7940490756235	1.58593244794632	10.7626997685579	1.44541685911918	1
X2486809.1	-54.9863027879651	1.8619775101658	-57.3892575631532	0.54097726502232	1
X2456197.1	4.90058019701272	1.58593244794632	10.4509835743868	-7.13633582532036	1
X2471277.1	-6.97140827403249	1.58593244794632	-9.80012709964863	1.24278637766983	1
X2462922.1	-4.36496567356801	2.65714516795531	-5.7893593117239	-1.23275152979942	1
X2451596.1	-101.072426340564	-0.369173128249941	-93.1546349892546	-7.54861822305919	1
X2488605.1	-50.2172663915126	-1.61967673554153	-28.1507805711872	-20.4468090847839	1
X2450738.1	-56.7958478378671	1.58593244794632	-49.01344892371	-9.36833136210318	1
X2458215.1	-4.40474845388768	2.22263655222362	2.30144734144675	-8.92883234755807	1
X2450220.1	-7.36917827872597	-0.2197057729045	-10.7999056270512	3.65043312122972	1
X2458757.1	54.7075486496646	-0.0424858883418952	52.9009872081252	1.84904732988133	1
X2457924.1	-13.233925214885	0.980933389906452	-13.4599782800764	-0.754880324715069	1
X2458075.1	-26.4464385578949	-0.207418140477097	-20.1655322994748	-6.07348811794294	1
X2464992.1	26.6200205427655	-0.0424858883418952	36.6007879239639	-9.93828149285646	1
X2485924.1	-66.4185721428459	0.529528209163317	-48.5722650867072	-18.375835265302	1
X2393339.1	-37.6224880057361	0.529528209163317	-30.4760785728	-7.6759376420995	1
X2458908.1	-8.52597850453316	-0.369173128249941	-12.2449367921119	4.08813141582874	1
X2416182.1	2.18711211932818	-0.367986688203575	5.35974370351591	-2.80464489598416	1
X2448921.1	-58.8618794207734	1.58593244794632	-53.5836234680157	-6.86418840070395	1
X2472874.1	-49.8559424648102	-0.369173128249941	-55.8451423964688	6.35837305990851	1
X2460325.1	-35.3686464386039	0.625476664111382	-37.7683810821303	1.77425797941484	1
