<Trait>	Trait_1_H2_0.9	Trait_2_H2_0.9	Trait_3_H2_0.9	Trait_4_H2_0.9	Rep
X2900851	7.24898115805127	-3.0615614322998	24.3260469182241	-6.85094433849153	1
X2900852	15.5118322546	-0.464254683457085	24.0073857409274	-0.901444795260885	1
X2900853	12.9372943715033	-2.11849982644679	14.7605671092143	-5.93109445203669	1
X2900854	75.0343781889507	1.19098236183516	68.5466155884437	3.0060807347986	1
X2900855	17.4920712495302	-3.96953340403728	32.1269758797404	-17.1372003334199	1
X2900856	60.591181203797	0.32394236347203	65.4219146649466	-7.8244672782731	1
X2900857	-3.28469594993034	-2.31875149441028	8.62984051600952	-15.7426386897388	1
X2900858	-5.36262513617933	-3.5417186847419	-3.22208440002458	-9.3469102917236	1
X2900859	42.7532808873647	-2.51395636316168	48.0241180394039	-8.97164409173181	1
X2900860	-0.612417421298185	-0.192867090552127	-5.27028881132629	-1.78682742176418	1
X2900861	29.2609436840142	-3.83898736845419	23.9695171689847	0.530125823347256	1
X2900862	-2.01196785464124	-1.74109610427142	2.84071747015683	0.294548914552052	1
X2900863	47.8693858901748	0.0216212268755635	58.5649730868896	-5.04053944959435	1
X2900864	-0.253342046772072	-1.40185659772981	4.2834705849283	-7.96747503151489	1
X2900865	17.8975508184799	-2.59282461854968	17.3360052369152	-6.39370679080062	1
X2900866	29.5050473015086	0.276898676768841	23.5063492769428	-0.0729124143126301	1
X2900867	12.1630442410122	-2.24684558375971	33.548674581353	-10.7518969121092	1
X2900868	0.862118295930643	-3.35703239813043	8.77800236708865	-6.31458425347396	1
X2900869	-43.7858319494388	-0.064517854002172	-39.1232748409505	-8.85859319566179	1
X2900870	47.8876090727757	2.84184998423822	38.4546488779624	6.92927637636146	1
X2900871	18.5666263174195	0.944561265527817	38.3733467558825	-2.94965900595578	1
X2900872	1.77105274756502	-2.44644012560099	3.54202042767183	-7.6983641720905	1
X2900873	18.7077396249787	2.78758265294261	14.2009916942513	-1.77403142275525	1
X2900874	33.3348972617349	0.819750192136933	37.8581536736432	3.39525656075203	1
X2900875	8.74954145493291	0.378537333440771	18.8077617105362	-9.62811241182147	1
X2900876	33.4565982249926	-1.23038152351254	45.3696473056572	1.8361009052432	1
X2900877	-33.7174507009508	1.59810206722217	-27.5148410493627	0.173257227838641	1
X2900878	23.9121231117263	1.18109416975385	42.505079622647	-9.73640702508354	1
X2900879	-10.1739023742549	1.22112264403429	-8.80609278717972	3.00560618006903	1
X2900880	6.43735993254468	0.55147223305093	18.9074583811722	-7.6790398240754	1
X2900881	48.3460777334578	-4.32922239175709	58.2813194182288	-1.05366410389736	1
X2900882	-7.94509710682779	-0.375123105498633	9.50675820200407	-7.60924326839459	1
X2900883	-5.53497105177904	1.05833980816412	-1.74342315476358	-12.2250834323059	1
X2900884	33.5797221208653	0.500970242619798	29.7744257073007	2.42367776379241	1
X2900885	0.653697485910444	1.4168743896153	-3.01906522313475	2.97888356451278	1
X2900886	20.201363422104	0.569431118885863	25.6286868752954	5.25446035835799	1
X2900887	-9.88266036436193	-0.229299196774137	4.21856634239235	5.75631926489571	1
X2900888	30.1309666447925	2.4537625017821	3.02357062256872	12.5585025544352	1
X2900889	32.9582903711852	0.752935983799222	37.4005946874161	-8.36750726003871	1
X2900890	32.2957633448687	-2.58873013164729	45.5424880322285	-9.56791036287081	1
X2900891	20.1831716926212	0.223102327141142	6.72417349105444	10.6920491320145	1
X2900892	18.8088973273395	1.30647271422206	27.0123200963696	8.70487090875103	1
X2900893	0.538427100087628	0.262363402464233	-4.58653002220688	10.2439235099663	1
X2900894	-6.04328292545279	0.635014923950903	-15.4076854221588	-2.80704060642529	1
X2900895	43.8224635304573	2.08088374628332	33.2686616003561	4.28328560070724	1
X2900896	-33.6967348015408	-0.612579085774513	-38.531704574311	1.41727633391129	1
X2900897	0.2396534217744	2.53942801883003	-21.7966063341605	-0.636911243913778	1
X2900898	-14.3611721002918	0.45151807849656	-13.4496760165	-3.96020028231787	1
X2900899	10.2912808124285	-0.108447172879673	12.7783277543175	-4.17225876350127	1
X2900900	39.5278762412759	0.504596732203815	29.0125361091326	-1.70141543072607	1
X2900901	18.6637993023748	0.137383579129407	13.292577614469	11.1622532583837	1
X2900902	14.4010550997768	-0.048894415103983	19.0198827368672	-9.4202445122415	1
X2900903	31.7686429243605	0.901703429018976	25.5892099547493	2.84814258783213	1
X2900904	53.7357407292802	-1.03825935046916	41.6829457511337	-8.09220075657398	1
X2900905	-1.87559680195308	-0.368927892626272	8.60617403650471	-3.08253330651366	1
X2900906	17.2521075287742	-0.277751119678365	15.9824211398736	-3.83636583947862	1
X2900907	50.2465329400129	-0.557748162859577	55.6402264513031	-6.95032087176688	1
X2900908	9.67592755578827	-1.18343594469501	11.6365125918488	0.267872769659902	1
X2900909	49.3988155729675	-1.17106176354627	31.1839356055417	3.56283111144312	1
X2900910	-24.4138809262954	-0.372465321026544	2.91107483927291	-8.10897236105794	1
X2900911	-0.846635938391664	0.404887933183279	-12.6488606821729	-0.255966063993887	1
X2900912	-8.81963601212415	-0.478044866940949	-18.4307348977858	-1.45740251911086	1
X2900913	54.7141239259203	-0.463760389302458	55.2750336360926	0.0939265187829621	1
X2900914	59.9734105053621	-3.26677936376025	74.2052836633229	-10.260030866302	1
X2900915	17.5189649824829	-0.904720474810787	17.8011916921253	-3.17404987124375	1
X2900916	7.67634033638828	0.539143329564263	24.7842497527382	-3.66814076741024	1
X2900917	4.30171680803583	0.621839149548571	0.404043976502971	-3.91232676119434	1
X2900918	-20.0998950068165	-1.88426703108651	-13.8429796707447	-7.21374695638272	1
X2900919	-9.24473228913818	-3.37143924350768	-2.384686751845	-13.2157905757519	1
X2900920	2.76820854758771	0.877680803658875	-18.1326565801337	-3.25700804770024	1
X2900921	-7.28298804629197	1.30656712001314	12.8661234655436	1.55290957130095	1
X2900922	10.076984246771	-1.40189520113657	25.9463737904429	-3.54437426565297	1
X2900923	15.5352978411712	-0.563842077929456	15.8063523531358	1.08222153829044	1
X2900924	-6.51466738081692	-1.67907886605286	0.119995048597249	8.74035434605746	1
X2900925	24.8127862787349	0.258543667377845	24.5125218892131	-3.16143240766009	1
X2900926	16.0370808807756	-2.10937436345852	25.1747429665286	-2.24705446315612	1
X2900927	-32.2248708759084	0.619997925610581	-51.8452442985469	9.15267208525045	1
X2900928	27.8435559705209	-1.83154905863228	8.34057921702503	-0.878445290484421	1
X2900929	20.210481426889	-2.95046247536708	31.5307034190516	-1.03245919031008	1
X2900930	11.9666196767491	-0.312211943586284	26.9780332230594	-6.73422737969246	1
X2900931	14.8128068958554	-1.45309320779012	8.43858674108702	0.17341818728968	1
X2900932	-8.84597188968886	-1.24157078595516	-16.142217097719	9.88295269677423	1
X2900933	28.9388843847611	0.122498589969523	43.9140748535571	-5.85181231423994	1
X2900934	23.5559840493012	-0.652818441180054	-7.90065216806338	4.69114502283331	1
X2900935	6.63797021233193	-1.15375812927717	6.13081522015153	2.9749064614527	1
X2900936	28.3647262610891	-0.229886607150383	20.5357706324585	-5.34396571739638	1
X2900937	-31.1835561134584	1.05230608534642	-35.198627482149	5.36078408199424	1
X2900938	13.5336779884757	2.26288179387014	5.3352101044653	-2.39365602235912	1
X2900939	35.7124426143269	0.536927538958537	37.3328126517741	-6.88360033580811	1
X2900940	27.291225577647	1.03617332302621	48.3935080002049	-10.464286576993	1
X2900941	6.37436124374135	-2.77778597604304	17.8838257921166	-17.0913405243474	1
X2900942	-20.3445208717704	-0.507437344504808	-4.48103655300392	-5.06972253205722	1
X2900943	6.93502268251873	0.696269960906944	1.21977049748353	-13.5967138595335	1
X2900944	5.21052347307503	-0.597723900888149	4.48336416690026	-8.89947717136337	1
X2900945	9.06334264152403	-1.30603037259101	12.0731303936055	-6.16394809553927	1
X2900946	17.6331278568997	2.43954749477998	23.7744440623631	-3.6060736538934	1
X2900947	-1.98810326405189	1.50349677495615	-3.47156735292051	-0.333204082819839	1
X2900948	26.8377993026115	-0.396788603769054	14.5504336336316	-7.66070546173719	1
X2900949	-48.5728888236706	2.96598469905689	-32.0700733911375	-4.88074314991671	1
X2900950	14.5422813700244	0.604218468223553	28.6719076045992	-9.52353726285098	1
X2900951	30.8801667843704	-2.30833034391404	17.7769872235675	-14.0426021233355	1
X2900952	-9.14732991005362	-2.00730134776641	4.4793951489684	-12.0792714603398	1
X2900953	-6.34777631712911	1.46921326863016	1.33484401988115	3.95638362974057	1
X2900954	-13.1402081545839	1.94617611220539	-22.7835408630898	5.89419914413216	1
X2900955	-17.2043990812415	-0.810913913098688	-16.3041737544798	-2.94758336626061	1
X2900956	16.9375525171582	-0.367061151813771	28.4731122059529	7.14030506836104	1
X2900957	0.772158441306788	-2.24532738090659	-8.31385290404932	5.40384569970261	1
X2900958	-10.7570672876791	0.595597636239039	-15.0766326230824	8.34418213737842	1
X2900959	-2.01992744447451	1.28315145656913	21.8927675742097	-2.40008325649145	1
X2900960	5.47354974266975	1.3478403712618	2.54622227145823	-0.946072501258164	1
X2900961	38.9017575794651	-0.143996975426098	40.4643401580605	3.25908372446492	1
X2900962	7.32723631540373	-0.442660481415348	4.68114142232686	7.17912563956828	1
X2900963	16.2037288238771	1.27241530764491	-11.8060262892518	-3.31949073513072	1
X2900964	-39.8698641801208	-0.271279406322907	-43.4816381679446	3.51413311188215	1
X2900965	12.7142006566444	2.39073235777227	-12.2971236439672	16.2369557725215	1
X2900966	42.4293725490719	-0.793618443834451	36.7874130103092	5.1999736447905	1
X2900967	29.8044251347083	1.49348356604507	29.6624836422027	4.8225585938643	1
X2900968	4.18896749548906	0.108426035991471	-8.95273439790276	-1.59477122816967	1
X2900969	-14.0446757350996	1.13916942235857	-20.8376113037034	-1.77530142291293	1
X2900970	34.0360243264632	0.667291245520728	9.06824613492943	1.73582739646522	1
X2900971	40.6860630877802	-2.72646563425231	49.5541886503578	-1.47449896191831	1
X2900972	-3.10502996805504	3.57211913162551	-4.87170443063443	8.4552287145857	1
X2900973	-17.7456053444416	0.127045745449695	-7.8521671578306	-1.98692556421474	1
X2900974	51.7821619645083	2.67595770682896	46.7495912800479	-4.36410492258671	1
X2900975	11.6977316767333	1.46314095968584	21.2683690601212	-0.470921776548807	1
X2900976	15.2299565800012	-0.0416690607505086	26.9626389579864	-4.8057991641941	1
X2900977	28.0992575531882	1.20223219104354	47.4806352132072	-5.88456856076341	1
X2900978	25.6949259072325	5.13513309413448	13.0919424471994	7.63060622516349	1
X2900979	-16.2834700604332	-5.76785451668458	-13.5002350780908	-7.93523271445089	1
X2900980	20.1713302274897	0.914026675608544	14.2490527058767	-8.29354904318688	1
X2900981	19.1205568262779	-1.11642431110207	15.3057769170016	-4.4286437801563	1
X2900982	-0.093540372956344	-1.50843171477913	16.6652220946512	-4.06858506625022	1
X2900983	11.1120934182348	2.31680978872537	29.2280564436142	-10.5879014070868	1
X2900984	-9.83800264826372	0.562725691880544	-9.50377771469312	0.208736948125438	1
X2900985	-16.9884551408317	-5.81533733842831	-14.9625982089102	-6.96888211962858	1
X2900986	7.01419599504867	-2.22410755102186	1.07078563110804	-1.01891385620916	1
X2900987	32.2906407084861	-1.69973232762946	31.8174840579227	-2.1284605300446	1
X2900988	12.1380711628629	-0.332308632344132	32.4451667059818	-9.94781931849663	1
X2900989	0.0702237437503857	-3.45238514799878	16.3749524940539	-6.50766898380164	1
X2900990	-0.927936572897019	0.495975544730412	-8.06177185434616	0.268222237463774	1
X2900991	41.4256043526682	1.75803180429209	16.9019878712238	-1.737502975046	1
X2900992	36.9272881870026	-0.0764764244234352	25.3212012096488	2.27563173774544	1
X2900993	41.3112343375358	0.390345599585105	36.6481937105604	-11.2884349785168	1
X2900994	10.4819544632891	0.063436969766113	3.52284677060564	-6.24584526058526	1
X2900995	1.39477678801174	1.46889445054045	-13.5594863438548	8.47241853218448	1
X2900996	12.26374034248	-1.2777900165348	12.5453647268118	-5.70943025906377	1
X2900997	20.4133371773257	0.717052890025499	18.8358566184574	-9.80389849606947	1
X2900998	3.5975561819597	1.34458340420652	-14.7498015384902	2.16767881466371	1
X2900999	27.1608860050476	1.23830414199621	23.5885322659755	0.896915008979657	1
X2901000	-26.6640186484283	-0.273263559999385	-6.98201956602824	-8.89086128237145	1
X2901001	0.656259779249293	0.306856289176015	7.0497876883426	-0.0290294693189588	1
X2901002	1.13168288254829	-0.618254381257945	-13.3933709887295	0.937919514099131	1
X2901003	33.2372181104461	0.554250309293876	23.4450136176679	4.48413979340917	1
X2901004	17.1913518284804	2.19712523690907	6.43728938584983	-7.1992939407082	1
X2901005	-18.2964443538131	1.49966653400876	-36.7483871122508	7.99424391408491	1
X2901006	19.053966257178	1.55532497557915	22.4825593457487	-7.62706699701839	1
X2901007	35.8510258247811	0.45715970688996	26.6829956786367	5.69820808679505	1
X2901008	10.355787825921	-0.37627503939052	25.1704601411709	-5.78010156908989	1
X2901009	25.6342481775372	-3.11627981309908	28.1341992358673	-1.14871635422085	1
X2901010	24.0705198279624	1.75408373866278	12.8934360664416	-4.31857934678742	1
X2901011	67.4246121431304	2.46166982920168	55.2614857103734	-0.16775648986291	1
X2901012	4.79591605923165	-1.32212540565266	-4.08495951716741	2.80614744421695	1
X2901013	18.8699817813548	0.230616094946988	19.6451319466543	-0.9692988272613	1
X2901014	-14.9023215321105	-1.67063446103384	2.62400688122225	-9.99583528421498	1
X2901015	8.47673655723774	0.529426626970442	23.2725529083843	4.52886689159032	1
X2901016	28.096715907539	0.279770181099611	43.1291481828899	-5.80717992052661	1
X2901017	-24.9613304634351	-0.962745180253898	-9.35567127062254	-6.53355467097149	1
X2901018	0.738991601743633	-1.31936605866416	22.4960614937509	-7.50537029795538	1
X2901019	35.4115646140262	-0.0278789999970947	31.0385315259881	6.37517249648961	1
X2901020	34.3084159106071	0.137749797336419	48.0776794612365	-2.93516063254123	1
X2901021	25.4882533926013	-2.23328778349284	45.6260661645295	-4.93834745482666	1
X2901022	25.8877982940441	0.172892073141757	33.189709806547	0.910152587352374	1
X2901023	-8.83329501753841	-1.16058791659263	-25.7982531950142	5.35275786921478	1
X2901024	25.4379822542292	1.74781182932048	33.9364663864845	5.74295876835813	1
X2901025	-15.4113789618276	1.14148883341116	-15.4139277340713	-2.32101345136307	1
X2901026	-6.09224768467808	1.99073770144786	-0.075489086672202	-0.891489855725949	1
X2901027	9.34330872093194	0.0629261070623678	8.21554450853794	-3.20787999144686	1
X2901028	-2.89827656508479	0.168111278906314	-10.8183146132646	-0.634894883078693	1
X2901029	-46.1643579421852	0.854252071949497	-29.9625619573276	2.68737532587483	1
X2901030	1.88002246581968	-1.10028454797855	-2.51065128194053	2.02326654892331	1
X2901031	20.4230061900418	0.60056349445297	21.2927047733818	-2.73431759460767	1
X2901032	-11.0377572442537	-0.167577304037525	-1.98871575190703	-0.249401357371177	1
X2901033	12.8623986219106	0.46361935675874	1.0738203972044	-1.99272521482471	1
X2901034	18.8025222108231	0.675229349840184	30.4620664610521	0.0575694580933939	1
X2901035	31.9352925523603	1.36695101312397	30.660476438495	6.15661372264975	1
X2901036	24.3504758271677	-2.80801857158391	34.9722870732397	0.945996850393809	1
X2901037	-25.2770260066869	3.08294703285011	-28.3301105294413	-3.10938993347122	1
X2901038	16.6083993911206	1.89992869710785	10.7292159722091	7.17834966461777	1
X2901039	-23.1546214884236	-0.545003216603392	-23.3241975652952	10.3638351191346	1
X2901040	-27.5120446487472	1.44493289843995	-40.8693347381602	4.0595855156174	1
X2901041	11.9932464041833	0.163497879202402	-4.01268385915673	8.76802531238433	1
X2901042	-13.1704905026364	-0.692422655316176	-9.64409138810467	2.61863117463873	1
X2901043	-17.6917505338302	-1.00433175642743	-26.1719074082488	2.93997478993744	1
X2901044	-5.24558821553475	1.093919435301	-17.0406557014857	3.89759552310489	1
X2901045	29.6941576493059	0.796571700997384	26.8249081594683	7.77589649895954	1
X2901046	-4.93925150178247	0.405906338733583	4.64270603292909	-4.06860110331862	1
X2901047	30.7397243192849	2.24240309227959	19.0679235901012	13.8514279852773	1
X2901048	-18.7840566123034	-0.403130875675603	-9.4136408021814	-3.09457215411925	1
X2901049	-8.07138735772358	0.0144508439563409	-11.5772669207918	5.49881460775291	1
X2901050	52.706227817133	0.615686190531044	25.8549954519336	9.75532708570191	1
X2901051	1.88931342092104	-1.92192622497108	-2.87109242894375	0.228289410933702	1
X2901052	43.3311456919424	-0.76226137332139	51.6599517705947	-0.639173355651733	1
X2901053	-5.21945947272266	4.525030751875	-22.3393295050654	9.48905819945734	1
X2901054	-5.65801072802236	-0.374102350722621	-22.756651438547	6.22079646759856	1
X2901055	23.5613031783002	-0.412413290119854	2.98217166264053	8.27647221355049	1
X2901056	6.07349175557784	1.69035401589707	5.98255405831263	5.2979794022717	1
X2901057	2.56828448001102	0.104918366602736	-17.4951201488004	8.68763324392983	1
X2901058	10.6024225841534	0.472958351098048	23.4247944637788	-0.217083331763936	1
X2901059	15.1163484732709	1.42546286442812	20.5983032998116	2.76402052397681	1
X2901060	2.18806669304637	0.736360736053514	3.0452294867855	10.2191497420117	1
X2901061	5.23851294293564	0.436108911311484	11.2292072560753	7.60837963967128	1
X2901062	32.6270473971716	0.780791319077645	29.0848519510353	3.67141910837762	1
X2901063	-8.06912737276202	-2.44146048212475	2.0475964435221	3.71181297553729	1
X2901064	24.0060916917895	0.947094974538194	33.6990287332975	-0.0534559705874642	1
X2901065	11.3300399230826	1.98092450348227	9.75156653763032	3.97982086270205	1
X2901066	-37.1152925587054	0.0522700485127901	-26.4519539342672	-1.92554759654945	1
X2901067	-19.0398395393598	1.01414778323072	-19.5511018273221	7.93488008687513	1
X2901068	52.7860665225064	1.28439177483495	40.7528725463022	-1.14846074134842	1
X2901069	1.27736926909914	2.36541695479781	-22.0631714603226	11.6663417627241	1
X2901070	30.0775038071606	0.200895427626045	15.7064871070454	2.0430087881075	1
X2901071	25.2478730405396	-0.371816548609178	22.2301723420357	5.33120829534522	1
X2901072	33.0393371043582	-0.0928831426752651	19.7602441535484	-1.2521915511257	1
X2901073	18.8812540361556	0.884355313545034	9.76423408755523	5.4443517636424	1
X2901074	22.2113634047855	-1.60481652854908	47.4709552444009	-0.837640786011962	1
X2901075	-1.74625514073468	-1.41864656486984	-15.2871063133411	3.16366593091717	1
X2901076	-2.92740292006918	0.953150403552654	12.8948292961829	-4.53398136208256	1
X2901077	29.8977259998061	2.54924519870629	30.0040948039685	-1.31915468701526	1
X2901078	-3.26065798011868	-0.896005367770495	-9.57316816202959	3.41937172350289	1
X2901079	22.2064924149468	-1.81341325122604	16.3475011487997	-4.87835600752959	1
X2901080	0.638632314797802	-1.56257293451798	3.26307588115445	-1.80008917120262	1
X2901081	-26.4372056662973	-2.92167791254448	-22.6141428421771	2.25040970948875	1
X2901082	-4.78954508957607	1.39939960983523	6.22572540223246	-4.78748701249063	1
X2901083	2.34167268126739	-0.0819018941346259	22.1782448578499	-4.65195795130293	1
X2901084	8.45427765700863	0.079716728861315	5.29659984033026	-2.58556997074634	1
X2901085	46.6919374862227	0.852545092374171	39.9935455335645	-1.69496848813735	1
X2901086	-21.9275112327413	-4.71442516972344	-16.7049142647322	-3.57191398326558	1
X2901087	-2.4426810198703	-3.09276632285101	2.06855314221506	-4.27348719983467	1
X2901088	-1.1268161074304	0.932268587062897	-35.2842035791869	5.1217655525651	1
X2901089	10.3909136255522	-1.72921357219259	23.0670788641989	-3.26144668858766	1
X2901090	43.7747535961511	1.36879028119103	46.3089148677764	-2.76321696235071	1
X2901091	8.31216033642068	-1.23702405651324	16.6984249967976	-7.25997746311494	1
X2901092	26.2629291602727	1.09232535690191	13.6033094975126	-1.92266017167611	1
X2901093	10.2642204950681	-1.5686558434824	22.4378351168347	4.50967369892164	1
X2901094	19.1598353692926	-0.57205787381393	21.7401177408352	-2.61382752484022	1
X2901095	14.581009229837	0.109375944486722	19.3747845286207	-6.74546609771427	1
X2901096	16.2509249750045	-1.4436083640545	28.7609927913331	-1.8134766159138	1
X2901097	14.3582105590177	1.60564936837799	23.6289246627091	-10.6311698159878	1
X2901098	22.6959272950385	-0.802390457719874	1.79851771916162	6.91523362505848	1
X2901099	-10.7852078826727	-0.538340648923352	2.44082379001407	-7.9626249923093	1
X2901100	10.9991831367533	0.104217219898468	19.3605893410394	-6.84786476151168	1
X2901101	11.5718241949978	-0.563141354387491	22.1170050444451	-3.66007792980104	1
X2901102	3.32442827314001	-0.232079857514452	-5.13598236362606	4.62450016930458	1
X2901103	5.20434239628846	0.144696433590809	15.7814883847643	-5.49832727747108	1
X2901104	-27.1329750238858	1.14996073397002	-34.9360701165331	0.0319262034119114	1
X2901105	46.1689890310555	0.408211063826462	31.23765882105	-4.20117411893686	1
X2901106	24.6163954032215	2.11607685624718	20.5566242745229	2.69080641928592	1
X2901107	-9.97232262483949	-0.142175850161299	-6.36127595267878	1.81257623883317	1
X2901108	-34.5756228839732	1.29536959698738	-22.1982778879554	-2.97146639671649	1
X2901109	-29.2714505229588	-0.96087408511699	-13.9303269187856	0.378555071336236	1
X2901110	28.6163968954694	0.384230682373516	31.2999145846204	-9.27808393272339	1
X2901111	31.4466123054334	1.26719979343369	12.089097739853	-3.56292142718851	1
X2901112	59.7357960807709	-0.242871287803467	66.2304408303917	-12.7051667890696	1
X2901113	-13.9689487410587	-0.944600142182156	-6.34786483300097	3.99751598352357	1
X2901114	-20.3231716865989	-1.42507128939353	-24.4405741307887	1.35460973255898	1
X2901115	-24.5838162490559	0.0060001772546	-19.5549132211488	0.637431609616314	1
X2901116	27.6229981573072	0.874957703415625	33.689558945693	0.730050067945905	1
X2901117	43.7417902102617	1.4326739011372	59.1722247041271	0.138523552720055	1
X2901118	13.4152070420625	0.43974095387729	-8.59480930580718	10.7211024504356	1
X2901119	23.1064482226273	1.64544788291102	40.4912226837786	0.189976478541858	1
X2901120	27.9819802249533	-1.81190602954581	57.1858987863243	-4.33655460903666	1
X2901121	7.21182361082154	-0.117275262488521	18.5126005955667	-12.2710341963839	1
X2901122	8.49303821835185	-1.25383684041537	8.31145430789141	-4.64697458293913	1
X2901123	22.3677717708408	-1.90920841865752	9.53480671058651	-5.64679050102996	1
X2901124	-3.30024064679666	-1.38203628563639	-9.45070126372348	-0.456214933066148	1
X2901125	0.522027663162352	0.327395889967171	-10.5798456277844	-1.76053094110286	1
X2901126	-13.5064137812475	-1.69866471193443	-10.513811362938	5.57491028199714	1
X2901127	0.903599817846525	-2.35737510651417	19.7338412795479	-2.5436918402151	1
X2901128	-6.45780474028807	-1.53089185728087	-16.2818934323663	0.341444335996053	1
X2901129	-13.6763909174329	0.36358225866841	-13.9100393789145	13.2993905495027	1
X2901130	-45.8622464237494	-4.19560509855502	-39.8187259655696	-11.9488257932213	1
X2901131	-10.3974792084683	-0.157130046823892	-12.0626714058057	2.39205268512599	1
X2901132	-18.7640315097615	-0.343727195404746	-18.8076329912103	-4.75613056039247	1
X2901133	12.7899807004011	-2.26209778876212	25.5945800104448	-0.160801069236423	1
X2901134	-35.7912710286209	2.78634907102902	-31.4467843913477	4.96991906349289	1
X2901135	29.4465070883739	-1.84440123549093	21.758210511083	1.047784719436	1
X2901136	12.0050100574779	-2.05043499034288	10.6825919004667	4.7144777906802	1
X2901137	-20.6138019281326	-0.149445290470862	-16.4548790480006	8.17307150504256	1
X2901138	-12.9963270985874	-0.0637254655782201	0.549065364597883	0.579006160846711	1
X2901139	-3.16061830129508	0.662457748234514	-5.55226262138323	-2.25672442229843	1
X2901140	-14.3898798964208	-0.644809145704035	-23.3640292981107	2.93943125539081	1
X2901141	-10.2788995985671	-2.25533072670225	-6.52486952669387	1.57749639836869	1
X2901142	-18.8022742091102	-0.298981594607114	-9.92483077030612	0.754377922774369	1
X2901143	-9.91683570666307	-0.637248242705975	-16.6994741615254	0.955530256930963	1
X2901144	22.966374653286	0.0925653341448968	20.5518174591273	-3.15044916496992	1
X2901145	-2.36491898602957	-0.46002513679989	-0.908356378152664	6.38221139630573	1
X2901146	-11.2386305308095	-1.20944313706076	-11.5236221380376	10.6070928810957	1
X2901147	4.14736455553062	0.0639250931503067	6.67378488987215	-4.44004314974104	1
X2901148	-2.19152473796675	-0.541265034795366	-0.944818380221506	-2.13046862762623	1
X2901149	-15.2596433255204	-0.186324749101871	-20.0448725044065	3.72198027336714	1
X2901150	-13.429479158419	-0.563564307014909	-18.2534764154044	3.02704564119979	1
X2901151	-22.5104934987754	-0.362187891756093	-39.2809451150796	11.3927667039988	1
X2901152	-25.5106509719498	1.08332017002711	-33.521643546042	13.9017506613972	1
X2901153	-7.6951947701191	1.03929938738619	-12.0838701740947	5.36712765884979	1
X2901154	-32.3314160238084	1.8891748795826	-47.5471697068013	18.3601541057019	1
X2901155	-25.2406463036565	-2.15560647731351	-36.5945491355163	8.73835488769844	1
X2901156	-19.5882095842509	0.823114012556666	-4.56588662631112	1.60232386019213	1
X2901157	-13.4386744377462	1.93237012230121	-28.5913428652006	11.6435407178004	1
X2901158	-25.8990416535399	1.73491916246097	-34.213577716829	0.755670023568839	1
X2901159	-9.79026417013637	-1.68019869716806	-14.5658981637873	6.293674595458	1
X2901160	-11.4648694876433	1.48411334743587	-15.4978322315283	7.10009798584474	1
X2901161	3.91905229805482	1.58034473169122	-3.80482408701774	-3.11312283882311	1
X2901162	-0.2559278844925	-0.476012736500202	-11.4731916970929	2.48546134089984	1
X2901163	30.2729485431825	4.19259016495261	20.8580024821904	9.95553370043539	1
X2901164	3.75594800250963	3.1631744870288	6.14008051217325	6.536851770991	1
X2901165	21.5793300101054	3.34067288955862	-9.85444777420534	20.5906440602795	1
X2901166	1.36372814237436	2.61613410075915	-23.8694666221087	13.6404357221195	1
X2901167	23.2281764052158	-0.19214219489354	19.4432102555158	3.97757999661023	1
X2901168	-9.76570798784271	-0.406099019579441	-9.0158544496586	3.6874957637509	1
X2901169	16.871961972139	-0.41564953459593	13.1748156500242	5.36179010785298	1
X2901170	0.704247013190695	-0.431714631606355	-13.8378093174812	-0.683162939962209	1
X2901171	-32.5558196562645	1.26352971521815	-27.496204267747	-3.01191022726781	1
X2901172	5.27119025464762	0.406687080659734	12.0562730788636	-7.05104845965391	1
X2901173	0.173877808122086	1.6331624275327	7.97154486653453	-1.16035528194754	1
X2901174	-38.8937812653321	0.485532232618174	-40.8525794515037	-1.51341204900449	1
X2901175	-7.51208754893907	-0.140265279294579	-7.31799459762599	-1.30259296866638	1
X2901176	3.39901485686137	-0.021300840606951	23.6092373044355	-6.03260146301393	1
X2901177	-42.7217923979992	0.621242157675876	-54.5507238540514	8.90529401167608	1
X2901178	-6.94825540302566	1.58552111739917	-28.5194992099078	23.8425744915282	1
X2901179	-29.6002795579257	-1.17185916917857	-34.7206324312766	3.97281418475384	1
X2901180	17.8451768966519	0.999165125689466	5.42334621861343	10.7265501170448	1
X2901181	-15.7622535593774	-0.102786476638688	-25.3084185015742	8.64649402638322	1
X2901182	7.2871835301077	-2.45842248064736	4.43662192665928	0.523785012594779	1
X2901183	-28.3705195903039	-0.253378995576072	-33.7815079022404	-0.623647130181128	1
X2901184	33.2149796084192	1.18126165025634	23.3880783613752	3.37446028603914	1
X2901185	-19.1475241891285	0.827178651240716	-1.92487802372505	-0.246397706117728	1
X2901186	-8.87827280326562	-0.371798325146807	-5.97188449847118	10.2226874380613	1
X2901187	-39.2977335897723	-1.83044328233394	-51.5576372798937	1.797130732151	1
X2901188	-15.4314233179992	-2.07271729518247	-6.35693505614181	-0.752939318614863	1
X2901189	15.205514065526	-1.96456861306935	17.0193495612524	-4.50503324724827	1
X2901190	-3.20420389681849	1.55590817869312	-4.22842066967899	10.3171638087353	1
X2901191	-19.7502757112391	-1.97969349156172	-3.75251196492109	-3.17020318717346	1
X2901192	-19.7536101905542	-1.57735732198567	-26.3576579632923	0.58642431592981	1
X2901193	-8.49209765571974	0.852460235695567	2.85898154591957	-2.00141952950509	1
X2901194	-19.1395131541056	2.13419876726096	-13.8900070017161	12.6871521730035	1
X2901195	-7.36018851627335	0.545797023340519	9.07149864040401	11.5768832038401	1
X2901196	4.53927557926083	-2.27670717363177	-8.67747704487239	-4.03709854379234	1
X2901197	18.1938653828492	-0.116933074226637	22.103489196045	8.84767861335019	1
X2901198	3.2715495063413	0.831513982951685	2.29464644244105	14.0380071411622	1
X2901199	-2.17616011447659	2.77885921742704	-4.43922536500891	11.8831339023251	1
X2901200	15.7251555549461	-3.54124420849474	32.6668981027021	-14.1904250750287	1
X2901201	8.5208020309542	0.0970779875003801	13.3213767235026	0.483520355513444	1
X2901202	12.3581023888991	-0.211686157416759	22.4649948662001	-7.4720075639318	1
X2901203	-4.97667853509757	0.533483557172092	2.29894600311027	0.812582297166916	1
X2901204	27.4632900557658	0.339298626346735	25.2787406156795	-4.1224906132606	1
X2901205	-18.7836606729042	-2.4115288161892	-4.44270121565086	1.3803633435122	1
X2901206	26.0676670485819	-0.189227074676564	15.2800085958349	-5.69873902495052	1
X2901207	21.2757273748798	-0.300943842411177	3.54573244284421	-1.62435756328364	1
X2901208	-7.13575147942155	1.40963040677184	-2.89516174164099	-0.274757732451218	1
X2901209	12.7440298749713	-0.483977461589363	23.6096080753796	-1.1823620099591	1
X2901210	15.5468574522013	-1.3881901513992	33.1000920805568	-4.7442931234113	1
X2901211	-20.3985417553808	2.38447199434969	-24.541711175347	-0.408071426394669	1
X2901212	26.2776875449774	0.11118122927181	39.5550082378516	-7.33473520679387	1
X2901213	36.0019266701161	1.72112489356354	17.9524476056486	-7.0934478073939	1
X2901214	8.49052394203156	-1.51845026828737	3.25307544801188	1.99790937620734	1
X2901215	9.18124064185837	-1.16939227804478	12.489174242006	-9.91340312411095	1
X2901216	9.85296231330192	-0.571185282204949	23.4798329036376	4.67366679979153	1
X2901217	-8.81566489019093	-0.109181221252284	-8.14018109952927	0.0195296282548441	1
X2901218	3.32371727458618	0.550124286185688	15.7928179044039	1.0691902349346	1
X2901219	66.7298089553125	1.52151146620592	57.941739189997	-5.28711135467537	1
X2901220	-2.42559584690982	-0.379027597101329	27.0573936596543	-5.04575117940632	1
X2901221	-16.6616739519496	2.42194099277185	-29.4038507492228	-4.25924136603932	1
X2901222	7.88179115082552	2.16288635383002	1.35631469601578	9.45044943313245	1
X2901223	8.87487717507117	-0.869033624151216	19.7731385016755	-10.1488402343703	1
X2901224	-8.01320185683346	0.062011166601357	-16.0141207091138	-3.55376629064517	1
X2901225	-3.64136218150196	-1.98021033104412	11.1407167626849	-10.5380200924064	1
X2901226	-9.17404263394445	1.22451726234021	-34.9889545710647	1.97779099067782	1
X2901227	7.45973714615415	1.91547550123182	5.90392886684461	16.426448317413	1
X2901228	-8.85057828450072	-0.00491668896450115	-13.5535448336587	3.31188116302776	1
X2901229	44.4607000799567	1.2964957768151	6.41801111519355	-7.47396862634866	1
X2901230	-16.5470559184349	0.128074452414927	-22.8288484596252	10.6695358344945	1
X2901231	8.79136940487489	-0.218205277162267	4.03542193036633	7.57926951860806	1
X2901232	7.2891163481034	-1.28290728766697	-3.94800655473553	-1.56162884766095	1
X2901233	-8.43978418934395	1.30166334860226	-15.8876890910855	-6.811284288833	1
X2901234	-25.8095565774248	2.16912432750531	-28.903930747845	1.80097364087154	1
X2901235	-16.3197534861447	0.904423625343158	-20.1809425936566	9.70760396265035	1
X2901236	-3.84031260014315	-0.168815106878555	3.98795467371053	-4.09110808513543	1
X2901237	14.0506091857127	1.2348328885553	-3.15117810129416	7.42808726596615	1
X2901238	-9.74621407880759	2.19318193124204	-23.9818972688922	15.8573226669798	1
X2901239	26.524866990213	0.465830694915064	29.2375997349924	12.8715966806294	1
X2901240	-20.5154788137953	-2.24066150550165	-10.2445787208882	0.478995425213104	1
X2901241	-5.36272665263257	-0.615245734663152	-10.593673753588	-5.93095735356014	1
X2901242	-22.3791135020303	1.0300257610062	0.59184628362107	-7.04240343064907	1
X2901243	0.556787053757908	-4.99744208839765	6.07965811506211	-15.6254828417892	1
X2901244	-19.9520079261227	-1.63559534008717	7.87373752320321	-12.4140552489192	1
X2901245	-13.8461210269896	-1.23437368511729	-17.6125096465167	-9.54296301856298	1
X2901246	12.6201184900994	-2.81011544553391	17.1782210115366	-1.67318502270564	1
X2901247	-5.49540844440971	-1.39201490979291	18.2529471641135	-7.68284514987636	1
X2901248	4.19565628883276	-0.11520795927667	3.61120599807927	-5.13771721796637	1
X2901249	6.27552968946111	-1.07974356265535	17.0044825811543	-11.7762948046851	1
X2901250	22.2974757423308	-3.04968076459431	35.4823477604239	-5.81547623689251	1
X2901251	-44.9588686704175	-0.411234693979014	-45.038992081318	-3.10425938088883	1
X2901252	52.7368581336805	-2.24292684175757	61.7045920057795	-11.811135540401	1
X2901253	-4.73484144876413	-1.950776207141	1.16877146907681	-4.26401016450111	1
X2901254	-2.55135818082219	-1.40495271312687	-2.15009830477323	-7.70306429677404	1
X2901255	37.4412140500349	-2.46113907933749	47.0850383437032	-9.56825643280372	1
X2901256	-8.91470570393296	0.558925665182339	5.96146810704411	-13.1644649396218	1
X2901257	10.7849498137311	-2.10474435830858	23.7484897203945	-9.16796175210394	1
X2901258	17.2890560366272	-2.28779692264544	35.5438343300932	-13.5077324338345	1
X2901259	-2.28349971918434	0.0308952191613658	16.0489430543373	-2.82411308452669	1
X2901260	-31.9015742548665	2.69022895417997	-17.8345337263652	3.12003672002172	1
X2901261	19.1376851965263	1.38584004674806	27.0008889455681	-1.88661910814001	1
X2901262	12.9493793246064	-1.42045344805787	6.02430890597509	-3.90707872440539	1
X2901263	38.9980798747507	0.406782654078506	32.9645976718916	1.27540239994462	1
X2901264	47.2514255402131	-0.113639255166384	42.8473222927297	-5.47685971566255	1
X2901265	-49.5441255840821	-1.22298667199337	-34.8981174519633	-9.58708709670499	1
X2901266	23.4209059053027	-0.569556407584111	37.2846225615896	-2.6380003569081	1
X2901267	3.40482073137085	0.795097888927062	-17.8527614801378	13.0081734637218	1
X2901268	16.5419782745173	1.25440384606887	13.4535185239691	-6.28986284959767	1
X2901269	-29.8630980944091	-2.61808147462545	-20.0656198537811	-3.94266346962559	1
X2901270	-8.07351127842514	0.805370802418213	-18.8262303932014	0.45970646335998	1
X2901271	2.4108512874613	1.97431435853666	-8.41925902200957	-2.67994453715132	1
X2901272	12.5288674309944	0.528078651523035	22.1709415532092	-2.94112374606798	1
X2901273	-8.99757550230369	1.92881807575469	-10.71982793703	8.84213024818756	1
X2901274	-11.3099013576925	-0.621954621382511	-7.91351601902176	-5.94434497391371	1
X2901275	-16.7697921586805	-0.713511027474529	14.4873988320788	-1.61004589721961	1
X2901276	2.90466057998244	1.2499375917836	-2.11713266292589	1.43479176194082	1
X2901277	10.7246022643743	0.179809683626357	6.0264589316202	2.59386076405816	1
X2901278	-22.3979802603517	2.38056144369258	-25.9325974123593	6.56022905093642	1
X2901279	-6.35463042118614	-0.407627229647899	20.2104865694344	-16.489540300867	1
X2901280	11.2019091808392	-2.3389613341494	8.11734215909284	-11.4306227685103	1
X2901281	-12.8671316248904	1.27732163081409	-13.5475458332876	1.23609295825794	1
X2901282	26.7557015466144	-0.597952518041987	44.8538487664501	-17.5930786599723	1
X2901283	36.1654929174055	0.0405158217475888	54.4064434650685	-10.7281461615091	1
X2901284	6.09473757192755	1.05832958317879	3.07830395013145	1.74612551966829	1
X2901285	-15.0506898353825	0.456994519025545	-18.3046297383835	1.88313145608468	1
X2901286	-20.6622596384531	1.69967892279927	-30.5702969152229	-2.46271149971803	1
X2901287	-26.0414571184418	-1.69364176674915	-15.6019710190425	-4.49215303724042	1
X2901288	3.79027315654195	0.776492080782044	18.8171395948113	-0.0906561851608089	1
X2901289	1.67066059077103	-0.0192815012120121	-12.8965237822766	-5.69589729635026	1
X2901290	-22.3022409064146	0.842485136616966	-3.85931658201752	-4.99876396027903	1
X2901291	-21.3478514632506	1.50925906981231	-35.6782654698684	-1.63550798944081	1
X2901292	28.8069498777565	0.130989457118672	15.5789193582588	-7.4537424958539	1
X2901293	56.104483370439	-1.54406854811658	49.545098839113	-10.3968608609495	1
X2901294	-4.88167623650021	0.881073917830101	-1.32915164246936	-4.9703402955642	1
X2901295	-23.3434221325697	0.424936303274647	-38.1117778578549	8.14390670665277	1
X2901296	-53.6734774611588	-1.88228450018147	-33.4560888491441	-11.4595565379738	1
X2901297	7.72396654766977	-2.77090819050839	25.5106335770316	-8.83674921366833	1
X2901298	1.72678538180186	-1.78382460885621	10.6268559491599	2.75683773063494	1
X2901299	2.52873926900531	-3.34447685807566	33.5988254086487	-10.808826710861	1
X2901300	26.7054894444224	0.0185811378828606	30.5199641809102	0.832389560674544	1
X2901301	31.9957953968317	-2.16729174694348	39.800558561631	-7.27345857738438	1
X2901302	-1.6303403072399	0.609643342778489	6.26643250330105	-0.958906756726255	1
X2901303	-24.402979592632	-1.16689440289518	10.5687704471545	-7.10061023524962	1
X2901304	-30.2967287616358	-2.42402592613564	-26.3371085082502	-5.15962735884805	1
X2901305	12.163252342526	-4.08261930927418	10.3494923710683	-2.06301393648007	1
X2901306	4.93624726282381	-2.11168127709249	13.2658714922531	-15.9533655770128	1
X2901307	-0.951727498151742	0.832511045131779	16.6028394875026	-1.149698280227	1
X2901308	-19.6985412108163	1.33635008521174	-12.6183635024673	-0.599572160045566	1
X2901309	-6.52294671004826	0.785151470072509	-28.0595046459388	-2.04978153253494	1
X2901310	6.44148773561762	0.915176970579123	-1.96057013248347	3.72708892501139	1
X2901311	1.0155315329289	1.00876429486862	4.1355241262328	0.858683281404471	1
X2901312	31.3841218343639	-3.15282901303478	40.987689638452	-9.4569546670252	1
X2901313	-15.4121300659771	-0.103206045952831	-4.34401568314124	5.37439101372037	1
X2901314	-13.7418080118396	3.31891043141831	-39.1174155495574	10.5061560847167	1
X2901315	-34.2856622851539	0.0153104283221835	-33.3216367618602	3.58921805716116	1
X2901316	-3.81586956538607	-0.240020272089349	-29.0690643632926	5.92722451385048	1
X2901317	-8.03253183303753	-3.19754275845334	-18.6688787997463	1.45185374157449	1
X2901318	-12.219278177098	4.95717937573654	-26.9892743175945	7.98254087681952	1
X2901319	-4.40836665432995	0.651702968424703	-3.52632954399153	5.18903094651148	1
X2901320	-2.09280641817565	1.60884845655401	1.87542968507666	3.84196624411049	1
X2901321	-4.64172689953806	4.65306459625408	-3.23750635916994	3.34697531228875	1
X2901322	1.8334965713983	-0.0146138865066082	4.28016606984884	7.61749848548036	1
X2901323	3.573749675246	2.69565797839273	9.27302064255248	3.25903050070289	1
X2901324	6.13162062464603	1.87118459646031	-19.4970744533201	9.16603728159575	1
X2901325	16.6724239569191	3.87269530140721	10.4211244059149	9.11015582309881	1
X2901326	4.3369359985815	0.0238712137304057	-14.5570537541771	3.55212527598433	1
X2901327	-30.1327188910827	0.625058012833038	-26.0304556906361	2.82811319241107	1
X2901328	10.1615776814914	0.847469564618503	1.50365277833435	9.11982746559825	1
X2901329	12.4230984738506	-0.541110531943115	21.7898976997291	7.75773296368125	1
X2901330	27.9448813561848	1.93346642621489	5.72100820976676	12.7193047858934	1
X2901331	-36.9170164200593	-0.190159892801247	-48.4596722676216	4.52880918543044	1
X2901332	-42.5816994386234	-2.58522165304889	-22.3352983241578	-9.74042179300401	1
X2901333	2.50697563994342	2.99983762251725	-7.84017646814019	1.61646330402253	1
X2901334	-9.64502374750635	1.60728786863007	-32.9418182675961	5.19061418675534	1
X2901335	3.42659755948441	-0.312883792101736	14.6034741198074	-2.66410734213665	1
X2901336	-15.9042880423702	2.57739008959879	-22.7963513744488	6.44694467199771	1
X2901337	-40.4220159880056	1.81336137935988	-21.9957366705152	1.15631114838663	1
X2901338	-5.57924713773986	-0.552753322093785	-12.572849581644	-7.1293227793342	1
X2901339	31.8746457563025	1.73885605165585	18.4966974536111	-0.766927996409968	1
X2901340	-33.3202514077839	2.47046646631242	-15.8312047328318	3.61069407585282	1
X2901341	-33.537386909354	0.305940885679199	-47.4931281699248	0.173037462086357	1
X2901342	17.3663091822541	1.0974016878782	25.2008760549997	2.40545066659271	1
X2901343	-20.2114561226613	4.27306797714058	-33.9857379595716	9.51775209366608	1
X2901344	21.8184940215687	0.580888223727014	22.8325385818639	-1.08962822688566	1
X2901345	10.8472452290948	0.996082914797212	2.54179258709876	-4.98038526526807	1
X2901346	4.4237497754536	2.13169160937297	6.68550824708342	2.85317831674654	1
X2901347	-33.9058838902926	2.74387822217149	-37.1906636978691	1.39580457468804	1
X2901348	-13.380835747787	3.47675774375738	-15.7366462249246	-0.207316482742886	1
X2901349	-12.5878728508147	1.31570819609437	-27.8538236397306	0.599269409099051	1
X2901350	-29.4379876742681	1.62627642828464	-15.8098446068884	-3.0085505550042	1
X2901351	-56.5544208324677	0.722351448284373	-58.8853478854741	0.677959460283323	1
X2901352	-46.2403593727408	-0.082486707150579	-45.4924663958378	3.17013310168383	1
X2901353	-13.4153991601791	-0.0226811563617477	-17.0257046943825	8.91187615541098	1
X2901354	8.24013609419757	-2.95638902334805	29.7289823995143	-13.9334119909021	1
X2901355	-24.5130813870929	0.105202161085982	-20.0587649580871	2.42572495767851	1
X2901356	6.06413584308262	0.26911692930563	-12.2247416880176	1.48291026639233	1
X2901357	3.63440569893906	0.271027105936961	-10.513659529877	8.78446046900601	1
X2901358	42.8493308667591	0.180823869066892	38.1234211461011	1.98772749044922	1
X2901359	-19.8261097240992	1.85472591908469	-37.7486428239944	10.5632272934418	1
X2901360	3.37681125938562	-3.55290904902647	10.4605962317614	-10.6097492354358	1
X2901361	-10.0593265746962	1.36603240242103	-11.0620382352368	9.05194588471717	1
X2901362	-59.0016073940198	1.64602756301198	-50.6268081833971	3.77860302579881	1
X2901363	-18.14186956366	1.49599822436172	-36.5357917767848	1.19044651274141	1
X2901364	5.81511194711525	-1.96145710331348	8.28421895671048	-3.67377416430488	1
X2901365	-7.90696644850097	1.98861332078846	-3.38227045578196	4.30225433892207	1
X2901366	-25.062947880397	-2.79900936308318	-1.12241963143589	-10.0165874525576	1
X2901367	12.2923693894491	-0.0325400101822227	28.7611099677381	0.680870092651881	1
X2901368	-28.6195854477934	-0.525886130543279	-32.9798599855659	0.0781590296904015	1
X2901369	-4.1125989217195	0.0247002587901537	-23.9800129929458	13.7141755944662	1
X2901370	-14.9228053527051	-0.563069450343912	-27.6173159130555	-7.83755152216833	1
X2901371	-40.9688465854234	-0.783104305143131	-34.7609634481981	-4.85544770709028	1
X2901372	-5.05802914342065	-0.0363172884428162	-15.0284983161051	3.55678831013618	1
X2901373	-41.5291371984858	-1.77660150866376	-24.7019018560349	-2.45127580236324	1
X2901374	30.5958643266027	0.206518786799363	32.6931833439635	2.22818914203042	1
X2901375	-0.408984258973621	-0.595225774100954	0.526412073245343	0.59601718223688	1
X2901376	-8.99614200879947	-0.324085514285064	-12.4900442830792	-6.05730714938584	1
X2901377	-19.1827647093674	-1.93386432701415	-36.1246669376974	-3.34338928060502	1
X2901378	25.0084076677806	1.57558960969266	2.8060531573099	13.1737340244894	1
X2901379	0.02782975275663	-0.500782364086651	-8.63204944307626	4.26287943514547	1
X2901380	6.36084780752202	-0.223887995020707	-16.4295917208997	-7.36574646554977	1
X2901381	23.0256692140441	1.88085040487157	20.6557929371807	8.50517166508117	1
X2901382	-19.5750546017691	0.740419155884125	-20.2054130352701	2.98189788018266	1
X2901383	-33.609663395707	1.53971569027778	-24.9823726318019	3.56572396810993	1
X2901384	-15.4308050023224	-0.68435565820888	-25.3287126044567	-2.39199541701389	1
X2901385	-12.3903650776356	0.374539762278557	-17.3118164581905	5.41620144353023	1
X2901386	4.82793886776341	1.30645252801062	-4.43844687449154	0.333026203372545	1
X2901387	-31.6721759743052	-1.79235429048047	-30.9271679006978	-2.23832375257289	1
X2901388	-13.0722140052227	2.46695679514883	-22.7075399060804	14.1746431945511	1
X2901389	-54.687910979075	-1.62193882442833	-40.1084950616779	-2.07592774926084	1
X2901390	8.88635299321683	0.610007065281528	10.4833677245017	-0.915014884499973	1
X2901391	23.7773328951356	-0.917142999309565	58.6976797165985	-15.6156244124738	1
X2901392	31.674816509494	0.308286064238469	48.6742612551785	-9.67724025176408	1
X2901393	32.7711919000122	-0.0620664455934575	17.3150809860934	-5.52879920731932	1
X2901394	-2.60687807855479	0.0358576472526122	-8.3552044021169	-2.85032161444102	1
X2901395	1.43693845633354	0.545559521475657	27.6760514105398	-0.674731887094847	1
X2901396	-9.25163250284309	0.331420922520929	2.3974208495848	-7.36095756784623	1
X2901397	16.8865561984051	1.78469199216704	8.95495617014235	-2.42383016006234	1
X2901398	0.579845877114778	1.67774362957704	0.550779539657651	-3.12230514746898	1
X2901399	-7.36741159522934	1.82950393215768	17.7510827903055	3.37091529227647	1
X2901400	21.3237174293132	2.31205398452973	6.61014160531264	1.32056203856188	1
X2901401	25.6793910729429	-0.0168336094930325	30.2622862919237	-4.30352297212104	1
X2901402	-15.2151636807831	-0.634120748394308	-0.0540291614547681	-4.61866519936174	1
X2901403	22.4566522132961	0.144364265986367	43.2295395354155	-10.5267555667799	1
X2901404	6.65284361676595	2.60772127775509	7.0784839995147	-0.717604651427365	1
X2901405	21.9060089838499	-1.1499993015269	16.6700352130895	-2.3100309077204	1
X2901406	48.9927193263977	1.32675050305073	47.4508690223474	-3.12772080200522	1
X2901407	5.03539459321152	0.138028683787248	13.0703346829339	-4.89895136687715	1
X2901408	-9.32788087551309	1.29938436812248	-8.6041099418243	-2.34525118510634	1
X2901409	18.2161133004759	0.552750637697366	14.9823691016114	1.14692504514838	1
X2901410	0.286524033528436	-1.40503687783735	9.36390333861028	-6.34237465471782	1
X2901411	-1.3017068550595	-3.09721416839366	-0.780007388597096	-1.4369666885846	1
X2901412	-38.6305938270961	1.12861213408158	-43.4421919276299	4.18989581307644	1
X2901413	-13.5126545616234	-1.88960251580252	1.29419953346845	-2.37054937551422	1
X2901414	17.189555924238	-0.0896485974926753	27.054368116299	3.62750034336304	1
X2901415	-11.0112424397438	-3.32222388265955	-31.6992024085066	-3.76708860415756	1
X2901416	-2.00588460920168	-0.487297520536361	-19.9777138984008	1.23940071252722	1
X2901417	-11.5552740979043	-1.63128712236336	-6.9939020854207	0.291568573632549	1
X2901418	-25.7527043032569	-1.55607522265273	-14.1549101713532	-11.720256791357	1
X2901419	-15.020470433345	-2.56402403809472	-21.6370582708104	-4.04597241972569	1
X2901420	25.9718041296395	1.15837753759274	48.6373622893786	-4.62958898903263	1
X2901421	31.9290104825171	2.15519516861175	18.1344854391701	9.17286086092462	1
X2901422	-32.2582056423283	-0.404252538175608	-54.3618743764501	-5.54593726470619	1
X2901423	23.7171741101153	-0.185417339040538	13.4928882379833	-0.49407486112632	1
X2901424	-27.3617051494426	0.625302491157363	-24.0801696826415	1.41978051722525	1
X2901425	-10.3885235791688	0.0104892435523286	1.31125932328458	-1.70540881145349	1
X2901426	-13.9643820527813	3.69089378441757	-8.55963723770488	4.27543562245124	1
X2901427	25.108586826226	-1.61942880115991	45.6034849254992	-5.04167245034062	1
X2901428	-23.2344575096827	0.506933302833853	-21.1675949348931	2.01314995027135	1
X2901429	-12.2727354628734	-0.892211435491744	17.7700607363089	-2.63081077112149	1
X2901430	13.1569159661384	1.05941708672393	-1.9092513566322	-1.80972552593257	1
X2901431	-9.80935326549761	-1.45559261185143	-15.5703740261324	-8.81968460552496	1
X2901432	-39.9605201072529	-0.277898921967509	-22.128411073534	-12.117534421999	1
X2901433	-21.6380839706498	0.457935281087187	-9.36357243507511	-0.852083654022885	1
X2901434	17.4149230829829	0.120094346207583	38.0292237870598	-7.94604545532712	1
X2901435	0.400712792622646	1.43498880472946	-6.01598461298231	-2.36649680847607	1
X2901436	-36.5716988606586	1.342679513398	-44.4136773479278	11.9818736890006	1
X2901437	-13.9218871508828	-0.814724789521871	5.41551911684966	-12.2418742209519	1
X2901438	-26.2378419588639	-0.812904919747453	-33.1364147029869	-2.56642296697273	1
X2901439	4.64335150093489	0.635298913048139	1.54662525773443	-7.77084452684353	1
X2901440	5.23766748043179	1.74969305937417	0.359130241234591	-0.205472720212019	1
X2901441	-39.9598083766246	-4.15981996642638	-36.6446738575408	-0.0479810124688175	1
X2901442	-39.037436372595	1.02770630752389	-39.1990697641198	5.7988633439762	1
X2901443	-17.3824530534657	-0.24198794443401	-18.6244233608395	3.59504503670582	1
X2901444	7.15839385997665	-1.47162623097378	-13.010448108764	7.7612277994627	1
X2901445	-10.3271330216544	0.854013401243225	-24.2719119513649	16.8562006871945	1
X2901446	-18.4412557416416	-0.548773543580924	-25.2561883718649	6.80471377384331	1
X2901447	-50.3590382018516	1.70128947335698	-45.5255906021649	7.65314960046029	1
X2901448	-17.3053395242058	0.402373374099856	-31.2303384745451	6.207550368318	1
X2901449	-41.9248910124241	-1.93946236813102	-19.013551214203	-2.71167287884385	1
X2901450	-3.76204524008431	-1.43946378608878	3.52223747220394	8.75385814270572	1
X2901451	-36.4233392096073	0.498992587098078	-43.8202606699756	10.9078354281756	1
X2901452	-28.4867764900266	2.1815499094074	-43.0830282094079	4.75705780222671	1
X2901453	-26.3416763086253	0.403543530694941	-28.015519131929	11.0352680834532	1
X2901454	-15.134601549678	-0.674155653381442	-43.1548626111865	9.59650022007867	1
X2901455	-23.035320226464	-0.32063014046917	-35.5754916179757	12.9038091434874	1
X2901456	-40.7944746649159	0.965361282083639	-58.8826351161108	11.8560914145812	1
X2901457	10.3092705300109	2.34171766917792	-5.968945265275	-10.0827589264352	1
X2901458	-24.8209106056272	0.905309109396423	-20.7406210108918	-1.51690119840884	1
X2901459	-12.6515235862702	1.57575956132426	-5.27971005200544	7.08369873458764	1
X2901460	25.1977401724406	-0.0541554157664251	29.1669532947832	-4.15436626150952	1
X2901461	-47.7546729209697	1.06285314312452	-38.0681653449524	-1.45818616030883	1
X2901462	-27.7494695459443	0.395268437034011	-36.355152915615	0.617598824146024	1
X2901463	28.1422857324048	2.69181102412045	5.48316322484313	7.19560894356769	1
X2901464	-22.5530555431895	-1.90956577750615	3.69648803206775	-4.41911508991999	1
X2901465	-16.0319390834388	2.47700247727109	-25.1519369536698	-2.85247395618968	1
X2901466	-15.790468679136	1.91882450659044	-19.6735004257495	-0.920831091076202	1
X2901467	-10.7748981977218	2.01564039777457	-7.39956998925855	-0.396375830365947	1
X2901468	-10.3403699075322	2.56677308039057	-11.4492472557625	-0.995061229251292	1
X2901469	-11.9778099262378	0.0770820962741299	-9.87449561016989	-3.88534931332946	1
X2901470	43.2486119835082	1.04004814315807	22.5547332998245	-1.18702058298304	1
X2901471	36.6582953420711	-3.63161337432568	40.4060080992476	-3.78508671097112	1
X2901472	-12.1449015283247	4.03876174081959	-7.53651208921545	-2.88213774942895	1
X2901473	3.94028283811095	-0.165088760711943	20.0914430406751	-8.9800303178671	1
X2901474	-12.7964299478433	1.7607885234404	-8.73618609082954	1.26182685584295	1
X2901475	12.8904477240436	2.66943004403729	0.977468775964264	6.44338032731498	1
X2901476	26.4311469814311	-2.6078351626178	25.8540891349006	-2.2626970008477	1
X2901477	-8.57746568747751	0.33458861800798	0.311112673642628	8.27848513666125	1
X2901478	-10.7539621465388	0.340450122847683	4.16840211335172	-7.80944667549034	1
X2901479	21.41066954426	-1.32919324068011	24.5803665798669	-4.39731485542222	1
X2901480	-5.00332576379992	-0.282061504330375	-4.15187256569069	0.222178213699688	1
X2901481	-19.4928807142334	-0.220168014927116	-1.30885045804802	2.03553535918805	1
X2901482	-44.7813163153225	-2.12086476141322	-13.3154295606411	-3.94811324706384	1
X2901483	20.4437917931407	0.300027326746266	12.5356659770339	2.11462312716011	1
X2901484	-8.2332890853903	0.315004903301345	-19.0298569458943	-6.24060355914614	1
X2901485	-17.581646831993	0.824217129142125	-33.242028027802	-3.94673128821056	1
X2901486	-1.00444890951749	-0.290745614042302	-5.32234923357348	-2.56546179557083	1
X2901487	-2.62400901989172	-0.760619209787111	-11.1162568380858	-2.09690943001301	1
X2901488	8.59594706642585	1.41654409083427	13.2407731775739	0.58496756522955	1
X2901489	30.7335224441842	0.582384576393637	39.8290552589897	-4.35656794323377	1
X2901490	1.5751431230614	0.663344156665983	-15.1294650182915	-6.76496280083176	1
X2901491	23.8836758314109	0.693784240493191	34.0036268582226	-1.82140863200795	1
X2901492	11.5477326203808	-0.706025822456293	16.3343525991662	-4.19311930356229	1
X2901493	8.96739544799087	0.22469199275455	1.56660560700568	-1.59254164566294	1
X2901494	-29.7990243731969	-0.043905278030717	-22.1039017006794	1.45964945722987	1
X2901495	-8.2253291608591	1.84541387357522	-8.84033743532329	-15.1654086437367	1
X2901496	3.6086165013746	0.114422573377642	-7.79333296017448	3.33025608514037	1
X2901497	39.4848406718305	1.78558521660501	52.8044702679848	-5.14316126199667	1
X2901498	39.0788842357304	0.772340737030964	26.8398040377691	8.2492773748379	1
X2901499	45.6202195298514	1.41190950010732	45.8969661064742	-7.5908926201503	1
X2901500	-25.4089015340871	-0.531795474998643	-37.3839758896553	-2.94706062118831	1
X2901501	6.02979615646334	0.270331503394727	-0.128581884135263	12.3204510377675	1
X2901502	-5.70772892111003	0.413360736321438	10.3067015989299	-0.579005757785766	1
X2901503	-22.8267515766403	-1.22228123980818	-4.60211949598778	-1.68332683571506	1
X2901504	-24.1341130560486	-3.30341550263109	-16.107845211544	-2.31103842052988	1
X2901505	20.6645004872996	0.329183309488942	27.8001754846815	-7.72865783193828	1
X2901506	-6.39195908872393	0.484373992744952	3.47905128378084	-0.297015451209191	1
X2901507	-9.98205593409915	-0.150925105962055	-22.6824211210947	-4.51679271608751	1
X2901508	19.0277468725713	-1.11594162223619	23.4120380008908	-4.59326341300853	1
X2901509	9.66032627280385	-0.451684046004295	16.7414555830673	-0.808085553772859	1
X2901510	-15.8213783688667	-0.0610632586289546	10.474360468097	-4.52483207823778	1
X2901511	45.2314061743391	-1.16903865270893	51.4121566537001	-5.66384551639275	1
X2901512	18.7716467583567	0.287931103717136	2.21774427875408	3.68087505110312	1
X2901513	6.69586751819588	2.08303268682579	8.66813285271024	-4.21580373622825	1
X2901514	-7.37464859719735	1.16294576271425	-9.24145796546829	-5.45755862764829	1
X2901515	27.9234353623816	-0.00150624574249511	17.6838960778078	10.3997406024324	1
X2901516	-50.5853714608898	-0.104715926640571	-45.3804285301995	-0.123746857114475	1
X2901517	3.08662067700607	-0.666437099927109	8.34931448943321	-1.32878625106089	1
X2901518	-34.6659555875667	-0.353491626317186	-37.7238232174476	4.29756131879674	1
X2901519	56.8400360077119	-1.25401914346672	55.8532358443016	-6.88356767567872	1
X2901520	-46.3744407938156	-0.0225912746494777	-49.1419929932914	4.82341214995052	1
X2901521	7.01107763406542	-0.364738758496265	27.5030551320307	-2.87667881392232	1
X2901522	-12.2365043035225	0.759971216036227	-14.7280492869833	2.73104487093547	1
X2901523	14.3635964035949	-2.20434062599217	21.7652647538671	-7.16820952299781	1
X2901524	-10.3488975310969	1.55238037225134	-8.45517153720757	4.27336128814218	1
X2901525	-2.52873192068738	0.879636284172184	-8.64724095200956	-3.28474757076153	1
X2901526	-32.086785383839	-1.88376956305823	-38.5869366415092	-2.03204148982046	1
X2901527	21.2354646171641	0.934035623045324	-9.19963767446105	-2.31706952587006	1
X2901528	-7.04491787165947	-0.813544385632861	0.923941612810772	-1.56258098846268	1
X2901529	-27.4575994380569	0.0587201323748888	-27.2097414158276	4.41524492627603	1
X2901530	19.5805742636909	-2.87279449852887	24.0992840656849	-1.75533287231786	1
X2901531	32.1614388746951	-0.0792695891169167	34.7856468164241	0.670984319493996	1
X2901532	-44.7363499126009	0.953266673389301	-46.9083437811235	4.91584999667562	1
X2901533	2.9212800328725	-0.141572727865094	10.0603665015659	-10.0992211700679	1
X2901534	3.70628650887632	-1.3489082671336	29.1297160269297	-8.21655886309587	1
X2901535	-5.0632177507511	-0.317102428755714	1.03294421283758	0.44043527988664	1
X2901536	4.70069591100009	-0.756466577342004	-12.3733722712372	6.35498554180817	1
X2901537	-42.4915709182287	0.850941643183478	-37.0407553375877	2.89834154278152	1
X2901538	-15.3040631172054	-0.759714203315833	-4.24353596009766	-0.46792793609703	1
X2901539	7.97248240601132	-3.3163047922926	19.9255362117118	4.49638921925993	1
X2901540	-21.2321347353663	-0.230623205810899	-43.6955212238084	5.14790299219995	1
X2901541	2.79009282519645	0.24484738433948	0.783659607249346	1.45896778565122	1
X2901542	-5.23053932542396	-1.67719061694988	-18.2901068457209	-5.12515278387813	1
X2901543	9.2107285787892	-0.54891469111985	15.2910043522633	-10.4500205235674	1
X2901544	49.7248775396912	-1.90802065027027	43.6457524394921	3.04158138645406	1
X2901545	4.70085556497849	-2.14484011059489	16.7015595235894	-6.33940258459833	1
X2901546	38.4491468187099	-3.48548425631597	36.3258696256685	-12.5311456824735	1
X2901547	-31.6983344592292	-1.10252135708874	-28.2712726379686	1.32813783524307	1
X2901548	-31.9330700913296	-2.00284920394354	-9.66804455798955	-2.21883124001261	1
X2901549	11.2200031265178	-2.19536859396974	26.2526103571937	-3.54291431500818	1
X2901550	1.78145865000873	-1.01718457526516	-3.51717666311395	-5.49930394104087	1
X2901551	-7.69173201901455	-0.546077001316384	1.18414345799092	-8.41634584730544	1
X2901552	-29.5593460820757	-2.64648520860152	-8.44877326708244	2.58330779706131	1
X2901553	0.730771870341565	-2.4283977091548	9.84738939703573	-0.42998084487774	1
X2901554	-8.23995105348799	-0.455050543641278	-16.6925364781489	4.16914418529976	1
X2901555	7.38702698737527	-1.56219522663509	11.7882086478481	3.77143021767964	1
X2901556	-31.2062306384017	-3.10084659390049	-13.0918788776291	-7.82260572104612	1
X2901557	-20.9973359484083	-1.71430931184996	-25.551231899691	-1.35648970320353	1
X2901558	10.0091147014894	0.124536482157021	6.07786426878639	6.14154670008485	1
X2901559	10.2486105855244	4.60411606794548	-2.00216979330561	8.00874044211034	1
X2901560	-15.5956089512684	0.292679949883066	-17.7567839644481	-6.05405904303948	1
X2901561	46.7094199992447	1.42492792109835	45.1523174086572	1.28681122224059	1
X2901562	5.68180259864032	-0.360373654928524	4.48472307820361	-3.24299491010295	1
X2901563	-22.774685326178	-0.731712173210381	-21.3696166340901	-1.53276721181037	1
X2901564	-47.4956361868428	-1.44023209755459	-28.123297036094	3.77106162596358	1
X2901565	18.2447161094567	2.18191837921732	20.0110673955294	6.10137534924332	1
X2901566	5.96941021923248	0.341156769705858	9.15813836285279	2.44214675827567	1
X2901567	-3.78985257848418	0.710976379884274	4.96203104437548	-5.53641962944393	1
X2901568	-1.70009473387951	0.116833519763895	9.3718321717071	4.23339982415907	1
X2901569	8.2063760920473	-0.0145521790364308	0.115726500829489	-2.84554726380992	1
X2901570	41.5548227067655	1.46223008495996	54.2939741560932	0.711151209143753	1
X2901571	40.7756643198688	-2.36768274751303	51.7984043298078	-2.71253871687082	1
X2901572	20.838825902054	0.888054550434922	16.4145000676129	5.21136344930608	1
X2901573	-15.1743272492975	-0.670535918435229	-17.478861627009	2.37558986326833	1
X2901574	-18.8788443682795	-0.00202890520352977	-27.6240384564673	-2.82195181274638	1
X2901575	16.036145287356	0.665490771988322	13.8346551705729	-3.35897054077473	1
X2901576	-3.26475841800933	1.16678998934383	-1.56432253599388	-0.491065583856084	1
X2901577	3.52426668950884	-1.9445805522644	17.0813501824496	-1.5319512143138	1
X2901578	20.8238645464646	0.460509605249893	1.57895587253416	5.34337730897228	1
X2901579	-21.7988581511625	-1.92243190294042	-25.2118329846872	-2.17201567393266	1
X2901580	35.5167649162085	-2.14657443199009	22.3776775332606	3.48554439626003	1
X2901581	-4.76754370745501	-1.85520938804039	1.66574817975152	3.33876265712054	1
X2901582	31.0455273835033	0.805628207522997	20.7256929917246	-2.53249472574546	1
X2901583	-21.9894116125528	-1.98484044468608	-5.37331306810958	2.36326128458391	1
X2901584	5.95188335887933	-2.5250631317288	10.5912447908599	-10.4467949456023	1
X2901585	-13.1159684150153	-1.04993028014746	-14.6121566263047	5.01658443406172	1
X2901586	-19.464154403765	-1.72660025823114	-11.9616417182082	-2.00261913848422	1
X2901587	7.94738424380733	-5.32288291892616	15.9307207214872	-7.48195874290868	1
X2901588	18.0682206042447	-2.36543893368825	17.450684247367	6.16721085556069	1
X2901589	-23.0418940317608	-0.112307589768091	-27.6589193308945	1.17116949790702	1
X2901590	-24.6426217277292	0.0536291869436617	-25.0340761479491	3.77539637332382	1
X2901591	-7.69011435582486	0.259221776646425	-24.0912650721911	-3.35529991662891	1
X2901592	8.95285225451629	-2.56911294767237	10.1318207664356	4.55308882165914	1
X2901593	18.8844070423475	0.965187336120171	-1.24663958102764	2.21892893271633	1
X2901594	-31.522140295538	-2.39623619467399	-26.7235671299224	2.31119708676075	1
X2901595	0.411514233652538	-0.210701941650841	-8.67727656373624	-4.86484849170233	1
X2901596	27.9858504846079	-2.07389816894733	32.769614710603	-8.18910888958526	1
X2901597	10.0768354469365	-1.17958340739328	28.8376365598277	-5.4117561905116	1
X2901598	11.7679683515064	-4.30904609438828	30.1436879381383	-5.70616221092337	1
X2901599	11.3543696175817	-4.30916895019072	28.1593171069954	-3.38320060439193	1
X2901600	-17.0846005734077	0.431551825813302	-11.9462150931775	0.0750710843449234	1
X2901601	10.3330172547735	-2.31959887461196	3.79481715026425	4.5545701506308	1
X2901602	1.87197545646246	-0.784659098025806	-3.861228394781	-1.34053593697742	1
X2901603	-2.35451986307588	1.74994239553737	2.33354556204735	6.34896073904977	1
X2901604	18.1263076699216	-2.76908132331604	19.2161125126241	-1.36739859756519	1
X2901605	-42.3741605314583	1.03105702867254	-25.874048256399	-2.34338072606537	1
X2901606	-14.3473212651086	-1.2969334842234	-17.3713033510547	-2.81757439254799	1
X2901607	4.725169914442	0.0407706446983469	2.51019784330319	2.33614394527225	1
X2901608	15.1673569732325	1.73631336905481	12.1133574895275	1.69434720051608	1
X2901609	-2.43628029862221	-1.56842305582229	8.09571818201193	-9.49366991396449	1
X2901610	22.3901694448665	-1.98705320973357	29.5420510818416	-1.77227884235527	1
X2901611	-38.3436011811325	0.553841179666336	-27.7670386817265	8.5965535837921	1
X2901612	-2.54510318437457	1.06786979565808	8.93887808994695	2.59005821587696	1
X2901613	26.6512237905333	2.70813050326819	15.5939174861295	9.45081127307997	1
X2901614	34.5576236566896	-0.939161081863558	42.4048298829918	-1.5050016267648	1
X2901615	11.7147225024068	-2.49594040511014	22.0924011089058	-17.652471284232	1
X2901616	47.2067971828207	-1.60567900325563	28.0934285218202	8.45060126403193	1
X2901617	7.78120382357266	0.138111973995643	14.0077634113732	-1.47128657524646	1
X2901618	15.057603188903	2.10628548113183	2.29015593708788	9.08769246777955	1
X2901619	5.92830276312457	1.53047274552278	7.00970241012517	-0.997344944068123	1
X2901620	12.8135791952496	0.182321375403255	7.18238999114263	2.1509421179737	1
X2901621	2.2398417948553	-2.17857374233143	9.88197249789796	-3.27593807066205	1
X2901622	-4.23205826411545	-0.141341836131733	3.73522906960954	-6.18239219069176	1
X2901623	19.640188711888	0.325985004674311	25.3338963723006	-2.07867575192562	1
X2901624	-13.589340622815	0.15752157998173	-20.0434911591143	4.35053198253553	1
X2901625	6.94344145538313	1.62516080480717	-7.10677251734355	-1.06889117826394	1
X2901626	-31.0833548586265	0.829141892386008	-14.6218200086079	-6.05768053153734	1
X2901627	-26.8895108766147	0.934233384303906	4.71925544993349	-4.31106048509541	1
X2901628	-34.5790031816791	-0.319035066315902	-39.4935333941733	2.27004556160992	1
X2901629	31.9309286580316	-1.30774074955099	36.2421127605716	1.52050740372439	1
X2901630	2.6518196876164	1.48774395010179	-17.1700911500728	5.21245924003571	1
X2901631	-12.3255140181184	0.239930530906896	-9.24721610131991	-1.01907083189554	1
X2901632	5.30276125268861	0.431152040465297	-6.73038114193357	-9.98935753699435	1
X2901633	-34.5051763920466	1.47043488644009	-30.6371527823879	-4.66569507242364	1
X2901634	-9.33088448182062	-0.0238632093511213	0.960190399514909	-3.44645404252621	1
X2901635	1.01108415699435	-1.12097768194822	7.28591845630188	-2.75921282497561	1
X2901636	-9.09738513471575	-0.283920949496496	-4.24844455557179	-8.71003621094237	1
X2901637	-14.2834299784787	3.07572197411686	-22.052769411905	2.89245504443913	1
X2901638	19.1121594802086	2.33358845120186	28.9896882616043	8.4687527564161	1
X2901639	-36.1018933762002	0.701616014601809	-42.0638092787998	-1.25558343081021	1
X2901640	30.0044388764636	4.38125432356204	30.8290403263851	6.64125550127976	1
X2901641	-9.19562136369174	0.4261172038553	-11.0143326769908	3.27641304020061	1
X2901642	14.2023688005671	4.21994328192694	-7.42367432516282	11.503088816124	1
X2901643	-3.21843519173403	2.23712592738419	-3.12717826103413	9.37755399664826	1
X2901644	-12.8976167415538	3.89258451081141	-29.8587625749883	6.30278580279126	1
X2901645	20.6052484262958	-1.26552717591957	4.44167798231446	4.51349781409007	1
X2901646	-28.2888334189827	3.61918933308242	-41.9355924139742	7.34611852990668	1
X2901647	31.1419362286237	0.917339432230404	53.6660834229197	-4.60043700954342	1
X2901648	16.8054150706181	1.32758765955095	11.2753543453558	6.37329070001156	1
X2901649	4.54689240756107	2.38396905450237	-8.57214084835849	1.71068320107497	1
X2901650	-5.30204544470698	1.60942900834267	-6.02836019949788	7.53578424455238	1
X2901651	34.2597194453694	0.406342754244572	30.3845391982461	0.184405117392268	1
X2901652	-4.43763169553217	-0.504322227591431	-8.53048960540381	0.62660060625332	1
X2901653	33.3055739521739	-1.48322306913252	39.3074069917291	1.26378465044714	1
X2901654	-18.3633170843664	-0.757862977013922	-18.4830536824318	-3.59902525695483	1
X2901655	-13.7875762678448	-1.11890474668287	-22.7827087701176	1.06576422755026	1
X2901656	21.331622079498	-1.39188365986424	27.6752069201611	-5.56620648015818	1
X2901657	-14.6333463634865	-2.05208515251414	-11.5550063090591	-5.8982304342711	1
X2901658	-38.0207051258164	-1.04145777257312	-17.6419398737728	0.286182824528895	1
X2901659	-8.9721458703408	1.41006262612262	-0.141129370283622	6.62878691453775	1
X2901660	23.5191239718491	1.83554165921771	24.6584034329051	0.103294617806367	1
X2901661	13.3523431219385	-0.910836532538217	20.3639568037578	3.02982101093618	1
X2901662	16.6332035417002	-0.311303438460229	21.6736179904553	3.86718920374882	1
X2901663	6.60453021623667	-0.369873086178754	2.3724711143236	4.32634666036646	1
X2901664	-14.2591620233544	-0.0128500536370763	-26.1787575922092	-0.169159020403883	1
X2901665	-49.5059897883057	-0.961897779722857	-44.3902597222557	2.26292653031479	1
X2901666	-1.74970550366262	0.616542081869049	-6.99609178373774	-5.40794644561408	1
X2901667	-26.9604674344558	-0.343300065804967	-17.5736313327045	-1.42421960826919	1
X2901668	-11.0471465914999	0.790118494441892	-38.7687712467998	11.0074298581699	1
X2901669	12.5902136605753	-1.78265980025412	13.8277597255013	1.69796762838036	1
X2901670	-45.3212499208894	-3.15073741849274	-25.2615822056967	-0.553796490166794	1
X2901671	-0.0384749138375877	1.45755012856023	-6.6033637143866	3.91551696285934	1
X2901672	-2.64267624009691	0.739357026320905	-19.5502528521635	7.84775226528782	1
X2901673	16.7801623363116	-1.42035001902012	8.00885622340573	5.00075644053783	1
X2901674	-24.2802335116941	3.00034780072021	-15.7629967136659	3.01825900049317	1
X2901675	8.25883641825841	1.56693105548081	-21.8842638646535	13.423807126359	1
X2901676	7.11073327595554	1.68946709247086	-0.00522913386944612	5.24378376157417	1
X2901677	-20.4303702600778	1.29565285844763	-45.8756599805955	2.87103410662005	1
X2901678	0.439186282677888	1.7691659479138	10.6820937576512	14.7209090812582	1
X2901679	-24.9787036471395	2.25806452349292	-25.2163269826651	9.77220712408308	1
X2901680	12.5872324851781	0.461283025562733	5.43695157657765	4.87541477641192	1
X2901681	-7.29312357093554	2.50469067127321	-22.0516270043207	12.6646708199504	1
X2901682	10.891440480497	3.34113703790603	0.756980578321207	8.0748794387434	1
X2901683	6.25291049149864	1.92848442049984	3.84270160021701	3.81822483196461	1
X2901684	-7.26062733769333	0.740754692281709	-15.3498403677962	-10.169271317177	1
X2901685	45.4740394587439	0.692500567228362	59.282189432741	-5.73861711721801	1
X2901686	-19.3476572592125	-0.447538412414527	-24.9053705554386	-6.5968126371299	1
X2901687	-12.4350084144565	0.107084076103873	-9.12826263179797	-12.1398119003745	1
X2901688	-6.52218406725875	-0.54577587411167	-15.1678357713786	-5.58396570328221	1
X2901689	0.955905793669821	0.204511367528618	0.48308766299677	-4.15060268952112	1
X2901690	28.2144759469421	0.476363841097471	27.5812429203878	-2.34698148662347	1
X2901691	31.1484700933474	-2.46686564968989	40.1012577514437	-11.0999320257881	1
X2901692	3.39200568697699	-1.19694220489411	13.5794104864604	3.8542089235294	1
X2901693	-2.52564280105695	1.75819034318041	-0.166339838490057	-6.10298083455727	1
X2901694	26.2345373016358	0.0940141820414698	33.0385876601944	-0.336410905682172	1
X2901695	9.22535848113089	-0.552652897942988	14.9193098655958	-7.98571854526928	1
X2901696	2.92894690578933	-1.56956246008726	-15.4821394924589	4.77851712214019	1
X2901697	13.5100665241453	-0.644464367192203	10.2027314398951	1.88373474858848	1
X2901698	-5.49273976462792	-0.638151689286841	-13.2723372692715	3.76566442739628	1
X2901699	-53.2748589174975	-0.179927227779622	-48.5575108034265	-5.03265573355626	1
X2901700	-8.4965418557396	1.86906291463793	-23.490530991922	8.94380589538007	1
X2901701	-5.94658752616855	2.50636155876727	-13.670344068224	12.9064609946336	1
X2901702	-20.1727676121841	2.70856328301431	-16.1755876704256	8.0321851024744	1
X2901703	-20.1940108777589	-0.0348300190306078	-36.6951767659857	8.94339013991801	1
X2901704	50.3314162702911	0.449728370483802	34.4988320916569	-1.47304601649234	1
X2901705	5.04988866914187	1.12370873106154	10.981227291844	7.13030587689319	1
X2901706	26.5690978674828	1.06163129807275	27.2169284209751	4.79139381693024	1
X2901707	-43.3605799914994	-0.744655567226563	-29.8502338940508	5.54497356052549	1
X2901708	23.4033887882535	0.732167503759869	36.3427616042241	-1.02556669616672	1
X2901709	-10.3054307469546	1.00790288183176	-2.09672180641231	-4.97228909562447	1
X2901710	-8.31937401900239	-2.8675698675985	-8.02888916297778	-0.402058563755343	1
X2901711	5.87736314226438	-0.701594032470567	14.5615499668279	2.2676447908512	1
X2901712	-0.0586835169711852	3.60340526865804	-36.9055160028998	9.09263262520368	1
X2901713	-6.61370188391137	-0.0411767426587752	-10.0162181803664	2.08526536911156	1
X2901714	39.5879456418611	2.54653750033529	38.202644740824	2.04271146430957	1
X2901715	-42.90298779294	1.53900557148437	-41.8777183309229	10.9345492463276	1
X2901716	-12.038946367239	0.123208465074864	-12.6938086584083	9.13570179271757	1
X2901717	6.57388463013601	0.447452520868533	-22.216427072282	-0.339532947651405	1
X2901718	-15.3502533291744	0.276350317067714	-15.6221304041511	4.3483668320577	1
X2901719	-19.3665483703757	0.145548823003115	-19.6560198157887	-1.19266567093655	1
X2901720	12.5678260145775	-1.11536737370166	11.8730250515085	2.48887887916226	1
X2901721	1.03625940297015	-0.522440727506426	17.1177840693643	-13.1301845939208	1
X2901722	-19.5291928055535	-1.46717114629705	-17.9284827824354	-3.2744004257937	1
X2901723	-20.5483420541989	1.08571560386525	-6.96259688134963	0.817109843831861	1
X2901724	3.39444478341243	1.15437012578993	1.03693056207215	-4.17845345808794	1
X2901725	-26.2510433081106	-3.48415412686009	-17.8754644410156	-4.97855982672274	1
X2901726	-16.2466223238254	-2.62321669032458	-12.3209859231525	1.23068513256745	1
X2901727	16.6366479630967	2.06036421177445	36.0715862445909	-3.8261480142614	1
X2901728	-3.83944476296567	1.34091632115421	9.96335110375054	4.42650814597132	1
X2901729	3.19816240520712	-0.920686169226119	-0.709746855700549	4.94823687356303	1
X2901730	26.2685351787423	-2.77504952066338	2.15203324706707	3.60858662292442	1
X2901731	-21.6589969059414	-0.551325052360523	-27.8423275036232	8.91645831459928	1
X2901732	2.44570227885222	0.151306562444118	13.2154485919609	1.53808890996362	1
X2901733	-30.124077556923	-2.61094051421772	-10.4307879813225	1.41909477411481	1
X2901734	-12.8286331919743	0.213983229830964	-18.6299579142738	4.81042999739773	1
X2901735	-46.7806172484442	-2.59084937622322	-30.8344976946194	1.63382357920881	1
X2901736	-3.98097514915368	-3.14101300546916	-0.0363728565058565	-4.83247808187451	1
X2901737	24.0063407955931	1.43329790090191	12.7801934148917	7.99681519101472	1
X2901738	-5.08695741055607	-3.7922393217293	-2.79790290143069	-9.89515164290463	1
X2901739	35.1584934935404	-2.00094047060277	37.7840424285104	-5.22758511828859	1
X2901740	-16.6969701983442	0.298976168655719	-16.180599311735	1.61936652635766	1
X2901741	-15.8451734655704	0.113164286556033	-6.18035019776898	-6.69060883464652	1
X2901742	27.6836041536559	-0.850420959163571	34.5843370375618	-0.38166820988604	1
X2901743	-28.5084938095188	-1.47771266668324	-20.5726093559697	1.5351485947529	1
X2901744	-39.7929484886396	1.44924267803494	-35.9643551384636	10.7290577689538	1
X2901745	23.040891551821	-0.679790545932744	54.9976084227333	-4.99705599990355	1
X2901746	10.4678559705709	0.257818537803398	20.8577644277863	-3.70561588905357	1
X2901747	-38.2524868337267	0.933311582098307	-33.0195989144486	7.73769905939087	1
X2901748	2.06520671789045	0.907519355147801	11.6570595952286	-1.51905604585089	1
X2901749	2.83880133830632	-1.53311636714259	7.21877332517104	-11.7316930663141	1
X2901750	-8.84731195832103	-0.294406250412931	-33.1619779488067	-5.11511733686816	1
X2901751	-6.57865449933362	-0.688581848958675	-4.90477078832604	-1.86755838842525	1
X2901752	45.9787908276369	0.246156336302706	53.5065663928706	6.25585953756213	1
X2901753	7.36167021844364	0.370556509457715	11.8696176006378	0.205086983948496	1
X2901754	22.1770945413892	-1.45671801235084	19.5145729705906	-6.53236754921219	1
X2901755	7.19668687661171	-0.193452606219068	32.8928101928022	-6.02805126325587	1
X2901756	-43.9761494096958	-1.06457115387571	-48.170331680258	-2.75445416879389	1
X2901757	-44.3601062309353	-2.41303741500423	-58.3930730566084	-7.91645522695971	1
X2901758	-30.4832219189252	0.597596500610132	-39.7128987261685	9.57646546518923	1
X2901759	-27.8588583267355	-1.7942119120016	-6.715879753467	5.94748512646042	1
X2901760	-15.0691965528844	0.984756426000976	-19.8859659155977	12.4418395298874	1
X2901761	-17.5746253284785	-1.46366161529759	-22.8241944392144	4.29496377390057	1
X2901762	-5.66492749256032	0.679694767491867	-31.6103563022701	2.9320378269302	1
X2901763	-31.5612209437483	-0.963156393624531	-20.329978438069	-0.0684213463728922	1
X2901764	-25.68188163276	-1.58989497406355	-45.9333866314048	1.96438253033122	1
X2901765	38.7626761342654	-0.541885759468888	29.3425255307038	-1.65193017058531	1
X2901766	-37.3580091592947	1.23939152364203	-38.3712238325211	1.14415999968428	1
X2901767	-8.1785324505323	3.73320216700727	-33.8691168084098	16.2271972231855	1
X2901768	9.25719119156967	-0.0959679338177803	-2.29780221158629	-3.32813786922654	1
X2901769	-20.6114885086509	-0.298229588251303	-19.2740147641322	-4.54626212601826	1
X2901770	-39.1354076696272	2.0719294108011	-41.5046865857983	2.41060530347708	1
X2901771	-8.25244975470514	-1.02801544197551	-11.2526856839252	-0.540442055157442	1
X2901772	-22.8973374498866	3.07404241294847	-39.7021810693496	7.88856774473906	1
X2901773	-7.61480287895154	1.54655463730939	-29.5857864876194	-3.26954821608031	1
X2901774	35.6892753786337	1.49920579493426	8.10604358131597	12.5049633831619	1
X2901775	-22.8969395615142	2.73745809698805	-26.1435267457393	5.76389312671631	1
X2901776	26.046885286181	1.9574472015813	16.3542791980585	0.573837090984869	1
X2901777	-13.9341266131459	1.32504910195294	-6.94172626621006	-0.937647047761622	1
X2901778	-29.6658148873292	0.817478467789406	-20.2712332216924	-6.69979217272702	1
X2901779	30.9534862752377	-1.71242292141941	39.2834901728088	-0.696499413299816	1
X2901780	-5.13284916469905	1.38393859421744	-11.771681852122	8.55870367183668	1
X2901781	-8.52865487322369	1.1316104846516	-9.63583976851329	2.31943211108962	1
X2901782	-22.5044075775931	-0.0222470701020846	-22.28886124518	3.53118071111109	1
X2901783	9.6262686795048	-4.87111032555881	7.38593612013352	2.68840328132296	1
X2901784	-11.8411114063033	0.884837456436748	-33.1078438334789	17.3791686193622	1
X2901785	6.79939740422648	-2.43616035107655	4.47773920765882	-4.62150002444969	1
X2901786	3.95483905500373	0.856222145117392	-17.5974742051553	-3.22265775594737	1
X2901787	-19.3838141353439	-2.06420469375943	-0.16625014722591	-4.56688007185618	1
X2901788	-18.6333074778213	-1.13229608842157	-15.1110211184196	-0.452821670313274	1
X2901789	5.26300666463814	0.793630113086742	3.50511300347935	4.04009083871808	1
X2901790	4.16234681456545	2.1967766332219	1.15280198218933	-4.54098152641265	1
X2901791	-11.9171545835766	3.94686484694768	-19.9431570108697	4.50639011741309	1
X2901792	23.1018341521224	0.654833651228811	36.9928505413609	-2.61968172350715	1
X2901793	-16.6815766400862	1.99266161508294	-30.4006036224168	3.92830204494904	1
X2901794	10.8956653582374	4.18134385361722	20.3401012593874	8.59504148655268	1
X2901795	16.7297691477191	-0.187800841033701	24.8142657573942	-5.57461394707373	1
X2901796	2.96080697451829	1.8155790839226	-1.20130707419692	-4.27763048622435	1
X2901797	11.3742477197878	0.801930231685347	-10.1441564618526	-1.14118495420612	1
X2901798	-17.8843412488274	1.97370974333293	-27.8649245597296	1.75487876995114	1
X2901799	15.3011745924448	3.46012196917372	1.5641096552413	-1.13103253200625	1
X2901800	-23.056790147409	2.37890399985168	-48.5750409727678	6.44237923882299	1
X2901801	-8.49597792995666	1.26476948321999	-12.3385524761006	8.33985507380775	1
X2901802	4.24573998893067	3.22969024461184	-16.2071309545252	3.09126708722553	1
X2901803	17.9875373096929	-0.428318131401741	3.91239469459745	6.81011086711191	1
X2901804	-43.8879428698107	0.0755386818242416	-44.6956322368642	-2.78880985151075	1
X2901805	11.6288459878702	-1.75538552729759	7.6696269268766	-2.9910195359382	1
X2901806	-4.9930827282535	1.49549094215281	10.2023500678197	-6.54741968704354	1
X2901807	-3.29359802530493	0.587131154079062	-2.102393625416	-1.38178858589916	1
X2901808	11.8578159609838	-0.314193632777788	4.4345900866554	-7.18387553567142	1
X2901809	11.3540731876294	-0.0856985319072488	8.25672193301197	-0.974471826574794	1
X2901810	-9.31032984964353	-0.763358703101341	-34.208596318378	-4.31065781960098	1
X2901811	-16.0394595992088	-0.928094278919574	-10.5532538915901	0.778156023098164	1
X2901812	-7.89660466903152	-0.495901502053715	-15.8329137468474	-0.513424503712752	1
X2901813	-3.77486433241562	1.03443000503645	-11.1596990054434	6.96044319995801	1
X2901814	49.6924205752283	1.0211763325952	40.0573844706365	-0.652992121280619	1
X2901815	-19.0313642081645	-0.221767516747178	-28.048997041338	-8.34069572071626	1
X2901816	45.0272676811446	1.5041809794061	31.4316870087075	6.74270326830276	1
X2901817	32.3911477713741	0.627905607002763	32.9471618900132	-12.3743462197195	1
X2901818	-38.8696858257271	-0.809600231980677	-31.0679027329057	-1.73162935727983	1
X2901819	-6.94256607687531	0.483561616550183	-10.5928292158306	3.53902833611474	1
X2901820	15.5109458815708	-3.11356094491161	12.423193808103	-0.0364993333627368	1
X2901821	28.686007671321	-1.09503615048374	60.0865204423247	-4.89845933270718	1
X2901822	-16.5046101488849	3.77713121735295	-17.7398978445693	5.6503055439039	1
X2901823	-13.4602681606466	3.73180858966848	-4.40603167139878	0.360448536079142	1
X2901824	-11.7077714893246	1.17166055560326	-34.5551064142973	8.65568943212087	1
X2901825	-14.4868551014964	3.18268721329623	-1.10315811198538	1.64005928145173	1
X2901826	-1.51902496717227	1.65852591377907	-6.17836320593704	17.5168115551446	1
X2901827	-37.2252870868142	-2.22279427217883	-40.2670273087264	4.38515061597791	1
X2901828	-52.51207777628	-2.37685865988683	-49.5785669410803	7.74232995164466	1
X2901829	-16.2346101041559	-0.259831541903309	-31.8197554750809	8.87789972391694	1
X2901830	-18.7620096021263	-3.23622284379803	-19.6552255607607	-0.564618506248403	1
X2901831	-35.3784645181614	-1.23173221108122	-65.6939430194276	4.29426826407835	1
X2901832	-29.9152580062327	-2.07471690043204	-28.2434656465237	2.03376067875051	1
X2901833	1.62431548871256	0.539656636810427	-16.4081577735546	11.5266794319425	1
X2901834	-23.9991141033886	1.69799964454163	-36.9988861445063	-1.87582342256822	1
X2901835	2.95045201611978	0.912872988856732	-5.11266801305112	4.72518951333465	1
X2901836	-1.12995060513429	-1.30214855054027	-16.5995260372174	-1.59762840872022	1
X2901837	6.79574110607673	1.83018320197399	-0.766966392246536	2.04659712460911	1
X2901838	-37.7216082925151	-5.21417731969387	-27.3626577350924	0.916617212241308	1
X2901839	-23.9982455758972	0.589727234545068	-42.4688014175004	18.5466540112472	1
X2901840	5.91862991920758	-2.02654819391134	13.1932014606553	-4.46899319566625	1
X2901841	-47.8467320080596	-2.06090987008889	-24.8669653266469	0.979349379524956	1
X2901842	-35.7086916904799	-2.65488140678913	-35.4484151134042	-5.13002753329465	1
X2901843	-42.0632703563023	-3.3779282094218	-20.4423297925607	-2.99303514291061	1
X2901844	-14.2284089552579	-1.10762866543481	-20.5027097386949	-4.37126376224787	1
X2901845	2.98347278393746	-4.88309772472849	13.1459782624121	-6.97677173843716	1
X2901846	-3.20510896601326	-0.150940963461088	-11.1061355745278	4.96321267455956	1
X2901847	-21.6414384523442	0.638860884801025	-44.6099785968703	2.88169079822602	1
X2901848	-10.1483186292451	0.166598365275577	-36.9987957104803	7.21639492162503	1
X2901849	-29.1967510225018	1.45267784308931	-21.0120847090766	1.89762860373338	1
X2901850	-21.4650864638016	-0.473918763600491	-39.5213105191007	16.0964317339251	1
X2901851	-16.3051538043573	-1.78522274296065	-28.371024180403	12.9214487865418	1
X2901852	12.2500201134864	-0.0314469108459274	22.5117478045518	5.92380543145071	1
X2901853	-23.6518657617714	0.994393578439257	-7.13719125101235	0.605867723443547	1
X2901854	19.446377145367	-0.0654154352579587	26.7698680162177	-2.76637040933622	1
X2901855	-7.89096799630899	-0.238539124824156	-30.2320986714544	3.80290239656209	1
X2901856	13.6493860888438	-2.37808283591049	17.3224362196249	-2.95313102003337	1
X2901857	0.811373835630038	-0.182969261322215	-14.7317521104951	0.245996759631615	1
X2901858	-3.60247753182364	0.204696681195441	-10.9741357290695	1.57566527436029	1
X2901859	28.6393096982372	0.134191075098932	8.31449946799135	7.37965634814301	1
X2901860	-19.903764824569	1.67467043061253	-29.0750785997023	3.00107088217643	1
X2901861	3.00414494974918	-0.49657202682534	-3.71082829268924	13.0898022495813	1
X2901862	-0.208940450540529	0.688969678652149	-1.50313635724245	2.1128660702364	1
X2901863	-3.82502655805859	0.0864455657264144	10.5532473326958	-6.80904461447078	1
X2901864	-55.2602774711365	0.977290389710731	-48.0433481330189	2.39468544338921	1
X2901865	-15.7870419741077	-2.52019912342988	-30.8839006099613	-9.72557996573495	1
X2901866	2.83493199764471	-3.38423891233207	15.0675235572871	-7.31926744943455	1
X2901867	-28.2152533018346	-2.79211039786954	-31.9347740421713	-2.62861520937103	1
X2901868	-7.13300844620635	-2.12833310496974	5.7016566055985	-3.20460595540083	1
X2901869	-12.9507271861859	-4.19116257400026	-2.48046523213048	-13.4006032284011	1
X2901870	-33.2039556201458	-1.63502216179874	-15.1997894963624	-11.6923707455312	1
X2901871	-45.4131812179698	0.0452675731985056	-40.9712923878966	8.93481733973958	1
X2901872	-9.85952956448892	2.53785256737356	-1.67745428318075	2.52454318462878	1
X2901873	15.9660785177404	-0.23980771752453	9.23619176243615	5.77108531920821	1
X2901874	-27.6967450234577	0.838535480993571	-29.1383181337826	1.3592352167278	1
X2901875	-24.7831884761991	2.44137253337445	-40.7172412895924	1.98087531826155	1
X2901876	-22.7454820835394	1.73501852086201	-22.5997908222924	5.02049510354768	1
X2901877	28.3303666388623	0.275975078114636	36.2262884858031	1.64130149007742	1
X2901878	5.67667073548763	-4.15807188561396	29.4431422180925	-8.48295469864786	1
X2901879	4.67546411095449	-1.40397279793002	1.27510001548392	-4.67098147861653	1
X2901880	9.10216961382084	-2.69937306522403	25.4049701350202	-8.58434306146194	1
X2901881	-14.0662607009992	-0.243070287143234	-3.68160003006726	2.10682622893255	1
X2901882	11.3926859427138	3.15382606360517	-12.7593744338485	14.314343796583	1
X2901883	-14.3962791056291	-0.064515165952931	-17.7769290846644	7.46099889043163	1
X2901884	-7.27293154691502	1.63102438201694	-14.7516450688735	0.908455344203355	1
X2901885	-5.02622833585275	0.513622052440385	-0.662184636129254	-0.882112784348547	1
X2901886	22.1578210256381	4.34798543992203	21.0347954524393	11.620112496691	1
X2901887	-3.15604052750926	0.791740768157155	7.54490441396301	0.556510911998321	1
X2901888	-7.18117001091985	0.473178281528203	-16.9375359018387	15.8098883550767	1
X2901889	-22.5899339944399	-1.70124991782595	-20.8850526033677	-2.42306412085516	1
X2901890	-45.6789391905429	0.0045629895610656	-33.5967845437759	3.1850824502906	1
X2901891	-10.3013586925122	0.469937971495085	-11.3384409326033	4.86999409839217	1
X2901892	-8.72077884924951	-1.45322357242454	-0.984748257723858	0.93227737783682	1
X2901893	-1.56975115028471	2.08014453893751	-6.34782509261517	7.28426253995681	1
X2901894	18.0790154100946	-1.66633062527532	14.0910080318936	-5.87538861776385	1
X2901895	-32.724031627521	0.142852535178805	-28.8142700509699	2.84896553069215	1
X2901896	-35.5785483878771	-0.653211191311896	-46.4825129259246	1.98011716727607	1
X2901897	-0.216807269031095	0.215065208207168	-3.61766121517718	3.6855296927908	1
X2901898	-24.9115466868504	-0.893442096721108	-49.262102585704	11.2913069460701	1
X2901899	-14.7310706220412	-0.915784609457264	-11.0082544928897	-2.63021463153492	1
X2901900	-19.8806680887703	-1.5289378194101	-26.6035798226876	1.16053769156146	1
X2901901	-31.3772986306442	-0.152620613985298	-32.4610159714283	3.02774243446075	1
X2901902	14.1261084477758	0.620039536889919	22.5724637496288	-6.10547113745937	1
X2901903	10.2864237937518	0.100586605826213	21.8626764352043	-2.85450036842582	1
X2901904	-3.7639683249414	0.428026299641631	20.6835189684549	-5.24728368541781	1
X2901905	-47.5948862810921	0.408872154250644	-44.7617996374167	2.94709611541676	1
X2901906	-42.7011141442722	-0.527489261406585	-27.2757570091088	-5.71384924907339	1
X2901907	79.1868434305954	2.17105546437337	86.0425030368793	-4.15866218039295	1
X2901908	14.617002428384	1.36109900734438	16.2318474979757	-5.99817362514118	1
X2901909	-9.9912609645792	1.20561269556754	8.76652331075654	5.87315226106472	1
X2901910	-19.113824332695	0.426441653491763	-30.5363084477741	1.09186411144857	1
X2901911	4.31896227696153	3.42175157164358	-3.85688485945801	-1.20533369416965	1
X2901912	-7.2215300670451	3.06036762046516	-28.5889027867898	-3.15440088634038	1
X2901913	-33.4052913448458	-2.92081848013766	8.13118021551142	-7.2411743689417	1
X2901914	17.3909627330053	-2.66186903998877	22.7508503559256	-2.74510054510357	1
X2901915	11.1850218478823	-3.4910025299141	24.5245042613987	-4.12937507183826	1
X2901916	1.55586180007892	0.149657399133895	-12.4349352829658	10.2587934501237	1
X2901917	10.2733057085266	-1.60049412455704	23.4994881113169	-0.853019873308027	1
X2901918	-10.2601350936228	-0.169631616690119	-14.0238479228555	-2.10482166031531	1
X2901919	-12.6283580005287	1.73627705858982	-20.3938373277309	0.840547240566595	1
X2901920	-1.4153693156864	2.59967444909626	-7.0335354010429	1.07855119280562	1
X2901921	11.3034937214267	1.01908841936243	18.1915542450431	1.24705600458579	1
X2901922	-28.8398219848433	-2.62690850295945	-4.09700887204432	-4.82032817793565	1
X2901923	-15.0704999964886	0.677732194972127	9.49198110903482	0.480950941647415	1
X2901924	-32.6914254549205	1.12022553487703	-13.6399814708308	-0.99590563213344	1
X2901925	-18.2713748929429	1.50257313211994	-16.1653258119319	2.17175574740352	1
X2901926	-23.2637929151345	-1.68269069646106	-20.7130316734104	-5.09163209838467	1
X2901927	18.5405677150305	-0.386465245052388	31.5365346705765	-7.84068046962635	1
X2901928	28.1266582072772	0.268252713231675	17.8701804336708	0.710373571689163	1
X2901929	-17.2695240287043	-1.7003916160463	-14.3843518587717	7.51765626234466	1
X2901930	0.21688902954062	-0.828443176323561	7.24127252569191	-6.50654398811424	1
X2901931	-11.2634214766383	0.284595659515297	-7.97694928168562	-7.83497199904316	1
X2901932	-24.353445185657	1.21815290453539	-45.7058069342088	8.26348484921754	1
X2901933	25.758049257656	-0.215921233338448	9.05961028011944	18.6884439107717	1
X2901934	-8.39646787378092	1.18124480186815	-29.13123876723	5.71057303621637	1
X2901935	-29.9125362913914	0.957603028491573	-48.549990084345	11.6932638321769	1
X2901936	-39.7632473368868	-0.377283216209169	-29.7754080885096	4.81140082394351	1
X2901937	28.941654992635	0.399329157802081	21.0720686070017	9.14665228336208	1
X2901938	-47.7997695809022	3.180883524197	-60.783349675938	12.8088427326691	1
X2901939	-5.94481394776208	0.915858259538508	-11.0080221218922	10.445525617949	1
X2901940	-21.2436470969664	2.63131346195142	-36.5244725524972	12.1060582125487	1
X2901941	-14.9066281091612	-3.32274838023821	7.06915541433043	-8.90440081552507	1
X2901942	-6.75163856872505	-4.69272833909399	6.27345626474295	-7.73594322764714	1
X2901943	-5.60445394443808	-1.86656879161642	2.06788672050967	-13.9028230051312	1
X2901944	-26.1193527449671	-1.11441747257392	-14.5170559639284	0.843217708733482	1
X2901945	19.3400284417214	-1.14570668468025	24.9504813435084	-4.98113825445878	1
X2901946	-34.4712049822282	-0.20896426908807	-29.9283441762014	2.17207016720116	1
X2901947	24.1507084310682	0.310379002218656	29.6849437586521	-2.77146275578707	1
X2901948	57.9679152329065	2.76401364619818	59.2775262613634	3.071208730722	1
X2901949	0.520849156342894	-1.04454593163024	18.7653503505353	-3.84843730158768	1
X2901950	-1.23685987189686	-1.1698222129681	23.4370280788158	0.218089697243166	1
X2901951	-9.5509805404512	0.174405788101956	-15.0264761216169	3.2583378881137	1
X2901952	22.6749782210905	2.46519140300097	8.33834315772395	10.1280995614973	1
X2901953	-24.8778056129246	0.333874277151816	-31.3398975623894	11.3980018014944	1
X2901954	-0.464012146930106	-0.911386409447197	15.5943369114182	-2.82756681536553	1
X2901955	-4.29977700947317	-0.254718541840685	3.39297604136492	4.87465213713634	1
X2901956	28.2377376691168	-0.354805167979544	25.5297983102836	2.31608399296343	1
X2901957	-34.4783185260418	1.98746329797707	-26.0862096223808	-2.24442155732642	1
X2901958	-46.1627746424953	0.413477762218004	-46.8927472712451	8.50250066127509	1
X2901959	-32.8329847141789	-1.80570775672417	-11.1364764368177	-7.80714479150737	1
X2901960	-4.00013154944244	0.0867435059577999	14.2865965468598	5.11623826120478	1
X2901961	-29.2002263486122	1.14642698983917	-25.1828667308787	3.34909935170825	1
X2901962	-37.2620409660149	0.992232309654829	-33.9927924606604	-6.29328440438823	1
X2901963	-2.80777838800801	1.39898768604473	5.25799700752353	-6.6067932819005	1
X2901964	-33.0013059744544	-2.15986383597434	-37.2743702384491	-4.29966103478167	1
X2901965	12.5861267462916	2.53848238035415	-2.40883501704768	1.30731669095148	1
X2901966	-22.7488557209561	1.9729762747074	-18.8491319898303	2.72740224217126	1
X2901967	-27.8276258560575	-0.15556564364292	-36.63654523099	5.29625186234175	1
X2901968	4.60177079540222	0.222328395042343	12.5411465125937	-6.43121831193169	1
X2901969	12.574300354237	3.72267274074028	-13.7476484213136	13.877577279198	1
X2901970	-22.1593862404865	0.818490121730103	-32.1731136074394	4.47688963647467	1
