<Trait>	Trait_1_H2_0.9	Trait_2_H2_0.9	Trait_3_H2_0.9	Trait_4_H2_0.9	Rep
X2918771	51.1292306101025	0.763250499011955	55.0967361265565	1.53746134030763	1
X2918772	17.5585385581104	-0.152882602354637	25.8881435517523	-2.77667801395575	1
X2918773	18.5966624236279	-0.573209039214942	12.7172437853544	1.38986606035031	1
X2918774	16.9753642153716	2.12274541655485	13.7582453278967	-0.483518051537122	1
X2918775	35.0959400211724	-2.68566016034847	36.9488405807393	-4.94785454672806	1
X2918776	45.2904823592038	-0.554756544921572	45.4349359004356	-3.02359525162937	1
X2918777	16.9830809825225	1.55625642429178	12.0034938127545	-0.0509812177335132	1
X2918778	10.0625271018101	2.5011656120177	-2.90574236259932	1.43326606616839	1
X2918779	13.9400672504214	1.54227571825909	6.61231330140874	-0.258019409715019	1
X2918780	19.1300911799268	0.579233776286534	16.2121386115736	-3.84544988625742	1
X2918781	3.43732541927458	2.56724595544986	-7.53780612543095	1.61841779342366	1
X2918782	6.62125576669438	1.39329681736419	5.3180376172477	3.3528577515367	1
X2918783	24.648099339328	1.02913322372176	28.6999469253616	-0.807398468833528	1
X2918784	40.1906611638005	1.48310720816124	38.5325200839636	-3.36040781126625	1
X2918785	2.67804694538029	-0.693854800543021	-2.78030891312206	-2.35968750402707	1
X2918786	13.8263226769189	2.37880262076785	4.08430552607017	2.94105770762256	1
X2918787	31.5842554883916	-1.20002458565453	38.4599831686521	1.85828253941944	1
X2918788	20.1332816311587	1.5421762900391	6.57244445773041	10.16366907493	1
X2918789	2.2797245952765	1.56951879349451	2.23505769040074	-5.19284376057395	1
X2918790	-3.77837734125096	0.209745646558865	-3.53821712809547	-0.315638554591669	1
X2918791	39.1632428166618	0.155726944139154	58.2238554375871	-4.29493034824756	1
X2918792	13.2671205589526	-0.0669838170209678	4.34201859424057	1.23874868556513	1
X2918793	2.61718055129888	1.30245062635569	-4.87402191818813	4.14836850934495	1
X2918794	0.635635916624228	-2.20463901011142	11.3996408179002	-1.21802759967808	1
X2918795	-23.9330920148596	0.762060909166073	-22.0102351113019	-2.09807425804792	1
X2918796	12.0199086573582	-0.343087897548643	23.9906041441708	-1.42110045745997	1
X2918797	-12.6370875527764	-0.0526313019738767	-7.93659979421556	1.4636390498028	1
X2918798	-4.60272162858613	-0.362461093781164	1.70818074256295	2.57412979316263	1
X2918799	-1.10812113872212	0.523876048383149	3.72096693955199	-0.517968610002176	1
X2918800	-20.8700450823993	0.396895446618223	-11.1236440715514	-5.07633427582115	1
X2918801	-21.7135673223514	-3.17904846362914	-3.60185846085799	-12.3315796667541	1
X2918802	4.80005767355652	0.350688493129027	15.096971711172	-2.53164553868184	1
X2918803	-11.649756204178	-0.513029291438561	-14.8735114228243	-2.01957892803723	1
X2918804	28.7333096418481	-0.677303225197125	26.0226589705506	3.29304142681173	1
X2918805	15.858017321026	-0.0732574981773291	25.5083451715532	-9.10535833468692	1
X2918806	7.18400209899349	-0.187959794570812	14.2650926226536	2.23465661871994	1
X2918807	-28.7059178404519	-0.398729603306841	-17.9691943552273	5.6393235718386	1
X2918808	32.3979647355555	-0.282111855403434	25.4235922269253	-2.18598727310072	1
X2918809	33.416344843985	2.00156838137429	25.9166924605757	3.26649015163014	1
X2918810	22.430505524043	1.90680151622055	14.8562726282411	7.00275761179999	1
X2918811	32.1862379213336	-1.44669447098517	31.0376734631101	0.556327069928578	1
X2918812	4.7430310830867	2.781879227476	6.51443122515819	10.7046346329964	1
X2918813	17.5398670339941	0.483797068763437	27.4601501701716	-5.89044064049321	1
X2918814	19.4232155554312	0.127906379620259	9.40891112764999	0.55200505359743	1
X2918815	34.861484653598	1.38056089832542	30.5686625336466	-0.518154027025394	1
X2918816	10.9008463844237	1.00529044858187	-1.48605853325748	8.40720309445242	1
X2918817	14.658766625961	3.40090004432409	-4.10849249520777	-0.826218265359374	1
X2918818	3.89645951254187	-0.701423056026504	7.92224904479231	-5.56858083240077	1
X2918819	49.6239151301132	-1.18123254872912	49.7402089586407	-0.549223425403975	1
X2918820	8.58488244384941	-0.885960743376548	3.35655182602336	-3.13044994464544	1
X2918821	40.0394683627628	-0.549162984424916	44.0122988990287	1.81562670163975	1
X2918822	-11.3238928729222	-1.99800974958844	-10.7819478271693	-2.77671473066267	1
X2918823	9.50840770863129	-2.20862268090538	12.3315671889674	-2.69955499381704	1
X2918824	5.98387386354304	0.236429161943053	-15.3060022450051	3.83620876220651	1
X2918825	41.3543111964935	-0.703238838068995	44.1988865592904	3.72319249383977	1
X2918826	32.3705381238249	0.541024346324836	31.5674477867833	-3.85719827840725	1
X2918827	10.3027955885352	-0.760212703588397	11.7123070011885	-2.73980183688772	1
X2918828	6.66080722891656	0.340050962818294	5.53196740025987	2.28881758983912	1
X2918829	15.0401790574814	-0.91203461366716	1.27218559477159	2.16421017717088	1
X2918830	3.35623461834478	-0.418785561129537	22.9916899386822	-4.24816709670287	1
X2918831	30.0997059594859	-0.319752390196488	21.4552735373275	-1.2414479952342	1
X2918832	29.6063011422728	1.04096697739068	5.32076729898431	14.1673954415869	1
X2918833	16.0873307061326	1.04248162329714	11.3211771772787	4.4433662928175	1
X2918834	11.6053661073439	-4.53865463216704	19.7164825918053	-3.30324432622319	1
X2918835	34.2219204311541	1.24589830427691	27.4887831821436	2.32162131200106	1
X2918836	-2.9618484522266	-3.87610529989303	14.4214002572931	-2.201455803039	1
X2918837	33.3725929661567	2.26537941903396	15.1185457586123	10.5390550425769	1
X2918838	10.3728357244859	1.55263490663584	1.01242855283071	5.07232393932914	1
X2918839	32.550461741115	-1.7905882834078	30.8859099872379	-4.51307215921684	1
X2918840	4.24038659062829	1.57816707360006	-14.260246688066	-1.59373895802256	1
X2918841	3.80821806117044	1.11291348811984	13.7299105241233	7.54121944422728	1
X2918842	13.1833999056503	-0.604301608783074	27.8472319290988	-5.67876079480363	1
X2918843	0.883284746724289	1.10003317925689	-0.0774890653769786	0.724632600248091	1
X2918844	3.67935136917743	-0.317116832503244	14.2959285490755	1.34903386272937	1
X2918845	21.8998756976422	0.395087976496195	26.8787489811652	-8.37476089740847	1
X2918846	-23.0233306058377	2.45512305761253	-20.6386321371481	-1.21032618552275	1
X2918847	6.76235593850688	0.572570510320712	8.13435201545842	-9.38064281243964	1
X2918848	12.4964160281539	0.919574387019459	-9.51354495527734	2.52740668247632	1
X2918849	-5.23745902468719	0.828428148712816	3.99036738615176	-4.29507427409807	1
X2918850	0.296355523871332	0.582177570705628	11.2171719652188	-6.01282923559529	1
X2918851	-1.16956640734397	-0.350021936254923	-11.5403244901165	4.51412733779793	1
X2918852	-14.610995001188	0.10589072823506	-9.30582343938747	-3.67214365569773	1
X2918853	22.4557285647855	0.961325324989306	34.3431032304887	-6.45340701576246	1
X2918854	5.31135262701748	2.51388965449641	-15.4247989671803	-4.36167347476454	1
X2918855	-23.8742534574399	-0.775745290233402	-11.1673807101498	-11.024691411356	1
X2918856	2.29122037078034	0.68315628435917	-6.10285019836605	-2.46363388789354	1
X2918857	6.24382007704328	0.683635477111783	4.44299002130703	1.99836274732064	1
X2918858	7.49907334815866	1.66481096140057	-1.83489295100823	0.579513240213663	1
X2918859	9.45077153615123	1.00399073308398	-6.36526130705457	11.0670835856006	1
X2918860	-14.1822182764043	1.58699783759602	-0.150116465265965	-5.68911334981469	1
X2918861	-3.80083534547304	-0.00862602011340902	-0.57891550912878	-10.1006520547904	1
X2918862	-13.0888190742037	1.25044737851755	-8.81216425229357	3.06568925310206	1
X2918863	29.6282262938275	3.19639778446016	7.24046571796077	4.71284932676235	1
X2918864	27.577918985348	-0.187694953048871	19.691884971564	-0.159544168556123	1
X2918865	19.8986935047184	2.65337324031848	4.16823714471919	9.30675214501572	1
X2918866	-7.7723589787937	1.71618348408344	-8.18277827059133	2.69334287840523	1
X2918867	28.5839872602858	2.04012660446806	19.5803352589801	7.6287190648016	1
X2918868	6.50172233204131	-0.0761485472388066	-11.6273014969803	1.79966826169349	1
X2918869	-12.6858236453894	5.24710424176616	-12.4656786907774	7.08327417909838	1
X2918870	34.0915304438979	1.61843624743184	35.6289747310537	1.03272423137729	1
X2918871	33.8931959009403	1.53369033279963	5.41524109207229	2.64092643124147	1
X2918872	-1.20405660274411	1.16509198875365	-2.36397153066165	-1.23372541765252	1
X2918873	7.34861677673049	1.67031050081927	21.6963776348784	-5.81820017064069	1
X2918874	10.6984202622088	5.27241987422049	3.09496377822889	1.71128002525327	1
X2918875	11.5761937726281	0.705534889093242	6.43977644210324	1.04508944950787	1
X2918876	1.20345246976546	-0.117163176126553	16.9852228203084	-0.519768407554389	1
X2918877	5.66024533331878	3.89355998952208	-11.487519121107	9.21909059561062	1
X2918878	-0.0055757555346676	2.68214387038409	-5.49019739879408	6.88621480079464	1
X2918879	-26.7102603316948	-0.180233911658615	-2.61930712046011	-5.98517718362863	1
X2918880	16.8437456539641	4.2275493618011	9.34275198114477	1.12157116002506	1
X2918881	4.89922482561815	4.01102404470981	-0.82889860755062	5.19297081410858	1
X2918882	45.1395744190976	0.589262746670858	49.5142909092185	-1.90325263722261	1
X2918883	26.3457714302234	0.977002503354723	-1.35267983533152	2.30589999327919	1
X2918884	19.8511547592626	-0.23106583862381	19.6478548903153	-0.0704116601468266	1
X2918885	24.1737463390682	2.71529595322852	5.41384989227845	12.087092722613	1
X2918886	-3.61883712751184	0.00539134992138213	-1.77471108809119	-3.03787435517059	1
X2918887	19.6235733475596	0.769888408048771	21.8019606446744	1.87023528971299	1
X2918888	4.24030695445759	-0.107930609450827	-5.45110141728632	-1.26673909974543	1
X2918889	4.93196290253781	3.36943082837096	-4.07238949502941	-0.0850639332698535	1
X2918890	10.580265580834	1.49882547009923	-5.79711547007258	-3.0249833486812	1
X2918891	30.1301347063057	2.42179535127372	31.6994551669674	-0.211881842105282	1
X2918892	-13.715150232959	0.262164633531171	0.0754680422978362	-5.63555133225311	1
X2918893	30.8778429514786	-0.167710501041248	35.0971346140544	1.97988710926428	1
X2918894	45.8425148954611	-1.96183411012158	47.139138434278	-4.92765672937674	1
X2918895	18.6250904006908	2.67628981336193	22.8049311537511	1.80468640103969	1
X2918896	15.4724883764831	1.76703335265747	15.5066478299066	3.44744500696535	1
X2918897	1.62135341402134	0.541691959717848	15.2320527267074	-2.02346570408261	1
X2918898	24.311564623493	2.3618081048261	25.4127193884204	-3.12342637223294	1
X2918899	14.8309281787227	1.8226838405801	7.62064954961236	-3.34798407701519	1
X2918900	32.0470712149684	4.31334397175334	15.2887542410763	1.36358948028303	1
X2918901	28.7501936414979	-0.283776598880507	12.8117866627007	7.7348580829114	1
X2918902	-19.3957021415855	-1.95016519752341	-9.85794002138557	2.30562228975234	1
X2918903	19.4408056951278	3.31028681148737	28.4996865561962	-4.85469264689235	1
X2918904	22.0304981356305	3.43436142953645	15.9793842880167	3.49458226644021	1
X2918905	12.6269968667806	-2.15038457670017	10.5765173833656	-3.80526742968818	1
X2918906	20.4780838127884	-0.0109027796928905	16.8527676652722	-3.19945152076945	1
X2918907	10.6428094534608	-0.434409036194097	6.67952791444178	2.11564880779029	1
X2918908	25.1876064389322	0.392352631163893	32.7605618478058	-0.056009811142739	1
X2918909	9.71528101702612	-0.951292422588761	19.5362520496271	-4.01060122658598	1
X2918910	60.6942327286324	-1.45410406550081	57.5202379334422	-1.06324754453764	1
X2918911	23.6470869177768	2.44245410272478	-6.60030611170632	8.87794356723738	1
X2918912	26.0567064677794	-0.603951828669327	22.6532787553224	-3.80946685749912	1
X2918913	10.6942693478076	1.20401144978756	-3.26544423183469	0.202803161156357	1
X2918914	23.1775170415138	0.267551429773063	17.9713735376458	-6.01743348275707	1
X2918915	12.021213940898	1.24779940945619	1.20573934422054	5.39778428547769	1
X2918916	11.8675101144081	1.14983255984255	6.13532786045752	0.0106433768379187	1
X2918917	12.0912186514006	1.16560889013406	2.71964924975206	-1.77777039247809	1
X2918918	-15.1391167458734	0.385114442664279	-26.4718211611678	-0.601103381881259	1
X2918919	2.63520483395493	2.23331904049097	-0.963661601511118	0.918337871570007	1
X2918920	2.84323635963091	-0.660321141629365	17.6361990840205	-6.29655814109356	1
X2918921	14.3045979759954	2.13305263540699	14.5291954591922	2.97673168677023	1
X2918922	2.9231382317109	2.76487069753124	-17.7854010839172	7.21544468966487	1
X2918923	8.39946284255063	-2.64703200533158	17.733280083619	-10.5454305802299	1
X2918924	17.344026966342	2.14103363398517	7.72104264542352	-5.39259257158547	1
X2918925	-25.7088732554892	-1.08895527674323	-27.718110083118	-3.46145214598664	1
X2918926	-6.07199872329991	1.51559226583246	-6.97788340846558	-3.00059026499699	1
X2918927	44.2342933264035	-0.303473609775884	44.3597836504007	-2.51271391394345	1
X2918928	-2.9417279262206	-0.585937463283933	2.19140942598033	1.82555795940984	1
X2918929	26.1546679420161	-1.16527075979774	25.3179127340071	0.369131004881653	1
X2918930	-8.05341569431671	0.2832994968179	-20.7990795791183	1.68142042750011	1
X2918931	4.45816540282313	-1.72813588732408	0.588570898454958	-2.42444702571293	1
X2918932	-7.88436221619218	-2.78905535581898	-2.50007753402032	-9.07201821003011	1
X2918933	19.7101171717198	-2.51259935249067	32.4718181121885	-10.41481566883	1
X2918934	1.4595079746034	-0.894134272365237	13.2965695060238	-6.82350273360531	1
X2918935	9.84031243535978	0.282188208187069	23.4132458997311	2.33132192737964	1
X2918936	23.2396247365132	-1.5868477537916	38.7015084641779	-6.67135732728195	1
X2918937	-28.4842875054769	-3.66033904245827	-8.60659952563563	-10.3287724874763	1
X2918938	-1.52686606655325	-1.01992787155079	17.1013015008755	-7.22833829191537	1
X2918939	-50.5389610215313	0.512468443828417	-52.0909309544036	3.32964673178259	1
X2918940	9.37052376932462	-1.31657400351795	20.8216946126617	-1.42746604382307	1
X2918941	-11.5737442707951	-2.52041794074953	5.67218819114406	-4.05798837005152	1
X2918942	-0.793933024609816	-1.71794243650464	12.5995238183222	-5.16946822942053	1
X2918943	-23.1854702812114	0.317000466279084	-33.8955361632457	0.483857564760985	1
X2918944	-13.6821884789232	-2.45879033525157	4.19772373869776	-2.28510214796587	1
X2918945	38.2666321916986	0.0615935743103768	34.3470390693206	3.58449359979002	1
X2918946	40.2174965313622	-0.404555124838506	50.6514845351889	-3.26457007611483	1
X2918947	19.8872263834235	-1.89681598687183	16.2477653990495	2.08075386826893	1
X2918948	3.35141817285388	-1.92694141867645	3.89965351911389	-4.42201007494718	1
X2918949	-4.575534402525	-2.17818680050038	13.2929611585102	0.414595897996179	1
X2918950	5.36721239168812	-0.155813983300626	8.97601306859401	-4.43794587454448	1
X2918951	23.8747407652195	-1.44576116615875	30.2634088443627	-6.68792613924651	1
X2918952	36.8174619963769	-1.37475393335042	43.0457629210819	2.30231832184434	1
X2918953	6.97833433337176	-2.99457020561386	-11.2942179074618	10.7465734916379	1
X2918954	-8.23675160149	-0.925899766141166	-9.42920390999742	11.9852655155983	1
X2918955	14.6757750204754	-0.482141055455478	16.3085096985144	3.99131668705045	1
X2918956	-0.683257473909296	-4.984274716243	13.2682364549499	-1.60732596151177	1
X2918957	23.5368407904029	-0.889014668388984	20.6171976550109	0.594154844903304	1
X2918958	32.099919893677	-3.39595536161081	39.1731874854622	-2.23088064966792	1
X2918959	17.7184954316906	-5.05646771855218	28.2690356207293	1.69160557465934	1
X2918960	21.4207005450379	0.848276979428296	9.15461855753214	5.14263951620576	1
X2918961	-3.1367845493545	-4.6556799820503	-7.95308870460447	3.84424550026178	1
X2918962	-15.9255364102869	-1.25589057104632	-14.9123395842343	5.22751115050485	1
X2918963	-11.0467471391749	-1.7206020391316	-12.577457064985	-1.45216297018895	1
X2918964	1.5930633564577	-0.328413176560804	-9.28697301642086	5.33205617292674	1
X2918965	-5.87404206977654	-2.06419018070566	4.55943652517783	-3.59289560467879	1
X2918966	-3.15304459666439	1.05454627852348	1.87059017886182	-1.32982796941591	1
X2918967	-7.30085870417083	0.465326472567323	1.6159445463511	-5.22578827158861	1
X2918968	1.52013803600249	-0.210130627568722	9.84452093692234	-4.30360851091533	1
X2918969	12.1382074014388	0.650291137470223	10.6800348378226	1.89747197255889	1
X2918970	13.3730793833195	0.960817228721664	0.554294489177872	-1.62877929311288	1
X2918971	-21.6398044135703	-0.442249804112881	-24.7178965845647	-1.70306046727973	1
X2918972	14.2571474606426	-1.28076533638438	30.800244696581	-10.5991503633806	1
X2918973	12.6902728527145	-1.28488868329458	11.8789148665726	-0.206721329259806	1
X2918974	23.8103218604923	-0.170175307170395	15.2538917601785	-0.506796295972459	1
X2918975	27.3725209477256	0.719015833746366	15.7419223286878	0.0231913624026513	1
X2918976	14.5586749371167	1.00923404299217	21.1157277118271	-2.78743616150211	1
X2918977	30.9319019364333	0.26762743198388	20.7183828170061	0.250836979549951	1
X2918978	23.0268659408657	1.71857351042084	33.6286560557582	-1.81294819415396	1
X2918979	1.97279764838959	-0.631264716194973	18.3235223135027	-7.35033789323034	1
X2918980	-31.08477638165	-0.391107821461123	-18.5309267751393	-3.05802658162992	1
X2918981	8.90489527769296	1.06971894479991	20.9805776785113	-1.75714871066238	1
X2918982	11.6514132992198	-3.11662908273497	20.4110861896173	-4.78208214830449	1
X2918983	1.10705837626261	-1.20638887473674	15.7215591745796	-3.61656945427792	1
X2918984	1.88660661047915	-2.40139922725356	14.1621753127089	-0.951440593414318	1
X2918985	-18.2247003822196	-2.82088248070589	-5.83246280760605	-5.50576805338244	1
X2918986	-23.5183680616843	-0.389468779856759	-17.8348850143727	1.59006913988492	1
X2918987	4.64687127180476	1.91311543386379	11.8599543625776	-1.8577664482274	1
X2918988	25.7817518880079	0.290804105675413	17.1445419041968	-1.50902322401699	1
X2918989	35.2456915183895	1.88117546513159	13.9550262804894	12.0834245467524	1
X2918990	23.5295957367653	0.313551449922546	11.4779619991966	2.04747072559765	1
X2918991	0.39518888398262	-0.738820675933346	7.63297490444221	-5.26879487516957	1
X2918992	19.2560914366414	0.0504570155474191	2.16483467486897	5.254516678086	1
X2918993	12.2935387278378	1.39216079334696	5.55764932680879	2.6562096483689	1
X2918994	33.6171924415847	2.39435353165573	43.2246154044228	6.431260723026	1
X2918995	-0.225664317017623	1.74559882341334	-12.1572590204337	0.965936743028591	1
X2918996	22.4712336492669	-0.222366907551236	35.0871836838607	-2.90100929381594	1
X2918997	16.1042168021353	-1.9905759556487	32.33376936929	-13.6760780693505	1
X2918998	21.8586862067332	-0.142836943333874	13.2885195315639	6.19242842102921	1
X2918999	14.3914128328033	1.63298515785175	0.206544035433678	2.56095754661118	1
X2919000	31.0626706526343	1.63177328447091	22.1040426672578	6.5899365285495	1
X2919001	0.0325620097325583	0.409052429264935	-3.84491359015727	7.0497340006881	1
X2919002	4.66234462916631	-1.61705409446684	14.9439549540885	-3.10938468929302	1
X2919003	8.27242946713907	1.57799552735298	9.32420427465796	9.42232182509176	1
X2919004	23.9290653751213	2.06924061033567	13.2954681682853	4.31857904987793	1
X2919005	20.4818068221912	2.23299897658833	3.98434982897648	8.40137885239691	1
X2919006	1.8251289943447	0.136694894308133	6.78804954951166	-8.63527847089153	1
X2919007	0.202994862380853	1.68551148714969	-3.65359169887315	0.290979138792966	1
X2919008	43.9355256975308	1.50085781569885	18.6817285530648	1.04097469986117	1
X2919009	5.28388957849617	2.55721601861536	-0.580581939030036	9.38571109692549	1
X2919010	-9.21775760588946	0.888687827975398	-2.45257554912566	-7.07291681541687	1
X2919011	-9.25056945155074	-3.02701827143236	6.64214022099192	-13.7034304365334	1
X2919012	2.13438519156919	-1.70142429325832	-1.88697236144379	-5.13341190224605	1
X2919013	11.8456752235931	-0.0824076818501896	29.9632111327663	-6.45708785470528	1
X2919014	16.9741527204559	3.2292511086207	11.0083316430808	2.21160080456957	1
X2919015	-16.0640970800412	0.365873691163695	-8.87159928508016	-9.56944184215844	1
X2919016	-2.40075577085677	2.23495125462448	2.0313638363758	1.43454563430171	1
X2919017	5.21956799278211	3.91550607154039	-2.18196890880936	3.38734070176606	1
X2919018	-16.1971814942225	-0.209008389347991	-34.9636539079881	7.21161384358823	1
X2919019	-37.5643486065929	0.0200200001035459	-34.7219312781764	0.505437000185912	1
X2919020	21.4325532011603	1.35992214549218	26.7994418738017	-5.21084734879414	1
X2919021	24.0422232938824	-1.25205393731994	32.7696593777805	-2.21460467164787	1
X2919022	27.8931252137648	-1.25064192717937	34.9271518047385	-9.40565630027316	1
X2919023	32.6726351555953	-0.388297335503124	41.8752833075372	-3.73562155764806	1
X2919024	15.7437475059262	1.6722270746903	17.0309882706093	-7.59633368663644	1
X2919025	48.1674658372682	-1.95591467900047	44.3866319084843	-9.00500689882904	1
X2919026	26.0850030146142	2.45471838727708	28.1859791661122	-3.68079076289191	1
X2919027	10.8076884595103	-0.585554881399354	15.740264885671	0.838328993651223	1
X2919028	-6.18779039542289	-0.63375539473133	4.48500452337032	-1.73921934070465	1
X2919029	4.87896253719765	-1.02422403667158	19.4729408303662	-1.94576797980857	1
X2919030	41.0739564615383	0.852565132079224	46.1115324427875	-10.6870985427358	1
X2919031	-2.73363778852652	-1.89268352757313	-12.4791916325971	-6.17473926390967	1
X2919032	2.98982291745896	-2.4148812432725	2.18090614168287	-1.55965673642784	1
X2919033	-0.379731795108484	-2.61212500936919	12.9954095580122	-1.96541164822203	1
X2919034	-19.043911854265	-3.83546956041013	-12.2401979720828	-6.32265096183853	1
X2919035	3.80607647954087	0.544994480397561	8.15213080012593	-1.42917825681352	1
X2919036	-12.8804812618016	1.88113004351626	-7.18145304857822	-1.26596189230878	1
X2919037	12.2920659318179	-1.54258814857648	35.4625944265098	-7.59491280130772	1
X2919038	14.2668844640055	-1.00854927965255	12.5022128957946	-5.27099689439715	1
X2919039	15.6317826545474	1.60834555068916	33.7825206854228	-3.88615958678999	1
X2919040	20.1409631960876	2.14511246372086	38.0944036594842	-0.430586740959939	1
X2919041	43.5581761045275	0.283517016231308	54.7441720530321	-12.2682147207213	1
X2919042	27.520311332531	0.805590644537559	25.8561347132196	-4.61569080375929	1
X2919043	36.020975187772	0.835322164947607	28.1832629117566	-9.29362313157509	1
X2919044	24.6734582765288	-2.3505650610228	29.3482840659993	-8.93177253127911	1
X2919045	54.2689325230841	-3.48561123757483	54.7274739643643	-7.63640350585223	1
X2919046	1.7849162295205	2.33522810162308	6.36514792636711	-1.32344330359822	1
X2919047	35.3397161961552	-0.547988695704549	54.2976090868792	-8.31702109229865	1
X2919048	8.26113404909485	0.620893324780924	-3.39192954582551	2.73480365650887	1
X2919049	-19.2663717989936	-3.64983828674006	-5.01822204857056	0.303194130388932	1
X2919050	37.7875929055102	1.58566947702368	37.4414691337284	-9.63925052144012	1
X2919051	-6.44593118192369	1.7361147313867	-9.63839642318922	2.18739881260422	1
X2919052	-7.554204542537	-1.9678996876374	-4.7473164430899	-4.45385209856189	1
X2919053	-31.5012471157665	-5.71373666637847	-3.57476495118612	-14.4127833200531	1
X2919054	11.8062182831354	-0.163906673798325	27.3699571914874	-4.59289843793382	1
X2919055	12.1928306378944	-3.18204541392906	25.7202793343336	-17.292438561879	1
X2919056	-6.51903423347161	-1.49584489027705	8.14351649156541	-11.9286955805169	1
X2919057	14.9390167660976	-2.79764483299893	38.1769099019272	-10.2575439925975	1
X2919058	2.83747684901213	-1.7689120880552	27.2823099039173	-11.0821837683156	1
X2919059	-13.0611813683593	-1.4584816603345	-7.56073100260697	-7.26936666377894	1
X2919060	7.97635270985285	-5.06194165557459	11.984908296984	-4.33439761832769	1
X2919061	-24.7120961615598	-3.51909330927275	-13.6421170588659	-4.99182498294422	1
X2919062	-6.97304288808857	-4.3958275647752	16.8487355618505	-11.7800818685609	1
X2919063	-9.10867458252975	-3.16872867498796	0.422998633210051	-12.5067013988108	1
X2919064	30.5380587905245	-1.5826571379305	36.1120402581414	-9.02521985850448	1
X2919065	-35.3930516624528	-2.35286410159575	-20.219563421585	-6.13009478504384	1
X2919066	3.2510918484277	-2.67476569334696	21.9464557978329	-8.65810056225898	1
X2919067	15.9438686908011	-2.01811558557417	28.7135444206757	-12.3935680129039	1
X2919068	-16.6814128149191	-2.93494545007507	-5.40377357806131	-10.0410582698993	1
X2919069	-13.7917679099766	-2.84288048527832	-1.33487852409788	-10.9664781151706	1
X2919070	10.5941139963903	1.81199836645357	-8.35917693592964	15.4906886543006	1
X2919071	-26.6872223874586	-1.67477481215005	-33.4235776980366	4.63940097637488	1
X2919072	-27.0153942897878	-0.486354948377213	-20.6902511914319	0.201475769782516	1
X2919073	-0.591276763309722	0.788400014521831	-4.90716607710163	4.40785022223155	1
X2919074	12.1206467283104	2.25628245108857	4.09791646435169	10.6635255390767	1
X2919075	22.8384786572299	0.10954018004151	19.1426631890361	-0.780178737217138	1
X2919076	23.4149212352624	0.783781987384207	26.5603889026971	9.08814309710817	1
X2919077	-7.10893673381529	-1.94546196359461	-9.7269152167907	2.65293862145258	1
X2919078	11.8665518171871	1.38896785065815	0.69737830375674	5.07123326647754	1
X2919079	11.3514588767496	0.389823919018744	-9.21307274292803	19.4313080822768	1
X2919080	-31.2423615490173	-2.92927394534067	-21.9421519375668	-2.91721898848532	1
X2919081	7.55422298484787	-1.53678523885249	2.86100292077236	-1.08969744439127	1
X2919082	24.4165424838883	0.789767706364558	9.27310740237819	6.51719804272219	1
X2919083	16.3500975777161	1.39641586530146	10.9250225914394	8.31235309058427	1
X2919084	-7.09606462133977	0.819180857355088	-0.934252236881401	2.38396286838693	1
X2919085	1.15554608394824	1.5227980002124	-19.94907223564	14.4324248638158	1
X2919086	31.7894551707847	2.30610660871957	18.9385892919655	3.27183648024155	1
X2919087	11.7883620366542	-0.508024421884743	19.5081713671621	-6.53720169447498	1
X2919088	9.60078692526443	0.730124429255843	13.19302427779	-0.225502509261572	1
X2919089	11.1464882718469	-0.0614482585167236	22.0653428043996	-9.91398611733917	1
X2919090	21.8910846607439	0.878259956819215	7.26986608047756	-0.142974521130061	1
X2919091	5.5958765951206	1.11834290920328	10.2490913244087	-3.61683052202057	1
X2919092	-18.928817714732	-0.795479344109494	-14.5141598056043	-3.9605496899851	1
X2919093	-2.3281533367083	-0.355124617989032	6.87632205617824	-2.07679689735867	1
X2919094	-9.62549335431781	0.439586365573019	-4.52815284458235	-7.34760859107572	1
X2919095	21.2824135552087	-1.86716230603112	27.6893131603071	-5.78624351818709	1
X2919096	12.3938881634805	1.95931542749697	24.3776987805094	-3.02175779162742	1
X2919097	9.26135492831766	0.136774730440691	18.6409702029419	-10.9857026231401	1
X2919098	0.150932608141385	1.15554281628487	1.01608792832821	1.87033291162226	1
X2919099	5.45167152073802	-0.560067272117417	3.47734324284478	1.14756097434515	1
X2919100	-7.22303660464711	2.72820038458739	-21.5818423476262	11.6556598036731	1
X2919101	13.3491711024032	-0.0200341521259432	21.6065629548973	-9.24870171724287	1
X2919102	0.912714221166351	-3.19190258489647	8.99944012216847	-8.87388805511737	1
X2919103	3.34655946420432	1.58811633259498	-9.00291437681822	6.51961436714245	1
X2919104	-1.57125787615088	1.44864117528008	-19.8027823243894	13.0648763656199	1
X2919105	-16.686852782653	0.175565939720846	-7.13171323603735	5.05948404952641	1
X2919106	2.00904099191021	3.02213114826445	4.82166647610721	4.84779935221297	1
X2919107	10.822087379475	0.957086035447031	-1.7817569039128	2.07246058067193	1
X2919108	15.0515490829704	0.109561758514761	8.23609596977212	11.8727839203315	1
X2919109	25.970866363827	2.93342967006286	9.25968491372222	10.3691990747176	1
X2919110	3.29456506923933	0.143322323656247	6.30428594696498	5.56319513640551	1
X2919111	-36.8989162787032	-0.11433935795844	-32.7716933118633	5.17086506076915	1
X2919112	-10.5582224815768	1.04221493622304	-20.6132377187437	2.77316839671612	1
X2919113	-2.10036896957857	3.60343990614584	-10.2739114497675	12.486635111264	1
X2919114	-34.6158246926258	-1.07725338003363	-23.5576136265739	6.86012460866915	1
X2919115	11.6721070689774	3.41121465336027	17.9596918047374	13.6811287412419	1
X2919116	-3.48974583545708	0.322900446294028	-35.3172641983359	15.5392720049517	1
X2919117	-15.6915719808217	-0.0417475224532022	-14.7403503006379	9.80957866899918	1
X2919118	-16.6134600980533	1.23267858870209	-5.83722871592988	0.1756729075731	1
X2919119	-9.45347487525826	1.88587737883896	-11.3678442164054	10.2109819669841	1
X2919120	14.9631002291599	1.08124946660882	0.483454846195268	12.6348356032271	1
X2919121	20.2571997567892	-0.602375068779957	24.838686410039	-0.213574530234173	1
X2919122	12.4707076396508	0.0381038449723414	5.25460707960086	8.91359703328004	1
X2919123	20.7405514918483	1.11423796250089	17.4580321805305	9.32247157426257	1
X2919124	3.54694728170428	1.03114098688524	-6.80958994256536	3.79713545716173	1
X2919125	32.7285945440862	-1.87421112147656	45.5962266052444	-0.520534426010021	1
X2919126	51.5613357210657	2.73122162976864	21.2326531873139	13.7628679595929	1
X2919127	-1.33329064955236	1.09553482566754	-23.9397867325393	5.58555721049922	1
X2919128	-0.716005258366192	1.46061963084894	4.12794920493597	-2.48063780514049	1
X2919129	30.4339969492854	2.76276530681206	25.1813680969749	10.2370610164414	1
X2919130	7.40892904582996	1.15618434615145	16.0950058051762	-1.52478415393714	1
X2919131	9.2311123383778	2.12939678848972	-2.42152264980478	7.70518256718387	1
X2919132	-7.23723481875933	1.36846406877893	-14.0751749756759	10.0834286513664	1
X2919133	-17.6714628568681	-2.23237485673726	-27.8689195595168	-7.25006213234892	1
X2919134	0.444413868060847	-2.41839342172139	2.47574720226041	-3.4833147673019	1
X2919135	-15.9492507962267	-1.42167209583627	-18.8627739244848	-1.63550677859916	1
X2919136	6.893178348551	-1.11265391202459	7.58221231661208	15.3278458619871	1
X2919137	-8.60340961110868	-0.0901630116437145	-10.7213111052968	2.50179223675531	1
X2919138	-17.7862704539825	-3.07225565465944	-1.32911831499462	-2.33810184391593	1
X2919139	4.1288255040545	-0.682385118022206	-4.4978502349214	-1.16043134706744	1
X2919140	-21.6009915902194	-1.69856409493808	1.46069287251494	-1.99219564466535	1
X2919141	-16.1724778522142	-1.14862229989723	-23.3789673354662	-2.68035365894749	1
X2919142	-34.0068538822264	-0.858275570882626	-24.5366077585699	-3.82938216220977	1
X2919143	-14.2622478851573	-0.424809739752167	-13.5043391090861	0.0924285221088839	1
X2919144	7.51920679343833	-1.05961004931697	-1.99032191555094	1.26350399454216	1
X2919145	-5.0984218660326	-0.174537950217915	-6.33243980425115	2.4119281529257	1
X2919146	-0.908644799600184	0.516369032459608	-17.552657538947	-2.36767170864955	1
X2919147	-14.6312834666277	0.755514574685216	-2.13702929819163	1.1047627366433	1
X2919148	2.85429658191034	-1.7703906977471	3.06113719228103	-0.0494402250462687	1
X2919149	-0.914390319802608	0.559679080622006	-34.3663637117062	-2.39963152811528	1
X2919150	-22.8702437713458	1.31513227768921	-16.8269672628469	-3.95923462184811	1
X2919151	-22.7551829967631	0.585515631344964	-23.6552527219386	2.84042977708547	1
X2919152	38.6717378070447	-4.53077287502838	33.3090164946156	-1.099033491542	1
X2919153	-15.5542213804953	-1.7415917129021	-15.67293884759	-8.90122564146673	1
X2919154	-11.5634073180383	0.532955704383545	-18.2823116270943	7.73382747309606	1
X2919155	-27.6917862603392	1.5577287213794	-22.2058202086877	-0.299017643517636	1
X2919156	21.4200224762487	1.29395033707244	16.9981070352166	6.17672929213262	1
X2919157	15.9461062458556	2.3256937137096	-0.840839772438034	8.59847808919989	1
X2919158	-8.66317113729236	2.16902255191141	-13.1817985559696	6.3984552361806	1
X2919159	-11.3881483992172	1.83586698383458	1.47685017099592	-1.80531529686173	1
X2919160	22.8473421310987	3.10208590306245	12.5041532861518	14.3788815281067	1
X2919161	13.0144318416839	-2.9309253480138	3.83030632480023	2.09583763132936	1
X2919162	-4.05861338698619	1.67395519256892	1.68513292057397	7.33690726804283	1
X2919163	23.6360092675347	2.33628245127601	-2.58342088449944	11.0575855168361	1
X2919164	-23.831289000009	-1.0905827932929	-7.60683527409114	-3.74884506061046	1
X2919165	1.17575772519273	1.23769418723767	-20.2510150438548	8.29893338621337	1
X2919166	1.06187032191527	-2.3135691251899	13.1135612146693	-10.1056912220075	1
X2919167	14.1985681040145	4.17863612975515	10.4254530919752	11.1369155085466	1
X2919168	32.1267427888634	2.89707669892647	10.3150038465869	14.3396605745562	1
X2919169	-1.97561388563655	0.684209376659986	-2.79785950615338	-1.5304556530756	1
X2919170	-2.60772310662715	1.47176850302223	-1.53268466375571	0.963681511614808	1
X2919171	3.69671594833748	3.00495579724155	-12.8833065991201	10.6620398087418	1
X2919172	23.1224163937388	-0.766181915107349	21.0680978418829	-1.68119818996898	1
X2919173	-3.75170367269118	1.38390975498245	-13.4517017695132	8.13306552363207	1
X2919174	9.79502790328356	-3.00061914765554	9.11374151588337	-3.77964867547995	1
X2919175	-13.3738566976122	-0.842970424931715	-16.1489879552936	2.34365598635308	1
X2919176	-11.1697898038346	2.33422292138964	-14.7071615661649	2.52274095884809	1
X2919177	-17.687265942028	2.33419122111549	-26.4647989397869	8.50403144987333	1
X2919178	29.3090485092166	0.467259141807491	28.9215121755404	2.20123075236002	1
X2919179	-14.0973464729405	2.20766113954298	-4.81691199117734	0.743216559373348	1
X2919180	-23.4064598127757	-1.37669312444112	1.91612685624259	-7.51601730837083	1
X2919181	4.38594038321311	0.353456761553456	13.2162938994054	-3.39835310019726	1
X2919182	-1.13636494042917	2.50041964473255	-12.4152367025817	-0.678687234961331	1
X2919183	-9.32675746982953	2.14760715742488	-22.4877048200533	8.05420098373986	1
X2919184	3.11337367579432	-0.555080326107967	-4.29723827285825	-1.58350485595649	1
X2919185	1.05365187162947	0.832120583277891	2.34227785776571	1.37534382928119	1
X2919186	-8.97360110866469	0.0122440849467113	1.63440626436158	-1.77390576358799	1
X2919187	-22.4538258931466	0.0974076960263995	-34.2139224368137	5.25922997937002	1
X2919188	8.67110932419795	0.0989201450631332	4.66260212088366	-1.77770198657626	1
X2919189	-0.16890971110453	0.0174127172763602	8.2724927096375	-5.43273396784685	1
X2919190	2.90396563641287	0.225084035784577	-9.3885046188479	5.15965363944321	1
X2919191	3.52488358115836	-0.964908388955666	-5.28475119790841	0.786614683177967	1
X2919192	13.3020477098254	-1.62991785592076	29.2184492063903	-8.59591937003989	1
X2919193	37.6160069597993	0.0279427012289479	44.8366587165368	-0.303004930156754	1
X2919194	-30.4977263837691	-1.21276364897377	-32.90144856077	0.839271026798072	1
X2919195	0.087720966754965	0.522116187202014	20.395120734855	3.04188669751741	1
X2919196	6.08862065034154	1.67208653865711	7.01383528378763	-4.04740518205396	1
X2919197	11.7855997995413	-0.0301676186577553	18.4415126092449	-7.64703663278831	1
X2919198	20.6094868753809	1.73868245384958	28.1037911576268	-4.28280489254659	1
X2919199	2.18814338991283	-1.98920593779631	20.3271054942692	-7.81996793932274	1
X2919200	-23.039643371856	-0.573348965584217	-37.0168274684583	0.928037866361116	1
X2919201	-23.2721613192221	-3.36847866093852	-10.1290686607698	-7.95232778691083	1
X2919202	3.6155616891607	-0.209069561844584	0.325147080853576	3.24412223189912	1
X2919203	8.25020300485175	0.86076679908212	14.2105857055145	-0.456299842233447	1
X2919204	-7.43324368316771	1.37609038076429	-10.2063355590765	1.53654275898745	1
X2919205	-22.0430957696422	-0.0259467214427239	-26.4552510197701	4.20129984694507	1
X2919206	0.0398466258824923	-0.57522786854308	0.404210610245443	-8.44885609140366	1
X2919207	22.0594367375004	-1.368093426206	34.8559895448711	-8.37229269199565	1
X2919208	-30.3833792243512	-0.278883327195768	-17.1237111740481	0.561787766472589	1
X2919209	2.57315800103046	0.667926242785111	-6.04909964686888	-8.71036256896213	1
X2919210	-15.232512961826	0.162831290637334	-5.67905893199625	2.71504557242089	1
X2919211	3.97758581595621	0.977696859972517	-2.83321860476593	-4.92565812423237	1
X2919212	15.2324929965194	0.180686721385573	-1.59428724384743	-0.338468070304005	1
X2919213	34.5798816797759	0.751802354509654	15.4317695301875	3.34506606378065	1
X2919214	-9.46577183208341	0.210163565937468	-13.3205895745616	4.49777295602713	1
X2919215	-25.427503425449	-0.189009466608289	-31.1741105190918	1.04471643022462	1
X2919216	0.450471941280507	-0.299872514950771	14.5315872457597	-9.77114735812772	1
X2919217	-2.77826855341776	1.11582332993063	4.05352451140945	-3.01159948951442	1
X2919218	-22.5672174640664	-1.83894360118471	-9.76173048126029	-2.75895406376323	1
X2919219	-20.37095238821	-0.307592397544454	-2.07200616463327	-5.79810269854964	1
X2919220	-17.0721492126271	-0.541802757329469	-9.10882336515889	-4.124809468705	1
X2919221	21.4000267139898	0.799054436552999	13.289812321549	6.1478244650417	1
X2919222	-26.7345319065066	-0.269363721126863	-16.4406020952286	-4.24423077146588	1
X2919223	-13.0457532505456	2.57836887936888	9.09240258119692	-3.19826291011353	1
X2919224	5.78110832834181	0.102575932224688	-2.08305630529008	4.47655989243347	1
X2919225	16.8565326176949	0.514285906834463	13.0324337779344	-3.18952128484512	1
X2919226	21.6330018259873	0.813377228149829	14.135712104628	-1.20921720150867	1
X2919227	0.859449956271666	0.287463482316336	10.1562552025673	4.47154436618635	1
X2919228	11.1920913220617	1.2594895756482	15.8603562495013	0.48907473978577	1
X2919229	-22.0167719735675	-3.25477407900628	-35.211692562055	-2.45983615240558	1
X2919230	21.0014713458625	3.05007859155135	15.798869157305	-0.48717817181034	1
X2919231	-3.04286654490124	-2.3263464081275	2.74898366898163	0.870822716377796	1
X2919232	42.1359824036205	0.447397409752924	36.7772655533044	1.7053837450564	1
X2919233	-23.9119131991952	1.50295705449704	-21.4877795122607	9.5848776103071	1
X2919234	-32.0059107347722	1.75253874214413	-45.421768356084	2.95170373901269	1
X2919235	23.5737249967482	-1.70156811692165	24.5953093622661	4.1039798842333	1
X2919236	-4.29394907523622	0.884979935074819	-27.7263823678367	6.27027902788828	1
X2919237	16.7414717159409	-0.368157790293901	6.2303077269847	0.796159478142836	1
X2919238	36.2099154570472	2.23093014798116	30.3730363162049	1.92820195559204	1
X2919239	-12.7654016470821	1.93020868484561	-19.9188478989472	11.326198938106	1
X2919240	-14.4837818993032	2.78130667713188	-15.1934937155686	4.9318161100851	1
X2919241	5.61656487328151	1.03794944330186	8.68097012414169	3.28579600916047	1
X2919242	24.5875553958822	-1.6058069570564	32.4350799940345	0.913317386799026	1
X2919243	-14.0221983776756	2.75252454466477	-15.1380179979243	7.02029659845042	1
X2919244	44.0949861901321	0.967753562519186	26.3077486704713	5.47869948414279	1
X2919245	4.14491831022896	-0.82226224926229	10.7382575256199	0.801357586246899	1
X2919246	-3.83276679918357	0.642886404776078	-18.421575750618	1.5453918532553	1
X2919247	8.31641364425425	-0.105050703562401	13.4159917336851	1.23942324406786	1
X2919248	2.35004929334851	1.20147731354569	-2.69797605393657	5.10911509465997	1
X2919249	-40.638902841382	1.29286668621269	-27.681785721478	-0.965468577526442	1
X2919250	-8.38125469260394	-0.53405368353226	-13.9218601040764	0.233106909524487	1
X2919251	-21.4335888140534	-0.743393838838366	-24.9381341419398	-0.638809345527001	1
X2919252	18.598801010763	-1.32841420615138	33.2246268200388	-7.79278444290461	1
X2919253	-5.05265337987199	0.595072763845733	-9.86880316177627	-0.0346405685962106	1
X2919254	-5.89929785648952	-0.947952051765602	-13.1550657162061	-5.19833608934974	1
X2919255	-30.6266666893983	-2.52688826372706	-14.0393031771273	-7.35026733737189	1
X2919256	-31.0503838220148	-0.107930306197345	-27.3750823419803	-1.47487889008207	1
X2919257	-19.5398417885653	0.633561405593242	2.11663725210765	-4.59043993462906	1
X2919258	-30.811601096525	-2.27773664302867	-26.6247874789141	-14.4277786333506	1
X2919259	-22.5931280100345	-0.78172052837948	-21.2824202881991	-10.1173305452242	1
X2919260	-12.4740760853632	-0.934885073610979	14.2225703838002	-7.05104584458509	1
X2919261	-3.47018868495156	-0.571176376712729	-9.42129603657216	-4.77173467470857	1
X2919262	-27.7396462639036	-0.949081451556558	-13.1939967126833	-5.17544900587892	1
X2919263	-11.0807942661703	1.39180105330692	-12.3563718797943	0.245619926118943	1
X2919264	14.5951144038871	-1.06943287919822	22.1055009398914	-5.24345345607975	1
X2919265	-39.2743982962359	-1.76993986163759	-38.3429825229088	-9.07958240526186	1
X2919266	-18.2225037404841	-1.4546534560945	-6.76981094167624	-4.66316803718589	1
X2919267	-21.8627231860376	-2.27804093354937	-12.8711137787619	-5.63138279172717	1
X2919268	-39.3810324521613	-0.50097144544611	-29.8502296275648	-8.47021252587318	1
X2919269	15.6348723399921	-1.01287326560764	13.980011743782	-9.35933243764195	1
X2919270	-2.43829892559245	-1.4719403346895	19.3614548883979	-10.9934026831153	1
X2919271	-22.9537607952779	-0.549472955552056	-16.5534859081806	-7.03764459359532	1
X2919272	-9.02021197568109	2.99395703781327	-11.0418408148763	2.09370587027939	1
X2919273	1.85997307452072	0.641360502375225	3.23999961542964	2.75358080810248	1
X2919274	-11.5484377816504	0.497992885396157	-15.7385260921338	6.21587848189559	1
X2919275	-0.29634207315287	4.27865446341879	-3.67819125381053	4.72505087055557	1
X2919276	27.7790000094384	3.72865379594399	0.507947404321394	10.4303236836392	1
X2919277	18.9081651301902	4.57690238445346	7.42334692547088	3.95422799334671	1
X2919278	16.8741879819029	3.09576413732982	6.62500692086219	5.07011199906683	1
X2919279	-15.5723505812862	0.938903338553336	-18.0080400203285	-1.33672551518926	1
X2919280	-12.8889024141576	-0.990976479572658	-10.6131488819501	-6.93688615920064	1
X2919281	8.06148938058413	1.98399388608917	9.76606602152071	3.72758827100422	1
X2919282	-21.5054213793599	-1.65111334624177	-7.44526908056539	-1.56136398803581	1
X2919283	-9.84472426781116	3.35113511955681	-35.7846578750148	10.7502008702415	1
X2919284	-14.0943481104248	-3.67420760966272	-11.7468999325717	-2.14665652149312	1
X2919285	15.2011757745748	-1.76900315906121	18.8599878294027	6.84039675813493	1
X2919286	-11.5365584002639	-0.416554803313583	0.122873326321271	-1.88241197051926	1
X2919287	20.5786385510372	-1.26460438793384	31.3075746803982	4.12281784985601	1
X2919288	9.5540425575139	-0.0137460583953907	0.145380791151446	5.93871983411582	1
X2919289	0.208436443470082	-2.83706517517164	0.267588555687158	-1.71009119777611	1
X2919290	32.4100170861313	1.60756997879219	12.9707946359094	0.967500040441789	1
X2919291	27.0730924953265	-0.00589896715009541	28.3344239473282	-0.853422350784283	1
X2919292	18.5417562940281	-3.79788299212683	21.6156791502656	-4.8320387810069	1
X2919293	8.47472622155953	-1.12314303607437	18.5775053586095	1.36482795239115	1
X2919294	-12.6235701687557	1.88233056610916	-16.9343691817941	5.93122101670694	1
X2919295	8.56121342249598	-0.681117533878633	2.87848475311302	7.22603721176014	1
X2919296	12.4299765399618	0.784304904735099	4.35388279333768	-0.977758241973535	1
X2919297	6.20441000912047	-2.85578334004403	-4.42473111021763	-3.86234930956949	1
X2919298	27.9225514472485	0.244792077665575	12.8551776603174	9.11141521102114	1
X2919299	-11.108383536443	-3.07339749259983	-10.2827240073352	-1.86329753893778	1
X2919300	16.4503434112891	1.23378608612003	-9.23996270577885	-0.135801026694369	1
X2919301	28.458975640324	0.68110212304619	34.7275236245299	-0.460839671861345	1
X2919302	-2.60913566374259	-0.428233722171632	4.25429817966599	-3.64052757063326	1
X2919303	12.4359158142707	-0.990167354425955	26.5514315848264	-2.14882949022086	1
X2919304	-16.1325862088607	1.26423614914329	-27.5937786182842	-0.0490046252024212	1
X2919305	-31.5359388087399	1.35417472098	-30.3917593186891	-1.38050756404657	1
X2919306	4.77555026495682	-0.787513765558042	3.59991325590103	-4.50327262251606	1
X2919307	20.7923148528455	0.341578562600877	22.7288801081404	-4.39912945287051	1
X2919308	26.9169048415529	-1.41561129359855	32.1269399634726	1.2784642947921	1
X2919309	-30.9886849161454	0.114214221911082	-28.766458869352	6.87982873902058	1
X2919310	-12.5210067139766	-1.11898648407359	-7.1463174808571	-3.218477620409	1
X2919311	2.03114246907731	-0.811324728594828	18.5281785807039	-1.36205077386555	1
X2919312	-2.65488970064411	0.620132275791628	4.76913494099572	-2.74803477929325	1
X2919313	-2.38431808621907	0.210559124160115	-15.8390548300212	-3.09805133915455	1
X2919314	-35.4020248214974	1.55392092619231	-35.4651756711354	-8.3995294115346	1
X2919315	-33.418363925508	1.48393701874156	-13.6299605256355	0.125194039047276	1
X2919316	12.1822850884196	-1.99436154318597	21.4904902199995	-3.48831612840937	1
X2919317	-24.144499325236	1.14966251620356	-27.4327582677772	-5.05459942876787	1
X2919318	-3.36974275421772	1.30454337489592	-6.91486225819622	1.73381672675168	1
X2919319	-26.4514342463574	2.12455530158376	-1.83736091781739	-2.29259747117632	1
X2919320	-11.0986942003149	2.07315336899045	-14.8345811387932	-6.36379937022277	1
X2919321	-11.4663555970019	0.68237630481514	-7.8841525067256	-3.47420716268969	1
X2919322	-22.8043910571573	2.09608281129825	-8.06473582770873	-8.33040691606892	1
X2919323	-8.01929987105203	-2.6600950905357	14.9908811937417	-12.8724973424407	1
X2919324	-26.7358727929077	-0.989572634828347	-11.3154056173029	-12.3749695031108	1
X2919325	-10.1994978510696	1.68248211448204	-12.0999783783878	-6.83925679337882	1
X2919326	-23.0556133071241	-0.38153523290682	-23.7260482282069	-1.81377754225751	1
X2919327	30.9650268619574	0.331290434742543	39.9708264503924	-7.54021325336527	1
X2919328	-23.1885023753426	0.412530930523937	-16.4002821086959	-7.95711295335259	1
X2919329	-18.0458428539227	-2.49620693418704	-8.0696615026483	-9.45260940826798	1
X2919330	-12.483756910133	-0.393910076712868	-8.69920677425487	-2.51009980806725	1
X2919331	5.85881035019193	-3.05002258920658	12.8835985362371	-6.96032144065859	1
X2919332	0.0508885428373902	-0.859116077900566	10.269985928695	-9.66929948389182	1
X2919333	-13.8825393992166	1.4241013104616	-0.142207274640658	-7.61190734734208	1
X2919334	-9.37302503341047	0.352229650824884	2.04977571857205	-0.414792509884699	1
X2919335	32.1117985998903	0.646456870868008	8.37951396926865	-0.000939915925862511	1
X2919336	7.04737414642558	0.222373106161593	-10.9584013666912	4.39573946152094	1
X2919337	4.1376283733907	-2.13993639599116	9.67068365755993	-1.2143676286365	1
X2919338	-15.7564898444853	4.20188340765597	-22.6411693944231	1.90761090737855	1
X2919339	-19.0269359551669	0.779116186973416	-34.5581378338831	4.80325215707432	1
X2919340	-10.3537202794578	1.92329356445915	0.250898366125766	3.59719924844598	1
X2919341	-10.986227095624	3.52515052649451	-23.7145453540931	8.65656648893889	1
X2919342	15.8408906992273	-2.27624014412199	-6.64563436108476	2.74373102716126	1
X2919343	7.37878709950362	3.05098980998187	-4.37480338169064	-1.14425104204684	1
X2919344	-2.92576767165354	-3.26596434865761	5.77025484968349	-1.29161487332811	1
X2919345	-2.83479720344799	0.123517697114035	2.46698923981645	2.71645507814853	1
X2919346	-8.81971090927053	2.05591094845573	-2.95912650265861	3.49158400945637	1
X2919347	19.7563439168499	2.00704220622069	22.6978267744668	6.58088016653331	1
X2919348	8.51391624615407	-0.0291961346601415	20.8827799440914	-8.557935652418	1
X2919349	2.54237599310105	0.204826126612117	21.6083711999971	1.13219054075776	1
X2919350	3.32888304606521	-3.87625620618592	2.08899692442262	-8.07405798748935	1
X2919351	-0.901317827858429	1.50547146428136	-11.2393190368553	-4.23763317556464	1
X2919352	-16.864370102952	-1.7275771460936	2.18333282168436	-13.7034375083454	1
X2919353	21.7506128045469	0.750615916203706	43.3271552591021	-11.9649144244486	1
X2919354	-5.95097297116824	1.28267739377441	5.88509586988357	-3.92040066863556	1
X2919355	31.0367325258456	1.27374523264618	28.7995982619016	-4.59902908715047	1
X2919356	32.9351808631773	-0.965724118268268	45.4124620633719	-6.94337772040474	1
X2919357	17.4442746206034	-1.47436447342978	26.2599885838829	-2.59515457890513	1
X2919358	-6.45924907478926	-2.28081884494427	-6.02611462772036	-6.13102910643987	1
X2919359	20.8807122194073	0.80210203664559	14.0042219696733	-1.43149206661354	1
X2919360	20.2793592043176	0.818734321713512	24.7028517046127	-8.47722499447485	1
X2919361	-42.1206645951598	1.36552316334579	-42.5369515925405	-2.03038763178291	1
X2919362	7.87324679873889	-0.706214171015878	16.4601702714937	-2.04777594665238	1
X2919363	32.3986656463982	-0.853603313355615	46.5952452010749	-12.040866428719	1
X2919364	-9.26060023175423	0.696547741786035	-19.6129179507429	-1.80030803442468	1
X2919365	22.5532882030897	1.87802568097233	11.3760642813828	12.3852354979919	1
X2919366	21.5263160527993	0.63245141386076	18.4319163913732	2.76613847759201	1
X2919367	22.1341480868236	1.86963824176507	25.5196427131681	6.48469948488461	1
X2919368	-4.76644979294815	-2.68760518685311	-12.4903684619679	4.75224080061282	1
X2919369	3.04410346835454	0.391849312764235	12.5684088769151	4.45695934925573	1
X2919370	16.0949192289903	0.738046818127736	17.4872574454181	9.78058757941333	1
X2919371	8.16656921202384	0.83926989890243	8.85916807679696	2.13455411226008	1
X2919372	-13.1780178048912	-2.4249536194221	-15.8284138695153	-0.710183962029645	1
X2919373	20.0579472069207	0.763048713143985	12.0205566573151	15.0518501493916	1
X2919374	13.9815582120227	0.990686200122888	-9.16047380955654	7.39317000073527	1
X2919375	12.0496018412549	-2.57340481779718	13.6790655441214	1.81516702376017	1
X2919376	0.187779095700063	0.46650303660885	-11.8095532342481	7.6009683733706	1
X2919377	24.9639994737434	1.69103740854822	1.24531803627868	2.52879755467046	1
X2919378	-29.1971598947525	1.89240178183964	-31.358216818224	3.45745580856367	1
X2919379	2.23454132701939	3.54188016161483	3.60939659796549	8.12534359452492	1
X2919380	-20.5929359428625	-2.39989466802833	-17.3730611506348	-1.27070833251245	1
X2919381	-54.1753885087078	-0.407838086014787	-47.3100171717652	1.24597570718766	1
X2919382	-1.28684386294547	-1.84863979916616	-5.45629702483358	0.00807528842561522	1
X2919383	27.022342500688	3.01364736502928	-1.55495282716758	15.4307921680036	1
X2919384	-10.6836580842988	-0.800524682546224	6.58023524692016	-0.943216326321598	1
X2919385	-10.0567678467393	2.06304988024598	-26.9117399320219	7.38638108396298	1
X2919386	14.3661307744631	0.694320883136536	11.009954519755	0.387905030398002	1
X2919387	-17.858838646332	3.4383875807085	-25.8768416875087	9.56364475899269	1
X2919388	6.62051110432973	-1.06377662645179	1.29031833053262	7.17864394963969	1
X2919389	-11.538612820318	-2.34150288345318	-11.3309365966049	0.197596571250056	1
X2919390	9.91836994839827	0.558112539644266	-17.0241312153906	8.98793155736822	1
X2919391	-12.7701495924627	0.351929069454657	-23.8536775140362	8.12189470116659	1
X2919392	-3.05032444038475	0.431773571514635	-1.99155598355339	2.96824904767737	1
X2919393	-5.40943400608097	-0.517782856529532	-0.678376301684764	0.873852834593283	1
X2919394	13.4343041570881	0.213261770317532	7.97388436706702	10.5143754512421	1
X2919395	5.07973759264063	1.27422372687659	0.306167769414949	0.976495069520043	1
X2919396	-21.3198291986531	-1.78328657611478	-25.1239918430819	1.38703875060212	1
X2919397	-26.9404572747215	-1.58141315471065	-16.7785666986257	5.7975000384572	1
X2919398	-15.4866097594718	1.05854371436957	-22.3341081657176	11.8847913423845	1
X2919399	5.83976601334922	0.518525169820532	-4.76727165623928	8.30688651889918	1
X2919400	-4.64290635440139	1.42537269993657	-10.0935630357849	5.26938895868617	1
X2919401	-26.7208139148525	-1.81417982611732	-8.15279368286199	-0.321510809948484	1
X2919402	9.96875057373345	1.27397046904994	21.9705689239967	7.32147301866201	1
X2919403	1.80660657484885	0.976215307167517	-7.88026528439509	5.22707116864276	1
X2919404	63.6765282631915	2.37182174553186	30.7202183485531	16.6547291256923	1
X2919405	-3.16446416556548	1.55313392242889	-30.8956712620642	11.1057339647886	1
X2919406	29.5192618383382	2.60175817243533	7.88315044924815	12.6998849517767	1
X2919407	43.7227160451053	3.60584280579465	23.8668398776001	6.72808499220911	1
X2919408	26.9355432206415	0.85589816881261	22.0273580633599	10.0222594385902	1
X2919409	-1.30988652366784	-1.10131351535201	1.76592731703156	2.33984321971899	1
X2919410	19.2202970545333	-0.134572491283153	0.516713524548532	0.81414426887768	1
X2919411	-25.2679379351823	1.31003063270242	-35.849714173994	17.035610264059	1
X2919412	30.443584316222	2.73542542230412	15.4437767359916	11.8351802167155	1
X2919413	-4.55604528849194	1.0866738361994	-13.0146476386155	1.04270704293392	1
X2919414	-27.6199249212588	-2.19857080030157	-24.2187184134029	5.4164669370804	1
X2919415	27.5456762399448	-0.397961690236959	20.3873223622694	-4.92331990852359	1
X2919416	7.88350052233854	-0.0921758510437816	-4.0277623947889	5.30788283497967	1
X2919417	20.7610029427579	1.96604708566386	29.3157922635178	-2.36268652034381	1
X2919418	-18.5806654604513	-3.92515389143002	-12.8305335706822	-4.54002927349534	1
X2919419	6.94444353970665	0.858211276083637	2.50731260530043	-1.3129040883757	1
X2919420	-24.0128786420215	-2.6010509821911	-27.9619001119709	-5.69136548499117	1
X2919421	-4.35196087792426	1.89406337095671	0.415911662625003	-1.09462651462309	1
X2919422	-11.5198135052548	0.90917403594115	3.62973081184909	-2.49396810039286	1
X2919423	-3.11021531953746	-0.101931813217541	0.0867320934390454	8.60434917285792	1
X2919424	-15.3846715467981	-1.22021418022517	-20.0353355547943	7.14732014139817	1
X2919425	-16.7673448728081	-2.35795610701021	-12.2169352479456	-1.4153256538339	1
X2919426	13.4731583768024	2.57330757112599	23.8801559076954	-4.39409575810493	1
X2919427	-4.55636249039229	0.20748236484946	-12.4704126360467	-5.88850806967373	1
X2919428	4.77554786164911	-2.71730716397175	4.92426520697919	1.02096695282053	1
X2919429	-35.9222856832051	-0.119168631285823	-31.2468591440188	0.951697969265627	1
X2919430	-21.2487453382085	0.408223684344124	-1.52119241061029	-2.50142845466004	1
X2919431	-10.3281503101986	3.20135395348999	-17.1691173715669	3.27821334645621	1
X2919432	-10.1148608582313	1.8060190840819	-17.7008772767942	-4.32429241307218	1
X2919433	8.45217452895008	2.01565663078977	-5.80206008207202	11.7675548502249	1
X2919434	-26.5327299847244	-1.08194741118609	-23.616144757067	-6.97761630555333	1
X2919435	4.93516044194295	1.55901394270098	-3.7182427965012	7.3182126501434	1
X2919436	2.61353047813259	3.09312163519326	0.335408854122596	3.35334868914425	1
X2919437	10.4040696412563	2.24804004673484	12.3192044144703	-1.97977322156346	1
X2919438	-19.1136238596656	-0.848098516003724	-13.2026437376905	-4.2989484650254	1
X2919439	3.36513868407693	0.348406162788137	-8.78266776873465	4.56037969239097	1
X2919440	2.51672132940669	-0.936837562205636	-0.0305603487031054	5.07374251886087	1
X2919441	-37.4303552912484	1.21218040685992	-21.274359400546	-3.34563294453665	1
X2919442	-23.8181783087452	-3.01400085025021	-22.6553257871227	3.44721113292406	1
X2919443	-3.56241156770156	-1.50715740713112	0.753289392021232	-4.41295558458743	1
X2919444	-36.503897594333	1.25309533634627	-29.6958750989694	-2.19965768244343	1
X2919445	-1.01208603057946	1.04938996521516	-6.26511888212415	-2.42379179257173	1
X2919446	1.13434851246815	-3.69213517106352	-2.11442661943595	-0.570610879239425	1
X2919447	5.93783739428051	1.31565542659275	-19.501970364791	-1.0138305673378	1
X2919448	6.93552801003282	0.281866058125386	10.2923594601523	0.925088522306421	1
X2919449	-43.5509844057046	-4.28981224293068	-33.6840672994187	-2.32476451997151	1
X2919450	-4.75209698390537	0.139071489957626	-7.65245341388791	2.20184171027681	1
X2919451	-11.6618554414225	0.713840260701357	-17.686508891501	7.26432047498889	1
X2919452	-24.938296455707	-0.733516228906084	-16.9787772254921	-3.92559781649745	1
X2919453	-21.3687664986846	-2.16850923224351	-19.725700564339	-1.27832890358424	1
X2919454	-4.79362032509502	2.46109834643297	8.02967958730375	-1.80554820385744	1
X2919455	-7.40070959290165	0.904552973434999	-2.65053425151234	-1.1592338598935	1
X2919456	1.54439407494219	0.990612218339006	-3.65627474982045	-4.9083556013836	1
X2919457	-4.49381745691255	-1.13205049670397	10.2114512908103	-5.98828218412058	1
X2919458	11.03902927728	2.15117314148849	23.7328890789941	-7.32761461787514	1
X2919459	18.1219820002111	-0.70135955773453	35.7176900921848	-6.51437788580562	1
X2919460	8.84676466161706	1.05843700523416	2.18191924503792	-8.63277880847218	1
X2919461	-5.54404393770315	-3.77400786141041	9.69824351026371	-11.742555629767	1
X2919462	-16.8215872829188	-0.539274136977011	-27.470809262373	-4.87309194908869	1
X2919463	20.5896259760859	0.274604645202104	22.4609746950607	-6.49094144301063	1
X2919464	-9.55490816952048	-0.776206965823564	-6.50295232309554	-6.75151495631367	1
X2919465	6.84427408878701	0.599367726821966	20.0148514787361	-10.0371932965	1
X2919466	2.02366529681727	-2.79197723800664	-2.69990881933278	-7.93500597239222	1
X2919467	-27.2493391079853	-1.92423069310566	-16.9887567091109	-5.39886303168401	1
X2919468	-17.7625586367962	-0.141941142013586	1.15259578247004	-4.53464085210294	1
X2919469	-9.62935412131527	0.398470364833694	7.01040627303969	-9.34700713495217	1
X2919470	-11.3401332590299	-0.465872325863202	-15.9142451042251	-4.61419719640229	1
X2919471	43.1521427329412	2.51458098810004	35.275100085927	4.86978027327732	1
X2919472	38.2147016265655	0.192688136475883	47.7452718979686	7.14446154315655	1
X2919473	16.7070215075591	0.272737463903538	19.636493958259	1.73067977876666	1
X2919474	-5.14903180213251	0.77154750681407	-11.4994578180024	1.70898385241959	1
X2919475	14.1773212192376	1.52265789240444	12.2451910317492	5.89267426412927	1
X2919476	14.8240666313988	-2.17424013241128	18.2271012345376	4.19557711704324	1
X2919477	1.87689798839494	0.650827006632971	-17.6515294391922	13.2137494503228	1
X2919478	-8.96356912117098	-2.04094393383716	-7.74218332922997	2.91625121623637	1
X2919479	-8.44988426808698	-1.53644570888958	-8.86141626530807	2.72907889723639	1
X2919480	-0.224590691060025	-3.6019076312331	0.268006596629809	-3.5507930683057	1
X2919481	-6.58233653379595	-4.51001457093726	6.7134969066575	-8.13563974131364	1
X2919482	-16.184437195923	-2.44765237051257	-13.3118617699139	-4.27265125512267	1
X2919483	-12.4427327095504	-4.29355430645106	-3.31607083683367	-5.30082493102732	1
X2919484	-42.0787719403261	-2.10614844000104	-24.5012114579434	2.61074366108011	1
X2919485	-15.1605169336627	1.13770354299238	-15.4468834423259	7.38257406719191	1
X2919486	2.54065970661477	0.442808008727924	-2.77553025491341	9.72748237530423	1
X2919487	18.293758013245	-0.189920230506772	21.422945136801	0.589080072228611	1
X2919488	15.7822601302056	-1.17623577135678	26.6249482363801	3.38393686100115	1
X2919489	-15.1487445596129	1.37842881834725	-31.1998351103991	5.88847499996729	1
X2919490	-13.1550673955518	0.562828334750171	-8.76162515482447	8.2057180732611	1
X2919491	6.96442545816668	-1.00311754801416	-0.336603222684195	12.842437696522	1
X2919492	-30.7999613472439	1.45115558218411	-34.2611743166264	3.10943383485665	1
X2919493	4.14844043481898	-0.246147753232955	-1.35268487540499	5.52637782733486	1
X2919494	-27.7429436977827	-2.35362257105365	-31.6448835858519	-2.78089734938472	1
X2919495	-15.2602772009407	0.966387424089308	-27.2368445144904	6.95221147335423	1
X2919496	-17.6652295268247	0.65098440250658	-19.098653443156	2.62996872445541	1
X2919497	-20.8483536398384	0.042337553625321	-10.7483778335598	-2.0123631780146	1
X2919498	-13.970604721574	0.372879006762068	-27.1550967853615	2.1174649071798	1
X2919499	8.45141635600501	-0.0637244349924111	1.16031893397884	1.72873802506534	1
X2919500	-2.41048992819635	-0.206630309701629	-11.4854397342856	0.506362946839607	1
X2919501	-15.2435321784197	-0.656893464676489	-12.9547533365599	4.81338317630546	1
X2919502	15.186166729453	0.268448415382361	1.81811237472768	3.23054677344691	1
X2919503	-29.6212515922826	-1.0446212162126	-17.55828459923	2.74423292041869	1
X2919504	26.5318199838199	0.393707942977798	17.3243944675441	1.88161817508178	1
X2919505	-3.48635794269952	-1.3800194814395	8.0218243164269	-7.12068026839921	1
X2919506	-2.45141874917973	-0.346538681072648	-0.591463707079697	0.899920430632172	1
X2919507	29.0542237478413	-0.266537529785292	22.4102640402827	2.95045563252333	1
X2919508	-9.30287340385543	-4.11948283169244	-5.00454179633752	2.11776828388607	1
X2919509	-32.8713274851134	0.973887726009619	-35.5863172131338	-1.26077693520481	1
X2919510	-33.4458820969873	0.671966599992717	-30.719394608032	-1.35579617091151	1
X2919511	2.16737615828754	0.725533951210706	-14.0595174250258	-0.369623646251788	1
X2919512	-12.1403951105209	-0.211894821995454	-14.1883627611921	4.31137052720543	1
X2919513	10.3424143839566	2.05904847255339	-5.65872791867319	0.7632268978153	1
X2919514	14.7397883435684	1.10643822765925	14.6002850647018	2.93811067250462	1
X2919515	15.7884897064278	4.44563084906576	-8.63801782526832	8.81831475131025	1
X2919516	-12.1788676636998	0.760890222668337	-16.5987797979947	-0.72909137275274	1
X2919517	-8.47596561124131	3.93942950953168	-13.0035535880765	9.32595208838591	1
X2919518	31.1932430973224	5.04339957962352	24.1983848700047	8.73165908210855	1
X2919519	-5.92193125057763	2.45255426672329	-12.133588535194	10.6595781237972	1
X2919520	10.5268068268105	-0.204747129446873	16.4626481036314	-2.62202096109429	1
X2919521	25.0442361268056	2.34783074346668	8.49622279702341	11.4522788071626	1
X2919522	25.2829530282782	2.79303535440696	13.4716985063299	1.62908047906288	1
X2919523	-17.7782483578564	1.7424058576061	-14.5119549418571	5.73313380785488	1
X2919524	10.4385588273071	-2.52928899646817	16.2502982036883	-6.13057003453538	1
X2919525	-11.5486795882171	1.43345076847254	-2.67585383182908	2.48349469403476	1
X2919526	-8.98960256083959	1.20073891583258	-17.2751945172746	1.29576498149256	1
X2919527	2.2804550038083	1.52216788513667	-8.0111509170234	8.60582329459528	1
X2919528	14.2442436343741	0.898380215279517	12.9549059992044	0.13710740797849	1
X2919529	-22.629386974315	-1.3883149703036	-25.7098294748091	4.55806458297991	1
X2919530	19.4358421489638	4.21035424392871	5.99458964299972	12.1270769107888	1
X2919531	-4.42220592891191	2.92404516910281	2.37319624307342	7.03196383140758	1
X2919532	-10.6900185944559	0.78771878230764	-0.131466926489109	1.01310204089682	1
X2919533	33.2846600395518	0.276288505474563	22.0906031980947	11.4959590253478	1
X2919534	-20.7081037987139	2.7118841384097	-32.536059957616	13.6193080555036	1
X2919535	7.91354164484184	-2.23637778971147	2.3497540301605	0.471907340298551	1
X2919536	12.6159554308504	1.79923309850608	-10.7034919169689	11.8174516147439	1
X2919537	17.9721257162097	1.37720694391451	9.58708473737786	11.1830552760828	1
X2919538	1.75817222003506	0.638094922265142	-13.44537577273	13.9728752529547	1
X2919539	-38.2874757663213	-2.37981288415326	-36.2108825035122	2.55981027240693	1
X2919540	-22.0997396071631	-3.51561693339263	-24.2813006099549	3.03182597801858	1
X2919541	-6.96974145709333	0.780721656397421	-9.46268431700249	3.51811029232388	1
X2919542	-21.1369411600264	-0.324106511543507	-17.5998163134163	-2.37281772850225	1
X2919543	-19.007164290952	3.85098089414378	-24.234960718126	5.74406181163047	1
X2919544	-21.8143540106472	-1.72443445677648	-18.9505672475488	-2.35355827385252	1
X2919545	-5.2023734102795	1.80141832500604	-15.4667139981134	-2.44058714987115	1
X2919546	-0.282216652568367	4.54079894058092	2.44577707865068	1.02815419657698	1
X2919547	-5.0789182644873	0.917081803727241	18.4644466369138	-2.45506482886669	1
X2919548	-19.0078029717196	-1.75110882066691	-13.9021497750907	-5.61889011105963	1
X2919549	-32.4647235662763	1.97946633763013	-28.0663187442309	-2.21527807079587	1
X2919550	9.67314158793459	4.07696402852319	-8.2016329811662	2.1398136020785	1
X2919551	-22.5808928313291	1.91059720908001	-28.5801441874219	5.87157085701493	1
X2919552	-9.16886948554835	-0.561226504853553	-28.0436049468731	1.4761784325253	1
X2919553	-6.71064274803555	-0.0561709196818956	-8.08667679668098	2.50328032880356	1
X2919554	3.03877505014928	2.20271073103942	4.81554055383695	1.23858234085332	1
X2919555	5.52885844034564	1.34786216134218	4.48706399993596	1.22066491339309	1
X2919556	-12.2872092411112	0.332086431757277	-13.372428238457	-2.75992622871845	1
X2919557	16.6578696122835	-3.01022142987236	23.3482401528817	-5.20654013759175	1
X2919558	-20.733409010801	-0.655263464482066	0.378128608837457	-4.60289951051004	1
X2919559	7.80242267412534	1.51933687826857	4.10613318982501	-2.88142064722781	1
X2919560	0.940765969467167	1.94912323632676	4.78635368720832	3.56377040672793	1
X2919561	-15.2072875050331	1.93046039748695	-13.401918055975	-2.06423917245373	1
X2919562	10.871658220949	1.75126213805955	0.264237578502186	4.3303181922811	1
X2919563	-21.8574772818949	0.500957483439039	-4.48601685757082	-7.80153192582865	1
X2919564	6.81939337931025	0.863045237570998	-0.554827065990311	0.886693552790692	1
X2919565	-17.4705674090267	-1.76173400279769	-23.5627990771478	-2.65542874399291	1
X2919566	-10.793632504402	-1.32702217251081	-8.48334004785621	-1.4145216485719	1
X2919567	-4.97034989125875	-3.21328516634292	15.873487775658	-1.83890597480898	1
X2919568	4.86901035254563	-2.361601097	9.54402389231646	-0.791673673740531	1
X2919569	-15.5457090740104	-6.89217864055373	-6.43367596675202	-10.0882941053645	1
X2919570	-30.7642199961273	-3.37905931666713	-16.8623112741553	-3.82507099281333	1
X2919571	3.1212418952533	-2.36062734388252	5.09776468800187	-2.47919653976122	1
X2919572	-4.43847330383485	-4.29704154427593	6.6752950956207	-10.3488935224698	1
X2919573	-10.7926990307572	-5.115753225432	-1.33273001417827	0.283478518391452	1
X2919574	-6.89789283020351	-2.35007048726353	-2.28611094859926	-6.45921667035155	1
X2919575	-22.380692653461	3.60263291178709	-28.0717823960168	-5.29240822025376	1
X2919576	-17.3363282124797	1.80201188092153	-17.4371494746184	-2.2604525152265	1
X2919577	-24.5001072689068	1.34590418560539	-30.6481146354598	1.48046021848423	1
X2919578	-7.83733427412744	0.349223282532032	8.82045932958834	-1.03995350667919	1
X2919579	-2.41130900600637	0.613692090823912	8.897181066123	1.0919798717245	1
X2919580	5.60243507430169	2.75988036266719	12.903816320198	-7.79806569645163	1
X2919581	-17.9368636206292	-0.499360377554718	-13.5650741134673	3.91564935061145	1
X2919582	-25.6085721061377	1.48124949674904	-13.5052783575604	-7.80310347615145	1
X2919583	-32.6017645919537	0.42148839773408	-32.8248365475491	-0.810302502905572	1
X2919584	-2.55208105581878	2.65534389932665	-17.9691543654213	3.28967724437031	1
X2919585	-16.5666999370159	-2.52740232370223	-10.4216333991907	1.43361226278052	1
X2919586	0.0983836183655997	3.53874679458519	-10.2128382033379	-1.44319731911407	1
X2919587	32.5514854007961	3.62051676056805	26.6020417929092	8.14484018509359	1
X2919588	9.92710797609777	3.12696679857668	-12.6099578842359	6.53224104383099	1
X2919589	-4.96983231122662	-1.4675242141895	-0.504363558609563	-2.09586588208542	1
X2919590	1.0183987132096	0.105682262970396	7.15601733152353	6.92874985800711	1
X2919591	8.02046684727544	-3.11462021219257	14.6729550869844	-4.90015697073537	1
X2919592	-21.8260669351111	-3.46610512880739	-20.0029823581622	-5.15016558233913	1
X2919593	-15.0303759228319	-1.1317462947097	-19.1271357404511	0.369105871196258	1
X2919594	7.81349578440393	0.826315768121381	12.717002393727	6.02263161652326	1
X2919595	4.82420706239848	0.331294592145004	-12.9789120124888	4.94975629542166	1
X2919596	-18.1548859414916	-2.3007179410635	-18.3657876575394	2.50522051200347	1
X2919597	10.6641849997802	0.242834847852589	-13.7687459186015	6.9601220598869	1
X2919598	-14.8757492422674	0.339672393446862	5.6521065197671	0.815926285112106	1
X2919599	-30.7178317882017	-0.283903729404399	-23.5299568518307	3.59426093050029	1
X2919600	-20.9710512449979	-0.837645208642548	-22.2910778255602	0.100222377300451	1
X2919601	-7.92598195572502	2.85507508327084	-15.4716590911961	5.20796995598559	1
X2919602	-5.58157392817319	3.04002326158481	-9.51284785583058	2.59641304518611	1
X2919603	27.1866494191747	0.696115104864775	23.8828320786757	6.01040710621908	1
X2919604	-8.45941925337773	0.0959792605002572	-18.3726072734883	-4.50494981253837	1
X2919605	-14.4430468098006	-0.104709640150948	-23.1370096885852	16.5263371598234	1
X2919606	18.5637916937412	-0.321727272829778	13.9758959098854	-6.09831156323873	1
X2919607	6.98113998863556	1.78805053336477	-6.09236591429482	3.97523623905716	1
X2919608	-4.07695763931469	-0.537073654636988	-15.7364629732976	-0.0930855482969464	1
X2919609	5.36794406958837	-4.12102224071098	6.44972569039063	-1.20137816964315	1
X2919610	11.8860717171815	-0.0999303231633531	11.4199659619566	-1.6138973352264	1
X2919611	-6.15780019002382	-1.18828030406004	-8.34654975634324	-0.146299155973477	1
X2919612	-17.71548849215	-1.97620232459082	-5.09208451840307	-0.353080298252615	1
X2919613	31.6071045161668	-3.18065692548572	40.6041013839413	-6.54781688324338	1
X2919614	18.8118210807614	-3.64243155637698	32.2971927468849	-4.30265324921701	1
X2919615	-15.1327567898249	-0.404754856140974	-14.9650417361627	-2.38772401660436	1
X2919616	1.59098360433179	-2.89710907619517	-5.03773064338571	-3.1897773974863	1
X2919617	20.9588708670738	-4.5292475364803	28.5473636510469	-4.54217717791381	1
X2919618	9.27857988998855	3.03984327592398	-1.5226684924123	4.03227581249769	1
X2919619	8.56986229256487	2.53287129348627	4.09070025995871	1.74649231260619	1
X2919620	-25.0028524909311	0.698190774367409	-24.9581238555874	-3.84769552137949	1
X2919621	7.16372808912317	2.96456713718277	10.2092466268894	0.136799301128456	1
X2919622	9.84370553795956	4.32027970138548	12.1211561787686	5.57769239424794	1
X2919623	2.6138537343046	-0.177370711314943	-2.46580061144563	-0.169496791353176	1
X2919624	11.1783294221385	3.74026887415682	-10.1329470728104	3.34641530631078	1
X2919625	5.55484628483383	3.93614822327298	-3.06865355373752	16.0082741579422	1
X2919626	-9.28262962464203	-1.73907305014846	5.58698565446542	-8.74607539665696	1
X2919627	-30.5313438634808	-0.74252686798495	-13.9752105347394	-0.217265590007743	1
X2919628	-15.7454260735453	1.79512542276987	-5.5435714938177	-1.28669720930045	1
X2919629	-5.50451663696381	3.83667530607075	-5.56816089204269	0.213940883756747	1
X2919630	10.7229586882951	3.13032902555691	5.17330875180778	-0.232582141548826	1
X2919631	-24.0424416299702	-1.68128416514832	-13.0288260421234	-1.76621886690415	1
X2919632	-14.9544318572533	-3.47216511613304	-22.7504711724764	-7.62672455939231	1
X2919633	-0.298872818649949	0.749473565908773	2.68272201182655	-5.7674794121369	1
X2919634	-29.2813592853929	-3.41084230776292	-13.6898033616196	-9.46747954422935	1
X2919635	-18.8992635159499	-1.1723353950527	-12.0995239823232	5.92077305188931	1
X2919636	-0.29541442147297	0.0844377650090782	7.62903581900691	-1.28904442169161	1
X2919637	-22.80014351873	-3.3680453384733	-27.6982262987788	-15.0588947815029	1
X2919638	-23.7266145230161	-1.08507472033461	-11.2763081732316	-7.37282377706912	1
X2919639	3.4173051344877	0.822014430234141	0.705855139842652	1.29260383906066	1
X2919640	-59.0698892520961	-4.90910280952944	-46.6387338574063	-7.16695677374096	1
X2919641	-31.590770160502	-1.91079680107222	-28.0648185814951	-0.350688097997684	1
X2919642	-14.6462391972646	-0.219766219772716	-16.7130655528458	-0.0928641090633118	1
X2919643	-31.587518758069	0.866938582785418	-20.0441746126074	0.264693683408613	1
X2919644	-20.9559018430911	-4.1255193349293	-15.8614524534372	-5.67777733160887	1
X2919645	14.8099111427884	2.10036513032375	10.3012859342049	2.1714976414022	1
X2919646	5.24258316808706	-0.896200356300551	8.9146176195617	-0.810600618023865	1
X2919647	-13.2532096952988	-1.59574153145213	10.901617259451	-8.31204465702891	1
X2919648	11.4216288595517	4.65587648367704	13.1855255383277	9.8034595475751	1
X2919649	40.70040245271	3.8544842803041	18.6879922357195	18.4788487825112	1
X2919650	14.3355861785312	1.70852498494548	-14.8200322040981	9.55678812206032	1
X2919651	-30.3632346111475	-1.32584585593665	-30.8096513181646	4.62803406557364	1
X2919652	-7.23767491067834	0.698688704919331	1.95575956348483	0.0270113909854177	1
X2919653	5.49407360198037	-2.76015042790654	18.6854305750631	4.93162949622982	1
X2919654	1.42167964471139	-2.16259593987261	3.91238619573744	-1.53287862236404	1
X2919655	2.42725241962025	-0.295352105217941	16.8956236404355	-2.50669891649813	1
X2919656	4.83208474940533	0.808759839919394	3.02740360163025	-1.58315030546193	1
X2919657	25.9996211220234	-1.07455298989608	35.9895113982856	-9.76064810861511	1
X2919658	-23.9841182328637	-3.35745130053096	-19.0690051228942	-10.9880709565259	1
X2919659	9.14263628204834	0.692976495454733	-4.23137616185185	8.52945832620445	1
X2919660	15.6621672516903	-0.202181810813801	24.9738652989031	-8.11122516300086	1
X2919661	8.18806654402021	1.88868635040825	15.7883693338432	-6.83467717670137	1
X2919662	-12.4324317171518	-1.51650512028438	6.01112074517914	-13.0310959749652	1
X2919663	-1.00801587153541	1.6194067510155	5.94776510612971	-1.81855366960111	1
X2919664	-37.850213138429	1.65813397910918	-28.0996163159693	1.82111500600491	1
X2919665	-0.189701990190677	-5.55703439550737	37.9139331076516	-11.681602329995	1
X2919666	-0.622427389291043	-3.77825018519523	12.1252408701833	-3.52224697563036	1
X2919667	-35.1660006457647	-5.66053583451259	-13.8381205577819	-3.22542729109334	1
X2919668	-40.0660463851994	-4.54981636598729	-23.4929505044283	-3.99401864914746	1
X2919669	-2.56125119642803	-3.39672263835793	-5.33452177828574	-1.16840065033757	1
X2919670	-24.6804994789965	-4.58820051306375	-36.0889550207589	-7.52788039123429	1
X2919671	-11.303528717382	-2.52730668548252	-7.35485823099906	-2.15663602942036	1
X2919672	-9.3940615251569	1.35550228188194	-1.97096591084443	2.94905296185819	1
X2919673	-24.4753648724368	-0.736618561418226	-25.4686744631118	5.71187455488386	1
X2919674	6.88778935436108	-0.182042650466988	-0.408408641652708	-1.09373590190657	1
X2919675	-2.00226697445941	0.506373115796191	18.5667794585797	-4.60454074691436	1
X2919676	5.82090419711043	0.218950000011315	-3.7031271462588	3.4590209088607	1
X2919677	-8.12649740073994	-2.23826001867725	-21.4158769619254	-4.13601527566432	1
X2919678	-30.9366706306791	-3.04464361882697	-20.2764759073134	-7.24530234742337	1
X2919679	-62.7726987527276	-3.84334414811359	-38.882851131443	0.174047541448221	1
X2919680	-29.245525512221	-0.101685985352308	-29.7085891780345	8.05637710460435	1
X2919681	-2.2990887239775	-1.74484795814233	4.71070736225568	-6.75873677759667	1
X2919682	15.5392065244857	-0.134505094959603	-4.90568351355805	3.0800507559317	1
X2919683	12.9341495254561	-2.49119477663166	28.2788873276427	-5.06162462863719	1
X2919684	27.3400705729808	0.518237651817714	4.66849262793996	7.16842778774158	1
X2919685	17.0966263710773	-2.3134769591633	21.4875880816737	-11.4206066165079	1
X2919686	13.2180994758476	0.34943105572524	8.78812819297619	5.96394499060033	1
X2919687	15.5541114239818	1.25509883538878	-0.311477568110282	10.771323252177	1
X2919688	1.37300716473137	-0.286074192649651	-13.2534967601494	2.0865379065133	1
X2919689	21.5807098081092	-1.38474288118391	13.1052091738931	5.74699872562885	1
X2919690	-10.7945640030607	-0.607063721393697	-10.2672094580638	2.02241100321749	1
X2919691	-0.559778007167562	-2.23051209177052	3.62473465633813	-5.38408756061338	1
X2919692	-0.837496650275354	-3.36822402668871	5.70132931286957	-7.43264640790396	1
X2919693	-1.00437245099837	-0.104054713074051	-10.9767852312233	-9.78984897862526	1
X2919694	4.12295948004146	-5.10857691175445	6.04944570855475	-8.18401849934636	1
X2919695	-3.45629643373399	-1.40866020596067	2.20177559154066	-0.164758349098906	1
X2919696	-10.3108490449394	-1.58902719581522	-12.9277601172015	-0.756782401040121	1
X2919697	-4.5465983644555	1.05451545850605	-4.69071229818804	6.54259049421957	1
X2919698	4.07240253079814	-0.376907420908248	12.4790340764873	-4.75657109908308	1
X2919699	-20.8488568043468	-4.15253198771925	-8.03740694315863	-3.3413959743388	1
X2919700	25.0087741652147	1.14682139962339	25.1678679718051	1.62501399734572	1
X2919701	8.04048406184	-2.87803359887007	10.6040161730229	1.74438266552866	1
X2919702	17.0704994166885	-1.56224178706222	33.7419419454928	-12.2097295712032	1
X2919703	3.70998022967242	0.230735084683302	-5.80881584511748	5.14914097661096	1
X2919704	-12.7817380752854	2.7986978522612	-24.4694368840481	7.90196990926107	1
X2919705	-16.3565463203188	3.95498106187504	-26.7685042158711	-1.33296438492204	1
X2919706	-11.9459499649552	1.67411575363112	-28.4668719355683	-5.23283436236596	1
X2919707	3.94620489955993	3.07103772056171	6.12248189403886	5.20399306829212	1
X2919708	8.67203070288458	4.52730377990717	-0.818101661947082	6.63223571319607	1
X2919709	-29.8607353986517	-1.02420299171926	-24.9884698549734	-0.402842408109519	1
X2919710	27.9623800594916	5.51858252640223	17.1854124766423	0.932342480861035	1
X2919711	13.2308984280302	-1.10035183780376	10.403066188238	4.62166480776211	1
X2919712	-29.1628317353608	-1.33348802814287	-21.5593122033584	4.56070938901676	1
X2919713	-6.56514651851361	2.18336319851206	-17.1845962415447	1.75593917923077	1
X2919714	-25.5014593564354	-0.259389490039992	3.76465533697263	-11.8030884528809	1
X2919715	-2.60607053606891	1.84233034542949	-9.84561868774864	7.04390114914531	1
X2919716	-1.12510678487462	0.400333130022859	-1.50925112132877	-6.10435472031914	1
X2919717	-35.2852565808591	-1.92673824148917	-50.2986008428853	-0.614079284041796	1
X2919718	11.3593894354868	4.67304055617045	-2.93032646820916	4.50015872360473	1
X2919719	8.37705546208034	2.9180598400603	-6.89338342950598	2.53363624920383	1
X2919720	-19.0807104711954	-0.304943324671359	-31.3858438710962	-0.874152065516713	1
X2919721	-17.3577697079405	-2.20793744462198	-0.726443760238649	-9.88610431571145	1
X2919722	-28.3509169748613	-2.82136683697132	-27.0660661374446	-8.92198378642689	1
X2919723	24.4575733165898	-3.68699251983295	35.7226837781152	-13.5196992326754	1
X2919724	-32.5137415862127	-2.56245322786375	-17.0078455447245	-15.7797055998281	1
X2919725	-12.3721438230923	-3.9335145279641	-6.54764066817813	-9.72010960749826	1
X2919726	-31.0388371810115	-2.8421363625799	-8.93249118290979	-11.298955676054	1
X2919727	-9.87391300604504	-3.88036011357149	-6.98002830687373	1.56410584192901	1
X2919728	-9.23027268171415	-1.22200123827526	-10.4715699700791	-9.29509954130928	1
X2919729	-14.0956324854426	0.783281291485968	-16.8082480508831	-1.28631420081891	1
X2919730	4.05411055428103	-2.75219019738702	-22.4269680454053	5.10593157417161	1
X2919731	-0.0890075185777377	-3.26784314282924	5.16118922786639	1.79699144320905	1
X2919732	-10.3647804954802	0.866011870519185	-18.9361856562072	0.620370360447001	1
X2919733	3.4217849169199	1.2362257926019	-0.0076248161903848	3.34883458445557	1
X2919734	4.87193447623916	2.35359988005108	-0.423936500232308	-4.27401444508453	1
X2919735	17.5116249958393	0.359693750426149	6.83758597266204	-5.50710238504102	1
X2919736	-2.99083938833505	1.87130004720054	-11.023144389907	2.0592581105567	1
X2919737	-8.83339211986937	1.87122138386554	-18.1882103958772	-2.12607023409292	1
X2919738	-18.4185723542932	-0.148743875728031	-11.9018638993012	-2.17234847869207	1
X2919739	-28.487895203388	-1.83762994433604	-25.4244786347492	-0.700224026261049	1
X2919740	-28.9761839710978	-0.256631186356045	-38.0826458799805	3.95529619152312	1
X2919741	-23.1707294639772	1.24858833117305	-8.70362676263904	4.91925759803456	1
X2919742	-4.06481537252908	0.7522894480948	0.550553405351916	0.989838809529489	1
X2919743	-38.7900689511412	-1.9426769652011	-20.2180809868247	-6.485118248914	1
X2919744	-23.8360739807956	-3.6206090915749	-28.8848077129793	-0.768615617920109	1
X2919745	-7.15282558282903	0.938192202471243	7.09190716355383	-1.6224595249716	1
X2919746	-42.4029162815611	-3.63673364109227	-37.5056594625952	11.6365532179819	1
X2919747	-21.1459490675613	-1.16440451356929	-18.1291565070492	-3.29872328233224	1
X2919748	2.13325823708077	-0.133678376934005	17.1030764185108	-7.77608847523666	1
X2919749	-20.7754712071295	-0.981099001059115	-17.6796001431776	-7.3727369247196	1
X2919750	9.11249046869736	-1.29161984638628	8.55834891081665	-2.20919215935302	1
X2919751	33.4670791888725	-1.24872560024363	8.33322993775651	4.71796108402496	1
X2919752	19.5569409812957	0.0994881351266738	23.046421196797	-3.00404371506811	1
X2919753	8.50856881327987	-1.40185688673837	20.9971781681445	-16.0757848938334	1
X2919754	17.4153046700823	-2.54018229534227	29.1182884836191	-20.1286154790327	1
X2919755	-24.7359369721073	-1.13071660448664	-21.2025268645713	-4.48948283993872	1
X2919756	8.41922849354613	-3.97156229735226	3.49130433621749	-6.73703936830092	1
X2919757	-46.690585996171	-2.2934322660747	-27.1025201573854	-20.1971601123637	1
X2919758	-20.3120484583828	-2.64319497462102	-6.10472334961226	-6.67804156970128	1
X2919759	-9.08345418635607	-0.647231343932295	-1.23839747042139	-5.54491352488829	1
X2919760	-19.7978956381471	-1.92393631367549	-8.39084031595296	-8.71890535778097	1
X2919761	-15.2731404370864	0.85279958073693	-1.45358360652536	2.77665901702866	1
X2919762	7.19090965386348	-2.477911204137	0.592491030704084	3.18833915826602	1
X2919763	-14.175150528139	1.05193477790378	2.62051167254091	-4.72472211421535	1
X2919764	4.35146693017837	0.371699039542606	-2.39996469289846	-3.25907495993559	1
X2919765	14.1280498005565	0.0548962636766311	6.30202867873995	6.61634196104985	1
X2919766	22.537726199899	-0.645571744641837	18.4615809161449	2.40274488334739	1
X2919767	6.45129833978881	1.18951168368903	-6.53934588704035	-3.59631427652549	1
X2919768	-18.8230750780359	-2.72407169070369	-26.5330347402123	-5.75700072601744	1
X2919769	-12.1037399453927	0.419712878226247	-3.9106440106492	0.649983347452532	1
X2919770	11.814130338671	-0.219415340885589	6.64324666086236	3.27508538516285	1
X2919771	-16.6120689366946	-0.53724270788859	-16.3832252927779	-0.581817608780629	1
X2919772	-21.9100050204624	0.801887447447349	-8.3571391438967	-1.01219585747269	1
X2919773	-12.0719642206811	2.35507643447281	-1.60016301723527	1.53189731255901	1
X2919774	7.90611797836926	-1.15483592188765	19.0733063744334	-6.65735602391046	1
X2919775	2.88022953088546	-1.49401844392474	-3.02139747797539	-8.22959350383351	1
X2919776	17.7775331475942	2.16345226274291	0.58864744004454	13.3830696178711	1
X2919777	21.5895335678659	-2.78828680986586	9.65289729231613	2.05651782057905	1
X2919778	1.19619615807246	2.97288136872523	-5.28660336040179	-1.01254937949892	1
X2919779	14.9350687450683	2.15003889503762	3.02277784410809	-1.09857609373211	1
X2919780	1.37216210058082	0.836967621437212	-8.20374844253537	5.64240929016873	1
X2919781	-3.21480899036563	1.76640126407323	-6.68251379183963	6.66643942856176	1
X2919782	-4.49298190271564	-1.00674119596129	-5.94279975893437	4.60091598494243	1
X2919783	-15.5503369770104	1.93640619497768	-14.9404199767794	2.29138519972653	1
X2919784	-3.35294808600957	5.443191682302	-11.9111198262547	12.0058085716963	1
X2919785	3.71872331776467	2.12895299872786	-30.9626726756938	10.7429962614348	1
X2919786	20.4870294367628	2.81431245390081	-4.85756912429842	24.0106485307113	1
X2919787	-3.59068772449659	-2.18129862610713	-10.3923327882481	0.930393808125424	1
X2919788	-33.1682988032342	-1.04758121406992	-28.9888828497613	2.65984768586634	1
X2919789	2.6070567164997	-3.47424610365339	-1.76395545692478	1.58256749363209	1
X2919790	-3.64074673608681	-2.30198929825388	6.95213059643176	-4.39633610802907	1
X2919791	-17.645664938329	-2.98572573309051	-7.1538317608703	3.53216821202908	1
X2919792	-27.3610379804966	-1.56359514266567	-8.82328621043497	-6.41421658568395	1
X2919793	12.5270692650756	-4.95735381435909	18.1146973626199	-1.91829370847367	1
X2919794	-40.163628789854	-5.77165818975662	-36.9253351918136	3.61805503234032	1
X2919795	-13.9929334882042	2.51851332348214	-27.6471843052159	2.87536752826327	1
X2919796	-22.2546676743387	4.8081904497941	-26.7433220815768	5.23434238142592	1
X2919797	-20.3363205124045	2.49261710222797	-17.2114095707013	2.35537386846275	1
X2919798	-13.5712412692318	-0.935265705719957	4.59200374374417	-8.86635235955732	1
X2919799	-16.5342476918581	-1.9388603809341	-17.3610608985749	-4.88495318809497	1
X2919800	-14.3473871491687	3.29000628509793	-15.2762683812883	1.7300273156792	1
X2919801	-18.0100639492734	3.78571201240772	-11.4810598978424	-0.260268892763154	1
X2919802	-27.4882884549339	1.91798910736099	-39.1765320066647	4.41280792091684	1
X2919803	-15.605673785924	3.49319820613504	-15.3778985134827	-1.01631531120412	1
X2919804	-25.8218468241039	1.78345239855518	-30.5590507405169	-0.777819191347422	1
X2919805	-3.81591593684314	1.46050803659966	-12.1476940682357	9.7388627347205	1
X2919806	-21.8875922027686	-2.34196895030575	2.07227968315043	-8.83510044969383	1
X2919807	-17.9897563041588	2.95657701614203	-9.29221377927258	-2.01237800712933	1
X2919808	-26.6967570078919	0.532446523909451	-23.8028999775526	1.94924659174728	1
X2919809	-23.9259822698773	0.760014390899015	-25.3087581098202	-1.43468172002692	1
X2919810	-30.214332614577	2.84400120954951	-22.0099300096274	1.4587397903178	1
X2919811	-42.7527191365537	-2.80759515565341	-42.3056983626789	6.6988032500828	1
X2919812	-6.08351941101582	-1.98634843373614	0.102327753165791	1.38282052388116	1
X2919813	-20.1778213912968	0.0657014023079681	-16.9802017253388	0.99668223956445	1
X2919814	-31.7618687124192	-2.71975091965055	-35.4125009039123	-3.57847760545384	1
X2919815	0.358069059100601	1.52260854184259	-9.9153959431878	14.3398020253567	1
X2919816	23.0706488214334	-0.964873292807914	21.4040476024507	-5.07181674252131	1
X2919817	-22.8319621896622	0.41441753661156	-32.8870946761475	10.2616141373615	1
X2919818	-3.12388715478834	-0.322618891603483	-10.225032506193	-4.31477102043225	1
X2919819	-23.1065060816941	0.478058255860437	-25.8134090989847	2.81947545117195	1
X2919820	2.46268598383158	-0.301696763128226	-9.86499110574113	6.24637184138078	1
X2919821	-8.65952197220758	0.665960549151859	-10.7094107149234	2.90059860342827	1
X2919822	10.3887482608164	3.58670335490332	-6.05042511083349	14.7811277110659	1
X2919823	1.19254373441514	-2.5873384355098	9.84423767309797	1.17254433100042	1
X2919824	1.96439739175479	1.18375686509695	0.665414055219221	16.3743415977984	1
X2919825	-14.2777287040021	3.17262045008561	-14.8587103046751	2.77794828208946	1
X2919826	1.18805658130305	2.87384927015478	1.93685450978207	4.20223837493461	1
X2919827	38.8942513659561	-0.372432649599705	39.4425439342545	3.71871196914566	1
X2919828	-4.29724764025029	0.946740533472783	-3.51501858230016	-4.57329612172118	1
X2919829	-23.3698204295987	2.95696541328917	-21.7447670593958	16.5218927512024	1
X2919830	-11.13815232946	1.36352497272472	-16.281303736698	-4.22974314274957	1
X2919831	4.06546428673304	0.347603200560684	-3.682998496146	1.6904601700837	1
X2919832	1.73132264913695	-2.36694928669203	-16.2604524268136	3.14902382271991	1
X2919833	-43.6185588616757	-2.87410799292864	-18.8059237362347	3.16706419793148	1
X2919834	10.6625684622304	2.50102832228272	-3.92301131415711	11.5177375241439	1
X2919835	-18.5367771782004	1.97052981945644	-26.5030568800165	10.6583038913347	1
X2919836	-23.5387382933233	-1.81408784489042	-22.8304278504468	-1.91467431619232	1
X2919837	-26.1053277144269	2.53785126406425	-25.0965714579502	4.91633065750702	1
X2919838	-39.8809637192956	0.681168337038968	-46.231263170637	1.56359192116714	1
X2919839	-11.622583379019	2.79048026848606	-17.5154878816653	-1.61883970554981	1
X2919840	-15.0580070021525	3.28982742692067	-31.1965633214886	12.0806185743848	1
X2919841	-43.1224612247615	2.42937904131824	-36.329758433191	-2.39225500441881	1
X2919842	-13.6549572225641	-5.64069702323975	2.48083467913994	3.8245903926297	1
X2919843	-9.31865460189604	-1.172749523178	9.6846712563549	3.23761903865473	1
X2919844	-7.32529540111501	-5.76457132442217	17.3222408998915	-3.87839995631934	1
X2919845	18.03096924817	-2.37175265891649	26.8695998875342	-2.03216853360729	1
X2919846	9.1715208182239	-1.13022414989205	5.08426063983619	2.45733932568194	1
X2919847	-18.333348044164	-2.38605146063102	-13.0468480166477	1.2088269141044	1
X2919848	7.65072980214664	-1.63158633762552	-0.281037083993064	2.28383502154323	1
X2919849	-5.74079563056988	0.917338494357422	-12.617645272405	12.8896531349463	1
X2919850	-24.8054339335609	0.342119912600542	-24.7343373162975	-1.01767533610476	1
X2919851	-5.30211653297689	-0.207705740871982	-4.08685987842938	-4.74772055507257	1
X2919852	-3.44471737878989	0.720355536324234	-22.9607721294633	9.70027065116761	1
X2919853	-13.0634664913219	-1.40365073447885	-3.46834944091506	-6.78279527970869	1
X2919854	-5.43952487530847	-1.2649087830719	-9.87453411080373	-5.04795531861332	1
X2919855	-7.77663390884571	-1.11466338378376	-12.6456524433342	1.25528201148229	1
X2919856	-33.7833187947243	-2.34965955737266	-23.3241058561464	3.18248734579223	1
X2919857	8.88104130571074	3.37508641119649	-11.9182461569224	18.9564330695046	1
X2919858	-3.86233581890186	3.50999595399433	-19.9946994978426	15.4320506853951	1
X2919859	-25.8444864619777	-1.80504355683426	-29.9269111942154	12.1930210268338	1
X2919860	4.72998827621631	1.63315299962784	-2.64147333252152	6.14780769981439	1
X2919861	-9.30869765332413	0.373928697896001	-22.6879529651801	21.0138260212002	1
X2919862	-41.5033896343022	-4.27459255276138	-29.83755705757	-6.8947469682497	1
X2919863	-4.66151941187319	-1.3239710614681	-3.50935688877862	-6.24963627779349	1
X2919864	-26.2367910039008	-1.80016202777269	-8.39722485369152	-7.3158133943215	1
X2919865	-19.1744515788717	-1.69132406573747	-20.3014837807477	2.97720305646013	1
X2919866	-36.8980294813021	-4.24422215100577	-13.3848847426897	-14.0755953408965	1
X2919867	-21.4849374278304	-2.93393013247839	-15.1995640052526	-1.31165786983172	1
X2919868	-12.0646815378067	0.734130900569525	-8.93261189848573	2.31977449409872	1
X2919869	-18.286178923245	0.000629070728845493	-17.5980374328625	9.92244580741324	1
X2919870	-20.943010136719	2.10137565819757	-18.4073060949454	14.3808127041792	1
X2919871	-6.93810243982621	-3.68337265115177	-11.0184989378031	6.05763422613686	1
X2919872	0.377252280532234	-2.87889934412534	-1.91991265721128	2.92124687141881	1
X2919873	-30.3127356619176	-4.58560182391779	-18.5925030439636	-3.19646989207876	1
X2919874	-48.403929503352	-2.82984537094623	-35.7496870987678	0.107209677678751	1
X2919875	-43.1642302385681	-3.8918058313006	-31.4432583590068	1.29003833969165	1
X2919876	-8.78111627559804	-1.72483986865564	-5.16317945981695	-3.15420053152594	1
X2919877	-20.4353897700053	1.20541899833517	-5.783435568429	-9.16978336143222	1
X2919878	-38.6329580770624	-3.91766878250508	-25.8249233767174	-1.95174715720739	1
X2919879	-17.2455095571197	1.0626322417888	-7.76068698343748	-0.767295040360439	1
X2919880	-33.3919424182865	1.14972103281289	-11.2734027617214	-3.93905715183866	1
X2919881	-29.1593505059855	2.33306805612426	-17.1057872650635	-7.11188468180024	1
X2919882	0.199839295059232	-0.370828296331409	8.05090091085156	-8.8576637405639	1
X2919883	1.61801329396548	1.10755340674437	10.8003688658368	-8.03995803195392	1
X2919884	-26.8788333886836	-4.40522360776451	-26.4501649496759	-5.19879396435589	1
X2919885	-10.861470774666	3.42108203020023	-25.204632162478	2.36208971177583	1
X2919886	-3.90419193546631	-0.857157038166438	6.83321559954131	-2.52139888780695	1
X2919887	-31.1355236620197	1.0645867643702	-39.296506998282	4.26313614926866	1
X2919888	-1.43284855497582	1.49757808013166	-2.1900651682354	0.818978545499256	1
X2919889	-23.8049313249833	0.184029939829218	-31.019317576428	0.0828538786387372	1
X2919890	-22.0377625568197	-0.937389467910602	-20.4413751636633	-3.66689354054176	1
