<Trait>	Trait_1_H2_0.9	Trait_2_H2_0.9	Trait_3_H2_0.9	Trait_4_H2_0.9	Rep
X2448978	-24.1503964558581	2.33352939336535	-48.5285091053349	-10.5758404316275	1
X2457756	-42.4541125649579	1.73611293359007	-47.1021386346017	-2.96628441056558	1
X2458125	26.2858105889399	2.21979722213284	6.93944368269222	-4.53145670350906	1
X2448371	-31.6879726575409	1.60318819029832	-24.1166345713557	1.40513616071316	1
X2450832	-2.71162162624609	0.347395420481519	29.7611337749044	-2.81380958353123	1
X2453678	16.6862055455472	-1.04590808706146	31.7965287133328	-7.74123933733076	1
X2454238	-5.75747423508653	0.786044680452388	-20.3530367522369	-6.78212224407918	1
X2456406	24.6159154060258	0.816188750070846	6.33226660941503	9.27131747108832	1
X2448396	-33.0076670793848	0.433993385452473	-59.4540802797804	3.59501920439608	1
X2470901	-40.0599850067713	0.00788487238659386	-30.5728257311382	-9.0973565414896	1
X2458908	0.722702305812584	0.668803095556021	-6.54200838523019	6.60981936409741	1
X2470838	-34.5530957070577	0.00376220388355059	-15.5201777692481	-10.0770889637257	1
X2469088	-65.8921527891399	-0.233992439573853	-68.380791023606	-7.45433861825652	1
X2470863	-26.7939308660087	0.304891324702839	-28.4781838887115	-12.0235724478736	1
X2486609	-27.3243698509137	1.12999604894553	-5.96339396259048	-7.89447488650347	1
X2421202	-34.152538840414	0.625889163572546	-42.2714097623731	0.504280868839883	1
X2458238	35.0308219294182	1.80821656650133	28.9439535588617	-0.166477267475101	1
X2450353	-54.5798038209264	0.0373412457179877	-56.5593598197056	1.2029953080183	1
X2458215	-11.3646292891678	1.70143787959848	-2.61054279249659	-8.20991470839819	1
X2456233	52.2915875296447	1.2578583573953	41.292630235267	6.36744197110133	1
X2456219	23.2281213847287	1.13400142492427	19.4779207594816	2.80123343023698	1
X2470720	1.00518709398023	0.198534914941858	-17.7978884461046	3.98209555313527	1
X2470712	-46.3041102152056	1.8873105232961	-45.1866950790906	-6.64082841869457	1
X2467368	-71.1454266591541	0.341262600560245	-41.2271417480226	-14.0936488192293	1
X2458230	62.5337631290138	-1.59474384287633	62.3890357104054	-11.2729704587374	1
X2450209	1.29372109372445	0.751432098766212	6.41544517503885	1.39772017136278	1
X2471315	-15.7133033108645	2.12645675722646	15.1739941187424	-6.32252163901199	1
X2451646	4.29959326489599	-0.00490224797747604	16.3921897485427	-6.25434126646405	1
X2481015	-45.0239789586236	0.533950143299437	-15.0908784595666	-3.48528422682193	1
X2448751	-55.4352525247481	1.28874734599784	-77.8405636908093	-5.56835146432247	1
X2448822	-41.3092949730747	-0.101484781962625	-18.2888501849089	-6.329889969247	1
X2486608	2.23219685767598	-0.475023376353612	10.8994762947492	-3.36672800766394	1
X2471208	-42.4265996263683	0.670952758715472	-26.0531552023804	-13.1050123736894	1
X2471091	-1.69785121039315	1.86303316402186	-3.50618482486936	-2.86807934404974	1
X2458441	-81.1508707685831	0.412145065886628	-62.1691341823507	-15.6943977743682	1
X2458419	-33.909045092435	1.63709041256526	-26.4424456976294	-5.69164704761208	1
X2454267	-72.4049167223431	-0.092863458531176	-71.4507361978238	-13.8471056641941	1
X2485334	-46.3927592917827	1.02392705307318	-3.8927305678177	-8.86253059996761	1
X2460412	-39.1708579652023	0.395260673141842	-72.2296327355569	13.9305825450738	1
X2457289	-21.3241097330192	1.40796878759724	-14.4236730648967	-3.11029242100604	1
X2471002	-26.9952124837755	1.52658893035879	4.41645864446837	-4.97885253094855	1
X2487127	-11.904300387108	0.111608877370173	-11.0781270860165	5.43340850409361	1
X2485551	-59.160019087946	0.522985183731213	-98.6439423260214	6.29473974166583	1
X2465541	13.0974092108416	1.13311701171557	-5.53088381181322	2.40338270006602	1
X2448492	-34.8887987522064	2.24910277360433	-44.8940900918294	-7.4734730399962	1
X2470609	-33.2914456498629	-0.407582062182594	-3.18961243609982	-14.6413801488171	1
X2487756	-22.6156742262986	1.15978967869537	-25.7498948439577	-7.85056852634995	1
X2469644	-5.41419965531491	1.30120857294291	12.7389934729307	-14.9762246585694	1
X2421279	19.0325315128129	1.98714131806954	18.5363002166578	-10.2975040998988	1
X2470462	0.338803278871984	1.99815094044911	7.57646860695126	1.51392182786622	1
X2487242	-82.6942426488213	-0.304774104157997	-89.1599230840004	-0.94755233908	1
X2470853	-98.3777353274626	0.801017482042575	-52.2746477365722	-10.2494466478053	1
X2469112	33.0572049650158	-0.766656221874981	38.6585237107769	8.68729944552691	1
X2422900	-4.74698520838426	0.829047758990285	52.2698598606341	-22.4294083492493	1
X2456545	16.2361200431845	2.06916821523531	23.7598647040576	3.77751164389002	1
X2467580	11.4448074067774	0.919500109037141	15.8402300052033	-2.15580900068799	1
X2457325	14.0401126107658	-1.54720078007088	41.3863358268524	-3.1545416894885	1
X2456346	-100.881897500102	0.21689487907503	-80.8126017172491	-10.8288855508811	1
X2458324	75.2237438794161	-2.8460256918208	73.7337544099108	-0.335625094301721	1
X2463405	24.7547391880462	1.81690763537781	38.6039330717818	-10.5173061554141	1
X2474588	-42.5974957013658	0.675088882259894	-44.2426548985971	-13.0662785567543	1
X2458617	-13.4766925541115	-0.588665330161617	-45.1660133599135	18.7082920614921	1
X2488377	-12.1552262487231	0.52066143501065	-13.388799904671	-9.06037922530913	1
X2456472	-29.0673750156619	1.24622892429463	-49.1393610347059	-8.4985306106911	1
X2468815	1.66423119000091	-0.298778115832281	63.5791520729319	-15.6566422761597	1
X2456537	14.5315023079904	1.717719080726	18.5033769407086	0.596766741232698	1
X2456258	30.9936582884011	-1.31705415115106	51.3519703962572	-3.95538354084813	1
X2448919	-14.2599961681534	1.47190595685574	20.7560302530006	-3.62541073898713	1
X2484569	6.64477810828997	-0.625961192682737	34.7069771526847	-14.5747625073905	1
X2467307	-51.7249431480899	1.07097383952111	-43.5199193215964	-14.938133052644	1
X2471213	-99.748183850923	0.603019898612596	-86.6934537966189	-1.76262830536077	1
X2465366	-44.8788669389349	0.295439945371904	-43.729135711644	-7.36272837671911	1
X2488321	-11.31797614707	-0.110937334745942	12.6268316272846	-12.1256612700021	1
X2406088	-0.345451257229542	-0.418132208763572	-22.0358557150148	-6.59966071662474	1
X2456684	88.2691954409468	-2.03667166230425	81.9313174741262	3.80536978293373	1
X2449720	-67.9860938608412	-0.156764552551988	-115.991664312136	-0.292514704163326	1
X2471062	10.2943137883006	0.148624590950804	-7.74225819043226	-12.7184308978014	1
X2458527	41.3144461020552	-1.19254457807273	44.6203539105383	0.631363691625768	1
X2467584	26.7630954222041	2.12536732571438	14.2378484018252	10.4941715797522	1
X2461573	-11.667178610081	2.40197654543843	-14.1284210879427	-11.5275324692274	1
X2456584	25.9736249382997	1.4737004186384	39.0300444495185	1.34020447401867	1
X2485375	35.6912698798622	0.135538928459464	49.2653931514363	1.6307228783123	1
X2470787	-37.2758560591556	1.66899655354531	-43.2399296278271	-8.89548026679232	1
X2467532	14.7435699981724	-0.159380036563446	49.4276444963171	-14.6672277706884	1
X2448908	-46.5460868855823	1.58693913374137	-19.8989307498855	-3.33777897588131	1
X2416724	10.1075136379977	-0.746160194447166	13.8750194658274	6.73399286448788	1
X2483591	-10.6717559761114	-0.0022694285790571	-12.1918768637315	-7.28934845390555	1
X2460009	2.68167876147421	-0.0469548852350424	-0.52985725545941	-4.16123233189217	1
X2436946	-42.7411390019566	0.156347279767035	-33.5125538542231	-2.60531610426911	1
X2458297	47.7092217150982	1.24441443054268	50.0579532479462	4.0912445415569	1
X2470842	-51.7736276870951	-0.992209224970238	-65.7952221770201	-4.46639061900426	1
X2483623	-41.8883241408255	0.229450761768406	-8.70360579291478	-7.31566216931837	1
X2471009	40.8295958343301	0.228043547569467	13.9911999237041	-3.88417807244412	1
X2458288	-82.935777159793	1.2799165591225	-62.5717458257589	-4.71563908804535	1
X2457959	6.58968296458188	-1.10765517619169	-11.0421785964309	-1.43629428696812	1
X2486907	12.4120254923946	0.363333758391285	1.25522815412137	5.8036215827739	1
X2469250	-16.7458546838394	0.259330028931623	-23.4083200966494	-14.7905835027053	1
X2486201	17.3815572753592	-0.942568531505976	28.8606076821538	5.24654722041637	1
X2488435	-29.1563966933693	0.580037735446775	-17.481869964644	-3.60250028905912	1
X2457928	2.87100473592853	-0.868217413464592	-3.05446414774162	4.93863746248016	1
X2463120	43.3810526178088	-0.657720320969692	42.0408028126745	-0.198431603407577	1
X2479033	-19.5628880902565	-0.422480232494236	-14.3609030995697	-8.456823194345	1
X2456535	-69.5792762908664	1.83530173569217	-70.9348503241831	-7.5038843671718	1
X2464511	35.3356737309068	0.176069262331453	43.9627155056639	-3.51629410217119	1
X2449589	39.8933368970046	-1.11645492046246	25.6409075889619	4.57958989099648	1
X2487411	-86.8193269217102	-0.036059523016955	-32.959928844151	-17.3531566255537	1
X2457762	-100.954071138859	1.65876514545663	-93.245759046546	-5.81694139777976	1
X2450837	34.6443205249815	-1.23330696568138	56.2622175374145	-6.59832707198396	1
X2467560	30.0884162678974	2.05380267153665	40.0660344600059	-2.16249467505414	1
X2462756	-46.1942958522743	-1.89895143685559	-56.9939792200524	12.4689755623159	1
X2461350	-1.0720964280182	1.48368384820335	-33.1744959934408	-3.79195195377403	1
X2442970	1.5713415028623	0.971717006852135	18.1092089152539	-2.3929230927808	1
X2470412	-39.8434649565849	0.0675043473850101	3.90315785732507	-15.3370968811288	1
X2458278	-13.4914687332697	1.13325077076845	2.32116420323254	-12.1156502744082	1
X2488141	23.5064496242051	1.5372265553986	-4.25236189759102	-12.5421881652267	1
X2465520	30.3376663681707	0.333301611046678	-3.84214860288093	-9.21300760635472	1
X2486400	22.5740164283145	0.721229998953725	36.7872852912623	-6.54375630675172	1
X2422882	-47.7789040679794	-0.257406143917931	-4.81382994186008	-14.4813875260959	1
X2470575	-21.287235036215	0.324954973327799	-34.6048854759933	-14.3273894474465	1
X2456558	31.9936350314568	-0.225813544614263	36.8227100297707	0.687083278038167	1
X2455983	-47.6073711771884	-1.73662592429382	-24.8967420409738	-15.4294461726354	1
X2487673	-20.3367860466685	0.330376140852071	-19.0493261160783	-8.88213993698245	1
X2486331	23.2931110226093	-0.0297593747828482	16.4007631185033	-1.08514136287643	1
X2403776	-45.9652467054644	0.751009565316309	-23.8564123989086	-3.99278586630788	1
X2403562	45.3926562016744	0.177432297499636	10.6763972994526	3.92334764629468	1
X2478502	-90.2922919658548	-0.754763190491916	-88.1624999155031	0.965099856143669	1
X2457382	27.4215818416323	-1.12466675129889	4.30615849903367	0.22555292196766	1
X2457625	1.41109676343333	1.63089393603378	0.383406198911128	5.0508302632402	1
X2456461	-4.08619675248995	-0.231388673912329	-24.271119855512	5.74506702585716	1
X2481252	-71.4394830032823	2.21113635324498	-61.2686781990594	-8.92707210086949	1
X2423669	-21.8587531673253	0.476066448214041	-5.46714588654119	-1.64263232150075	1
X2464807	-42.3144516243175	-1.40836785104108	-40.5378274350645	5.30625281251842	1
X2448103	-18.3462631048773	0.112917381702689	-17.0599056483083	-3.51837866393185	1
X2476120	27.1349692844592	-0.681690853342742	4.49969559871281	0.3840338091373	1
X2460437	-55.9930854759698	-0.526914804398911	-62.3248990195896	22.8649740677856	1
X2458565	-31.1215230938972	-1.16137166236412	-25.6088136831314	-0.234100505129161	1
X2467471	23.567102250374	1.25749360569919	20.4529364312497	-5.13334595306591	1
X2470893	-106.547183451617	1.54240337634975	-99.5328048819511	-11.684669742728	1
X2487716	-21.7121922790626	0.656403081984831	-10.7735452294055	-2.03853286360759	1
X2421355	-62.5299357629082	-0.453459818366972	-67.0784934499578	16.0959753778535	1
X2471225	-24.8406727449938	0.370903653492818	20.1518107307276	-7.63296874818859	1
X2488483	-71.8919741496772	-0.145022085663388	-77.7529501639082	6.32804874419117	1
X2467590	-4.05582383464233	1.49382802584757	-23.970537104516	-6.29777273251848	1
X2463409	20.107122978105	0.711352751392595	-1.66835101612709	0.90860387184486	1
X2467224	-48.0659960781009	0.181292133773145	-44.4971085440076	-5.39042220299072	1
X2470658	-36.6444683140041	0.707907767005423	-33.1595688475039	-6.92574537915003	1
X2471175	5.00006079412163	-0.155506871640129	20.3443128481837	-5.47940435102662	1
X2458210	-27.5496830720094	1.54530519437649	-91.6848901677488	3.74235273676893	1
X2487050	-45.8737901879506	0.282810533357986	-17.9933495193346	-0.457835735834889	1
X2465491	-3.51145534123439	2.47719753422216	-8.88687799994231	2.38516740402483	1
X2486809	-60.9898869886855	2.11376805125216	-73.1331035631923	-0.141707634910217	1
X2486681	33.6739940099979	0.84326805555327	32.7658458572972	-10.2000880658668	1
X2469024	-4.05650121278254	0.106285810581401	-16.3463471734151	-3.08751166524338	1
X2418572	5.32874769895458	-0.862720612426428	-8.32358960519264	-0.126802356400612	1
X2470995	-28.5452339969787	0.443098904465256	-31.065971187402	-3.48571724050032	1
X2486317	19.3704437928247	0.880226524755235	34.1922560921356	-8.72976366323848	1
X2465539	-74.4769038510564	2.025700409796	-66.1348637388847	-19.5425144884516	1
X2487473	-11.6267331271995	0.405179286450477	-58.514953882207	6.7929776141109	1
X2488644	-28.2573258158884	-2.55679992657293	-16.4169095017221	-4.33351864612591	1
X2470956	-14.840081374418	0.945815145875897	-29.093288915586	-7.42741679912827	1
X2456229	53.9226582778627	-1.31372669286524	82.2914760808095	-1.88794076159714	1
X2467459	-13.6324738656233	3.12370203872097	-3.86686809331737	-2.27540657873851	1
X2460643	-4.58876489128002	0.024962033408504	-6.97649504815157	-2.40822059321683	1
X2488458	-36.9556282804438	-0.0974842381711892	-2.79687396737457	-3.78898816054966	1
X2485905	-51.3185399339295	1.11104084170614	-55.3859801668973	-17.6838233178016	1
X2470445	-22.1037065117453	0.830347991142261	-7.47817333471224	-3.63903184808542	1
X2467053	-64.5156650895608	1.3703285853579	-41.8461186454826	-4.11246026664626	1
X2451246	-85.4072084020739	1.5619039142813	-53.8687488276402	-11.7093346510165	1
X2470111	-24.1236533412155	-0.615080974189035	-30.7902163522639	8.94874205279132	1
X2475804	-76.6889691882052	1.80594944697365	-72.641273010341	-14.6685499794048	1
X2487971	65.1357451702719	-0.181140471830405	47.5300391904665	5.15031313039159	1
X2456248	51.6788956742226	1.29143911746884	60.0732127919596	3.34182014089121	1
X2466063	-54.4627745680903	1.45487474243992	-43.3303375119592	-6.04887993589887	1
X2487664	20.9159692391099	0.857200787834517	5.91162726401316	-7.05720051184658	1
X2450329	-53.9638207822038	0.444814688364785	-59.3638388627191	8.89596165854838	1
X2456197	12.9031669829383	1.58036689939399	18.925709404016	-5.44536150599887	1
X2466809	-69.9217140600851	1.34853746056232	-69.7231670608185	-7.69217495798622	1
X2450045	-74.9282264176087	0.0336728694454622	-67.0508633296074	-12.3904413396367	1
X2453414	-88.084188419915	0.65411603179558	-90.6077738924609	-18.3026007741021	1
X2462640	4.59270984296842	2.01229557153517	23.2425489888832	-11.5931603409542	1
X2467110	-32.6904933331099	2.20555095320474	-3.15701458881036	-9.54893623164834	1
X2457972	-11.0766218528131	-1.16394524124367	-13.0187190162838	-4.04854943976045	1
X2470938	-44.3287568328225	1.46044129122957	-23.3074944496829	-14.3014923834904	1
X2461320	-11.8094165744302	1.03334899800516	-32.4876106168825	-13.1808120241341	1
X2457050	-56.175537313889	0.858809643201172	-78.0979922995566	-0.022788455880101	1
X2448920	47.8785289056443	2.49888683180377	22.1573982301129	-7.38841071465454	1
X2450375	-38.0757854372501	-0.261011941711032	-42.0365081951722	-1.05395415366879	1
X2464930	1.01165216814618	-1.18291158785632	-26.1255973487172	4.76024831734405	1
X2458143	2.32977150114058	-0.821992351021817	14.6746036619171	-2.4145947954687	1
X2451025	-49.6059573291516	1.09379113877176	-54.9834507528727	-15.6567034105883	1
X2411228	45.1941630288222	1.77261759673694	21.7970690637625	15.5755861916422	1
X2434733	-39.3140435391918	1.27115680583652	-51.7013832882919	-8.87833056101994	1
X2448318	-19.9290891558808	1.82882662618494	-58.3911745776781	-9.21657550514257	1
X2454187	-4.17005197190926	0.634454413040932	-8.76466688865595	-3.43494217967894	1
X2487346	13.6825814432381	-2.03941547033279	16.3002285593066	-3.19402167112805	1
X2421182	-13.097643383594	1.04743992486349	1.58081158896122	-3.31650666596101	1
X2463061	29.1175343991833	1.43400432901803	49.4294595454895	-8.43317828564963	1
X2423104	-48.4902398561292	0.980697634662625	-61.3952931942464	-11.2577432132594	1
X2448107	16.8670569708068	-0.496146298949451	-19.4572540095801	7.52605036827922	1
X2458416	-81.4112642882945	1.78650440803421	-93.8302937078534	-3.70366541226628	1
X2467536	-15.6240807520328	2.68313193398293	-24.9852663350004	6.46884889394998	1
X2469859	16.5752303012039	0.185898995336072	16.9454393250321	-5.21815681643555	1
X2470550	-27.1271345775696	0.256344461898766	-0.636458301879305	-14.8690841242749	1
X2456751	-14.4292814062978	1.03050272558341	11.7682819885329	-6.94275672621904	1
X2458414	5.9263453824472	-0.709582170377062	-21.7189994867469	-0.649428269147525	1
X2453571	76.6992115397636	-1.1600824004203	57.4703108026277	-5.21822132803805	1
X2450886	-13.1817787450076	0.414331058394503	-7.91050206551273	1.0246458375465	1
X2485065	-28.2926036128717	0.0334168402020035	-25.3614200007842	1.93421801635973	1
X2478959	-89.7143237300135	-0.851652808186804	-65.7811451950771	-6.99696986892384	1
X2450508	-4.14185859783815	2.71191940808656	22.1749682976085	-13.2812277657453	1
X2470576	-43.5919636449549	0.487092837461039	-17.8989444547858	-16.3390829142367	1
X2486065	-49.32111062001	1.14907551843692	-53.1352983668682	1.95850386776903	1
X2465583	29.3610011436352	1.2780113957106	18.354498742805	4.71563378360932	1
X2458471	-34.9682060053403	-1.74935270279747	-17.5652088050303	1.67791161457903	1
X2471150	-25.2180858493774	1.66588145981977	-51.6157877777182	-7.14667058443272	1
X2459748	29.1154183414799	-0.233005777221553	38.2894864576267	7.53977203918318	1
X2451603	-42.5628744503583	-0.570427120869417	-33.3792919491364	-14.4829404864559	1
X2416182	2.41717954965672	-0.855672304734729	0.81435200849036	-1.99803133643737	1
X2458279	46.0912961397681	-0.684406917662356	16.2364334566385	-6.97400975505132	1
X2461227	-27.1464614711769	1.59726464471431	-28.5604897995573	2.20320553303764	1
X2485379	1.41780619218108	0.780650909811782	-5.34499326668981	4.16574122640983	1
X2448334	-31.6061071097753	1.48889215178555	-39.5550103751434	-0.547123175987788	1
X2457738	-4.00923728251099	-1.75215656525604	-10.6449871432624	10.2722938502066	1
X2457262	14.8358957365735	-1.33028587362402	23.6604424673155	-7.50147560343658	1
X2485243	6.40905563867201	-0.877960354438847	16.3132590594561	-7.40998756612053	1
X2469276	-45.3145985542643	-0.576870320183631	-54.0197588287209	-6.04203484013332	1
X2485182	13.5352937494967	-0.727438261437052	16.6125395994821	-7.15264100835699	1
X2456195	41.7877415915185	-0.337030759911298	28.0023859722568	6.36792655208511	1
X2423426	6.99096599265707	0.98316946365183	-21.9694589300894	0.473118892958425	1
X2450736	-41.6159953667041	0.83682898168352	-36.0412630421751	-2.33227139991671	1
X2458047	-24.8890238540832	0.74224519630442	-3.89733480289386	-6.3009819056968	1
X2457877	-49.9015303885399	-0.693788632353586	-26.3696731819351	-11.721829604475	1
X2470683	44.2120796165935	0.426133580864958	47.5013131406827	-9.29526854462193	1
X2450511	-22.9101868557503	1.52991119655234	-15.1550314189981	-18.3940472412499	1
X2488238	49.2245704223917	-0.125438850199185	92.9450351399416	1.15524855623784	1
X2457924	-2.20561037127839	0.655293218853534	-35.4039335397883	2.96846316815869	1
X2488256	-16.0762358465519	0.0376874192943677	31.3246706326527	-11.2531229410161	1
X2421582	-24.7081389072157	-0.246940983152758	-61.8575536186658	-0.438044672894448	1
X2451088	-46.0221775712559	2.43213523117318	-38.3467159503876	1.65412814194743	1
X2487957	0.642004641156882	0.846311806723479	-1.91739240068007	-2.54448892528774	1
X2488106	18.2258314285132	2.12201595713434	32.6794833261789	-2.72377726649189	1
X2453288	-64.2468299335727	0.608803493471124	-57.4470068162269	-7.68332591770374	1
X2463215	-107.894041721235	-0.531878552023151	-94.366752422523	-9.46552419608125	1
X2450738	-77.9986891471678	2.00540511220594	-66.3539583672522	-6.12122768461535	1
X2441762	-9.3662740115756	-0.740749790244501	-23.9834217031859	11.5733146657539	1
X2480248	-28.5883806170869	-1.07944264278965	-53.4141379349599	7.33850221508102	1
X2449618	-23.8006994275257	1.08830930754647	-12.0558693096036	-3.17622418675761	1
X2480766	-65.3840569073786	-1.47655467343194	-50.5149499286827	5.0230487636385	1
X2451102	-72.9250298078861	-0.927980647638058	-81.8030358608892	14.4088359682817	1
X2461165	-35.8053851348655	1.40565286815872	-32.0596436499641	-9.58988823327062	1
X2451596	-105.029042351272	-0.566170166192297	-99.4790033876344	-11.576926978101	1
X2450220	-6.77836165022401	-0.799922372640716	1.58869762810123	3.62575456790575	1
X2423624	9.12982208912831	0.548815703652254	5.39902549773679	-5.17762667043843	1
X2471212	-20.9027615573322	1.90882916703849	-34.1341405665311	-0.572705385577183	1
X2463054	-32.6634227883642	1.89296978942079	-21.8703905734135	-16.4859014050406	1
X2486240	-47.8646877729674	0.843436713460834	-12.3286135450596	1.84222102300196	1
X2456268	6.64822498941266	1.63047865116222	15.9084377957203	2.54565998182268	1
X2450199	-9.28964805747167	-0.161062037792196	-34.981075490549	-3.19837215580975	1
X2406863	-40.5930457355297	-0.124360671807926	-10.4986149661926	5.76638342662741	1
X2469881	-101.008207730572	0.6291948878313	-90.7785184830547	-12.1065424725158	1
X2448637	-31.3066953566058	-0.667745594363086	-36.4242747634059	-5.1264157190081	1
X2451627	-0.183772183860777	1.91515887031837	-16.6839733752921	7.09777577013881	1
X2451632	-8.68996173779816	2.10609699664928	-7.30607300740594	-1.25287886278433	1
X2453531	2.83729058035276	-0.00706967013744925	-31.4253651049136	14.2266567079272	1
X2467548	-17.8661777980192	3.06675001500605	-32.2007346169178	13.7870182755159	1
X2469057	-57.0012884654944	0.783440901133192	-60.9825983942646	-1.74053963786696	1
X2416440	-18.4773906619528	1.36425923565123	-19.5313279203143	2.9936396946238	1
X2459053	-34.0347395250557	1.41968000378379	-48.4776438129178	-2.29849399331053	1
X2423441	19.0265809775815	0.783852360115838	28.4463791065125	3.99707110635563	1
X2448304	-33.30921491562	1.79131894681461	-50.5991658459488	-4.1497221426695	1
X2488605	-56.6083175550945	-1.89709053919835	-20.0407829173379	-20.1146325011565	1
X2463271	-67.1874151405333	2.35293695403	-47.4938887881843	-12.039504488964	1
X2462649	44.9561157971	-1.23055623414396	55.1936330909578	-3.4373431101501	1
X2469064	-16.1922741936694	0.340758739797405	-15.6976345327565	-6.97210846077331	1
X2470037	-26.128225069907	0.173325133664052	-6.14423400451228	7.91975546740293	1
X2458463	-84.0831288670755	1.18407418085193	-100.393935797721	-14.1601907865309	1
X2423096	-56.2660696800035	1.20499286193682	-40.3340176448576	-4.43201712378018	1
X2469819	-101.016212869965	-0.508193275563476	-70.1046775835844	-7.27239321636774	1
X2458455	-158.392352565824	0.853705039637594	-123.285109542323	-14.1647978984372	1
X2456407	-55.3345354656195	-1.92848822391585	-57.1824820388648	-1.474342918588	1
X2450516	9.56569646336913	1.00367724692687	32.3008027548343	-7.34030212549174	1
X2451038	-8.4671878330095	-0.835120672150747	-34.1416044385383	-0.162874612226608	1
X2486208	22.6688907223997	0.377045628532959	7.25834381565073	-0.670021720919539	1
X2456439	-15.3941622965918	2.8961163792754	-17.8854162516138	5.97380055299768	1
X2483321	-56.3693624762998	0.853840441693742	-60.2106869650053	-0.396637859593441	1
X2485924	-74.106004681854	0.378530939761626	-60.7187050683703	-24.9009412630667	1
X2456456	-85.1254042289632	2.63300308439209	-73.2553078136019	-7.72318717682845	1
X2458435	-19.0201490263314	0.321222781128945	10.450507539775	5.80725960311187	1
X2457273	-10.3013827690105	2.28155170767876	-25.2336354685995	-3.87526205269773	1
X2488634	-26.9449603181202	-0.0903842970476415	-12.7144445037382	-6.64094097622027	1
X2469879	-31.2949040782673	0.921259782650119	-35.2644739068169	-0.0928562389123284	1
X2465574	6.93052017258046	2.77396517834985	0.0617819137551861	2.88310790203806	1
X2421158	61.466028490384	-0.419036480907672	73.8237184841471	-0.972512587793473	1
X2450731	-69.446087996668	1.16979742568381	-48.8644223095951	-18.3878413681129	1
X2425048	-15.1511096335551	2.75502147556789	0.61966671843005	8.18967277025979	1
X2458025	-11.8896758349401	-0.80397295939997	-16.6512238378846	0.833527351542299	1
X2468991	-74.6923166345583	-0.177588862927882	-57.3117039294307	-1.46152139715991	1
X2456412	-65.7608551728579	1.08740006782429	-61.9775489688871	-3.08680293551735	1
X2457704	42.4339078403882	-1.63650760955522	25.5523023343825	1.38845150385915	1
X2457793	10.9863052752814	-1.79972158609008	33.757119658227	-1.80978741772779	1
X2465544	65.183251592384	1.3040156768713	90.0223461916557	0.073225473838165	1
X2467245	-60.1806324058599	0.70370511580745	-25.6237619583655	4.55608912734229	1
X2448302	17.3464156404241	0.289765271194104	9.05006653913687	-8.7652866058659	1
X2462922	10.0736284925129	2.77177232874391	-15.351301506818	-0.890789635258245	1
X2469903	46.4042490450303	1.03165692787949	24.5665118612292	5.16479757934915	1
X2387920	-13.1973509007973	-0.35214160457666	-6.81702536649188	4.40044609588623	1
X2470886	22.0248959009073	1.9031804598337	32.6546609297566	-10.9826892368709	1
X2395967	-44.3520300296959	1.8924305321713	-40.2623129433705	-13.0613165567641	1
X2455400	17.8734859783072	-1.81749039968657	5.09836407712641	6.09948547608591	1
X2456108	-19.0425597843719	1.53141288636658	33.663050094643	-6.44823846075134	1
X2422809	-7.40299198766685	0.0480856346253696	-24.5472700571011	-3.11989442414358	1
X2448758	-10.2184945780086	1.0235825308402	11.9229880008406	-14.7702292600256	1
X2411287	-15.1120284507008	0.352919573658974	4.66172728099467	6.2804957580161	1
X2470498	64.0304526693602	-1.19509841843344	37.9077268310284	3.08287555914115	1
X2488358	-45.8745455019048	0.308382356072255	-33.3011066543132	-15.8578978181185	1
X2437351	64.8511956312813	-0.218022194418159	29.3509888331116	8.50613118808148	1
X2469192	-59.5364910073714	0.790515048957071	-9.9248522637033	-7.98420670282161	1
X2456310	-55.7572441860772	1.31555978951571	0.656461008486378	-3.21349806003082	1
X2462843	-12.4284746682824	1.23181617478977	-4.4296482430144	-2.3844977434457	1
X2457493	0.536194434228758	0.862892255091287	20.4323680348795	-5.6257127219653	1
X2486955	-41.4599437802663	0.636442361972838	-37.9692641579435	7.30466469126546	1
X2387312	30.7057958040291	-1.14695536165558	17.8550388016889	2.76890191424778	1
X2461358	35.6831155920363	0.88965162405242	42.1928984151501	-8.02943571163844	1
X2429723	-46.8360560776546	0.361507721112458	-25.4504413009617	-10.166135756264	1
X2470865	-8.96480974871722	0.522722296929741	7.37903643723141	-15.2133071206569	1
X2414569	-39.8484222870256	-1.26773559742268	-18.4125602200877	0.622749361742804	1
X2457220	-26.3848487188472	1.33271231698189	-42.7919116202058	8.96755228610213	1
X2421103	-68.6597834533659	1.22435395255855	-49.8377297759702	-14.0275629697489	1
X2457452	35.6773459227122	0.422192261601986	28.2414845531518	3.61573041446884	1
X2456322	53.247057339841	1.81647868132915	42.349860403937	15.3915843426651	1
X2487317	-25.6115314258744	-1.83578740414737	-10.596179093416	0.992821523821635	1
X2421039	9.06637357069757	2.08419007303642	13.3551378753098	-1.64214328350036	1
X2485179	-14.350227255266	0.00734274514610917	-45.8847344885266	-2.29587334102185	1
X2448921	-45.1892866647892	2.03428675733801	-46.77923448749	-3.5118372498121	1
X2433816	14.9157306531846	0.456457640176613	6.81076155743483	-2.13588482258653	1
X2470751	-26.8194101004213	-0.790804408936818	14.0000097650843	5.81439316063458	1
X2482273	-73.5423919826033	0.98133126761809	-65.9997263042504	-10.4844748840142	1
X2449395	-5.98367538732602	-0.234412396451156	4.53502171662866	-3.39051274020665	1
X2442913	55.600091862329	-0.720272782540204	49.6888011626307	5.76991117251982	1
X2465584	-56.1017673489335	0.967611427235188	-44.7745538610406	-17.6049573814517	1
X2423383	20.8424473525931	1.02562830456339	4.4214201919413	-10.4623617938372	1
X2463936	59.9817837199021	-0.217490574586571	72.8368643334561	-1.63051941867831	1
X2421572	0.639333938205121	0.323842208318506	3.78896152038989	2.80896901055078	1
X2460529	-37.9860226119122	-0.683736800956411	-41.0711229136129	7.41922880263095	1
X2461388	26.3980514453191	2.23062993167848	8.80999075825597	0.887524556510535	1
X2472349	13.7667608732039	-0.964460738930654	-2.91714085679132	3.70267541613357	1
X2469659	-2.62764030913982	0.129103027991742	13.5352313154043	-11.1554681791174	1
X2470666	-19.8328225756306	-0.398344607759033	-27.2659901038337	-14.5834695225363	1
X2487364	2.18443078311197	-1.80640878402803	-9.60841025768046	11.3411021726792	1
X2484605	40.2221091208241	-1.81852079396813	25.8860946038727	7.17239021009662	1
X2460326	18.8007611432247	-1.45578145873185	3.32749168531456	-1.41099960343891	1
X2487469	-47.4852599503906	1.02143989443093	-60.4372197207984	-11.5444395608797	1
X2453095	-103.006925092518	0.651432395828111	-124.597721122206	-1.10252179071506	1
X2450504	-74.7820316218378	0.210636946029124	-75.1266046187481	2.93738629989538	1
X2463442	43.399387275291	2.50732435402207	26.9385720296495	0.63341698108009	1
X2482386	-50.7648631631892	1.29507239798245	-28.6850799187799	3.2733768503743	1
X2459566	-5.16476485842686	-0.134705393915667	-27.9675037047623	19.2698038234591	1
X2409179	68.6209065988696	0.368968853398226	49.2667111052628	0.587355319679629	1
X2424293	-73.9390114224716	-0.304830139087654	-91.4935164877245	-10.9759830132091	1
X2462683	-16.7040014360439	-0.972614219601359	19.1436245211222	-19.7538279587092	1
X2456153	-17.6247636867815	1.94639714580382	-20.5720624366246	-6.35619118348493	1
X2457556	-23.0709209572362	-0.836111540892483	-6.91233217953059	-5.81501066912753	1
X2450477	-11.055033028588	-0.520209003468877	16.1483641027673	-13.0246494566241	1
X2488433	-25.9119080945149	-0.80225734447263	-19.7349540661076	7.41234728332051	1
X2488404	-33.1170765024153	-0.910506657954679	-32.9546973153852	0.807846751546182	1
X2483880	-38.2847376973503	0.15057213896103	-57.1565486927212	-6.52455026703937	1
X2456416	22.4841726113267	1.97954232132857	13.995783240995	7.50995593800354	1
X2458540	2.40873047566848	-1.12941245258906	3.50756806739634	-6.67809542374899	1
X2487724	-27.3424136852426	0.800239237552456	-43.630260103496	-1.81086176163505	1
X2457387	17.365358003533	-1.80260138166287	45.8207155095775	3.15764835006103	1
X2487735	-63.504572801647	0.951302973552467	-50.1366387042181	-10.4119963013443	1
X2469794	-92.794573914589	2.09381524258123	-50.1492828496008	-10.8132242666737	1
X2456255	33.6713502878282	0.00454541830040733	39.5037817121655	-2.50226887025324	1
X2460427	-46.1333742196155	-0.158104838635044	-50.6233629918443	15.7084214708043	1
X2464731	8.05846148037943	0.392910841219568	3.75885168852972	-6.57994626271446	1
X2485148	-30.983844535069	0.936879786980931	-11.5284318857306	-10.236487151438	1
X2466938	-28.5428021787266	0.598431278860688	-24.6704773735228	0.0949640557663036	1
X2458341	51.5664316640727	-0.271207713021165	30.5698523629429	-0.770416873908532	1
X2468796	21.7010090171164	0.291052332251144	30.269578669356	-6.09197094144159	1
X2456093	44.2530796792355	-0.560315989182105	56.4481976797318	-0.492290947986631	1
X2460447	-38.8059930623488	0.597405545551998	-35.4386525219661	6.28287704842007	1
X2462596	-93.0361094587681	-0.233551615228864	-68.061878622619	-23.8028107301716	1
X2470379	-0.255368751344632	1.85773703547189	-17.448319228653	0.754023210959207	1
X2453901	3.87718829243847	1.787815328175	-21.0662265522822	0.237866451775109	1
X2423182	-45.988987575744	0.894191748325574	-50.3477755807006	-8.58120834124747	1
X2466967	-23.9555357940567	1.03298316159459	-36.3701489654873	-1.20149434198846	1
X2460325	-35.2715988702402	1.0296606807804	-43.5983202349974	3.83923443860252	1
X2458490	-110.897270591951	0.334789507389122	-102.743699343809	-15.4882584874718	1
X2463526	37.694509973815	0.927406635262502	39.5589211029042	9.47498377314883	1
X2460538	18.0748487920479	0.153376910215788	41.0165884147746	3.74803111557375	1
X2471277	-9.8983723794218	1.57092231749558	5.66396725856585	0.456323800632419	1
X2456309	-45.2858393645963	2.37564217179467	-72.0907829777084	-6.13949506929792	1
X2383432	11.0538335012088	2.79105068919967	-39.2743699028747	9.054607056634	1
X2458037	14.2480243247336	-0.139135152069246	18.7439859428247	-9.62224140388986	1
X2472874	-65.8898089136403	-1.17548379816261	-67.1288796474255	10.2741043702024	1
X2395939	-93.0247459323502	0.696606122549838	-85.7569655646383	-4.67260121961767	1
X2470727	-40.572161154443	-0.638800855604487	-36.545043399121	1.61849559396414	1
X2480835	-51.0932227665013	1.18967697174571	-46.5915328303156	-6.45716318611951	1
X2465347	-44.555216799226	1.2936594790892	-46.2141914533239	-10.3310033081129	1
X2456107	12.2946226255577	-2.14202823278722	27.4570163284691	-1.83662357006909	1
X2448756	-68.88285030603	0.196857977227207	-71.1403252539396	0.0191251255565595	1
X2451052	-78.1378073289073	2.88364015987997	-76.6131193729605	-0.895888526440404	1
X2416642	-26.407352296505	-0.511867357811243	-12.309762573479	-2.76337649702351	1
X2470927	-20.9037815726581	2.12243293357445	-28.4985240386822	0.0463921228175837	1
X2421571	-20.2581637804005	0.563431884483307	-14.8512717065983	2.08242906083769	1
X2472851	-36.9768238417471	0.658620355005837	-40.7723513092919	-5.97668930911582	1
X2470824	-49.8298455450723	1.32722143269659	-74.5078815904401	5.18321207340837	1
X2457385	37.4792868650024	-0.282543530473151	69.9261946082714	0.319886399986418	1
X2393339	-40.7091727665765	1.24904249351984	-17.6220846076122	-6.95304427432	1
X2465123	73.1243707239594	0.279185796755158	71.3297737273003	0.284061560652259	1
X2457745	-85.7118426446049	-0.945216647371425	-65.4132404751272	-3.26865027250848	1
X2487736	-73.4975490357935	0.964570824140604	-54.2012196770322	-14.5502549412866	1
X2485771	-29.0911968053398	0.317158786160126	-3.08674989489795	-3.84291770315456	1
X2452780	-23.7403868998699	0.57764223688979	-23.4621757760595	-8.87120135843805	1
X2469013	-22.7689649725101	1.1313593445703	-2.19513396624978	-9.12031416957313	1
X2465578	3.66622038189066	2.71591225690449	13.3377879799619	2.48223084115539	1
X2464992	28.1896811864208	-0.317780470340503	49.5923607526033	-13.5046572840566	1
X2470897	15.4704841639847	2.02887624815026	38.6444366011809	-5.06641401597538	1
X2458757	46.6990245809062	-0.516998894921176	36.1599177782939	1.97916613936648	1
X2463573	-16.5573547652364	-1.08236158412161	-14.3222508250569	-6.40037956680391	1
X2488115	-4.66675962620977	2.0071497113276	22.7208613347448	-8.81363189067077	1
X2453639	39.1457540410576	-1.33285159689801	46.7857048396779	-1.9381319440449	1
X2426878	10.0066797783209	0.303263546391501	7.59566495632524	-5.38764063409347	1
X2456173	-3.88029319173725	-1.15098315168895	10.6185843200768	4.26712396686534	1
X2464872	12.3098840082506	-2.09828095875412	-6.73308641382069	-0.19660001879314	1
X2459585	18.5012113131958	-0.540782933654009	-1.79479812834817	14.2865633728015	1
X2467545	-11.313491564834	1.32306187924308	-30.7243066804882	-9.26301787126388	1
X2448330	20.1569526567928	2.19706424495046	2.74382001725927	-8.96100525528951	1
X2482957	-43.8750437404836	1.50904106214897	-47.5749819127723	0.408343663492931	1
X2448345	-1.65401839660698	0.916474518805819	-15.1076122171292	1.42285372526369	1
X2466213	-41.849359555046	1.49663549623114	-25.0812478048409	-7.71625841773747	1
X2450138	-24.8153558058775	0.551076417625737	-21.3657678673534	-4.10151273675901	1
X2414279	-34.9702634984406	-0.296087424093831	-40.1687901090074	-4.44588656050806	1
X2470896	3.69380893248565	0.477757404197738	-7.38832320049388	-9.73975828244749	1
X2456231	53.0060075297805	1.40878284275921	59.7343943912934	-7.99581221426608	1
X2471370	5.07213714385401	1.35651497237525	-18.1052090156094	1.86008973234898	1
X2423649	6.59269712876764	-0.299576009568614	22.6194476293798	-4.68621094078938	1
X2393469	7.84469837929419	0.340989568304113	2.5841663850766	-5.79992771298928	1
X2463165	-0.635300089917867	2.33431469510882	4.65391569867429	-1.37084256663191	1
X2425084	-15.0041696440373	1.1083671069369	-18.1234797285593	-13.7570236388505	1
X2467491	5.3416446811194	1.81891445628722	9.33716764501588	-4.22883768284849	1
X2448626	1.48708045651582	0.880103008827454	24.6463830376101	3.49428479495015	1
X2416561	-33.6580628248581	-1.63119187503892	-51.8376964556548	-0.576686046014603	1
X2448424	-15.4015586822586	0.0835950365950171	-35.9305890438425	4.48918830272352	1
X2471328	-35.5176298660774	1.6835052621469	3.94308790842627	-1.41291988303165	1
X2456546	16.1171744984712	2.26534173407896	8.91298550133946	2.93578716396393	1
X2467393	-10.3304235973181	3.11401125456884	-10.6808213893666	-5.45902436326298	1
X2476005	-65.8369896993813	0.834392380576969	-51.0772735734816	-11.9036348684371	1
X2458286	49.298061059156	-1.76120267547364	52.1706504017856	-8.74537450751549	1
X2421124	-10.6311185420681	-0.0754327750792496	17.3722881416849	-12.6726169939845	1
X2454250	-40.9653393366722	2.94881833007299e-06	-32.6401026230111	-11.3191005196719	1
X2483091	-18.749444691707	0.7377631921701	-18.4244156049056	-5.52414064029988	1
X2448668	-2.3017509488131	1.11630028042788	13.6819505982577	1.47096722010171	1
X2484243	-48.7168119727827	-0.805180251467173	-0.0477987589945137	-0.902429748893433	1
X2397468	-51.9737632626332	1.45597099194453	-81.7662603099059	5.71054934570192	1
X2470826	-16.2426002888276	2.11305242041238	-9.92179169362678	-5.40051370649375	1
X2469224	-37.0082795742057	1.14028382297491	-32.0129610810151	-4.0798580765232	1
X2448375	-78.487452602718	1.15211406008632	-48.8106262388002	-16.8213947954226	1
X2456730	-8.80697319707011	0.148149949671123	-1.61810761421059	5.83127867434229	1
X2451690	-28.5806814398608	-0.422689884727598	-22.8903421096513	1.52137270768737	1
X2479870	-13.9509924404493	0.440436455250405	6.89325577176534	-13.0177899627397	1
X2451602	-131.95645568913	0.931806271087515	-124.634645889269	-14.2218420112072	1
X2462478	-19.987088137766	-0.851641293445805	-27.9962684481539	-3.15350158407469	1
X2480889	-4.96644945381016	-0.0991457108710289	-26.8184536098034	0.254979203762923	1
X2458511	51.7738381392666	-1.11424463359131	32.9290269927207	10.3399484100753	1
X2470722	18.5106370776013	-1.5064251473607	5.48707391761737	-3.71347420232354	1
X2469540	-7.8939168636202	2.91129126748343	-15.3151365146151	0.523002114892667	1
X2465323	-41.8518736042043	-0.620649782721287	-39.3173739045857	-8.68260243084969	1
X2482903	-59.5794640117514	1.13736090701347	-29.5210960717457	-6.40894154500799	1
X2439674	34.2332148475208	-0.504938146134472	25.9046797330693	9.94549922646943	1
X2486392	24.5454250698089	0.723271114194058	68.7652583884925	-15.0896647784325	1
X2467690	-10.9644988260846	0.215426221797703	-8.79987595252804	4.17024707568566	1
X2457994	-82.3136834327473	0.244725165292149	-40.8575942160378	-10.0917595782729	1
X2437865	-17.596534714328	1.61388405152945	-58.6512804624449	-1.85076439009329	1
X2455564	-9.38598380346604	-1.47972644624789	-22.8782477915676	-7.86370380807815	1
X2458075	-14.0487387339522	0.383895231375547	-42.7940324994045	-5.68914525850984	1
X2459068	-25.3335625742896	-0.64995284380763	-5.30865534767343	-1.18576049547741	1
X2467104	6.33492290122392	1.54757265809722	-9.73730689869758	2.81792421175014	1
X2462296	-14.6410147671737	-0.528171627029071	-2.82012302232585	-3.02375460468778	1
X2486865	-50.0707636332525	0.529223759082256	-51.8538812026565	4.35453679658469	1
X2484693	-38.2896404694524	0.215772139214611	-17.9979645864685	-8.06034030868861	1
X2416500	7.13227962687336	-1.44091788706542	-11.4185240021499	6.16868324336046	1
X2440529	-28.5159400728876	0.182665454740327	-58.2950393082523	-6.53678142736957	1
X2486370	-8.93065275170611	0.597417642921322	-2.92117311203701	-16.80693729954	1
X2442168	-36.9087703957868	1.48537687974908	-41.7976910166212	-2.15909564422304	1
X2417773	6.87912191088918	-1.20767899538882	1.47979802326262	-3.69232701442979	1
X2422162	-10.5507057198678	0.787952115740417	3.91116007059668	-6.40330937041522	1
X2472906	17.7318467959388	-1.5260061998044	10.3373096310049	3.13538721431987	1
X2454742	40.7202270462652	-0.793173323047075	5.75927408464166	-4.79918279513505	1
X2467565	31.1411160363584	-0.649894862223929	29.2666946420345	-1.8387872794683	1
X2459061	46.6903493781891	0.453257782849817	18.5860731576501	6.01899206873484	1
X2457532	29.3218674890427	1.76389240364228	38.8458919517395	-11.5357433899488	1
X2416588	25.4294292290408	1.58083715350921	3.29992393186306	5.31670479745942	1
X2488195	39.5180564767229	1.19978622195184	33.9720315303426	-6.44078384678951	1
X2484061	16.2629931070675	0.104970930149669	10.4274367479205	-9.54853126765154	1
X2422749	-31.7647950573405	0.498918707477893	-20.6419722319844	-14.1098087638674	1
X2457574	-51.9481823467451	0.257745694602348	-46.9173795732516	-11.0136225728447	1
X2421311	-63.2753160870007	0.756932250351678	-97.8856190896631	-6.65796577952182	1
X2455757	-47.779530039291	1.59718024202607	-37.4796791318909	-1.97789829645963	1
X2458391	19.5743946392232	-1.07257809177514	47.3173621775299	-9.24443900570182	1
X2159932	45.6963501350437	1.31765916997443	31.0927550417556	9.91017052715316	1
X2237267	21.1859084576995	1.62109924126364	-11.8954891984555	-7.84055507369482	1
X2245184	72.9652074006674	1.29102728227504	48.9639360741316	1.57954580729764	1
X2237842	37.9563150925759	3.36796180690663	8.93584590007806	10.7027177238591	1
X2222895	24.2596212343981	-1.18071413952098	1.19100719020239	1.838556179122	1
X2244898	112.574860318753	0.563897888474241	83.4940734618537	0.803641062042916	1
X2223077	41.0749195523087	0.616548745336683	0.437778401430803	5.74613233974428	1
X2193660	-31.6405740362793	-0.744897866009905	-36.9007324535626	-12.5797509580327	1
X2237245	-16.3295815988792	-1.07215763515245	-31.1186591730351	-4.06413492759791	1
X2244935	22.237072609733	1.50042513909052	9.05794999860097	-6.22121293372338	1
X2267362	40.3882859100175	-2.52194246144567	34.4535493463491	0.793898395555444	1
X2265741	19.2088646834143	-1.83715777171612	10.3608317040682	10.1042480733587	1
X2347756	33.876542674619	0.195479016743739	32.17827706359	-11.2162406785506	1
X2293107	74.1727993750486	-0.861479311811949	32.7285289426315	-2.65838284250113	1
X2350325	-43.120894140157	1.76523192478631	-64.2884240234473	5.83571645353045	1
X2337933	37.6733115314689	-2.46598615876185	46.9983052374481	7.17336362611353	1
X2352831	13.4105698891965	-1.34192087236384	28.5431298340611	6.52764426695066	1
X2301320	43.8644299717742	-1.56179088220062	33.7178046946358	17.317813002231	1
X2337967	26.2762323897578	0.175998196131094	8.44371714219943	4.18957207029113	1
X2274529	49.6167369344822	-0.961122221131453	59.2188584082902	5.19428434320359	1
X2274059	62.65377587229	-2.21295915640745	52.9447193459806	2.08083802676841	1
X2315885	5.97210822064001	-1.98735418926324	-11.767015436905	15.9778187701802	1
X2328354	47.41228815564	-1.4233504785419	84.7845086158539	-4.07644614887645	1
X2317170	19.4956348558768	-2.16872750669722	32.9663668602466	6.11898983914098	1
X2352862	-5.47104935944702	-0.491612980494331	10.802012000027	2.93142734151042	1
X2352287	-25.2949462226235	-0.515747428734161	-11.2014547442584	12.4471984244048	1
X2343972	-57.9781879767089	-0.771038500209387	-62.1829630567836	-1.01066448924364	1
X2346233	8.23223223036712	-0.690644638483656	10.2822865793595	2.76929782386176	1
X2341565	51.5556228233386	-0.830100159352314	7.74647135094649	9.0253055110316	1
X2289397	-4.45854562418969	-1.87891196035983	-22.5794348367293	4.0087956803794	1
X2354843	-7.56963552869794	-0.343872512562399	-25.7653446939751	0.0427164396634905	1
X2270112	47.2807627759116	2.15584287339622	45.5092380456153	14.9282373276522	1
X2265581	-4.87574856511301	-0.29098869886427	3.2390434425134	-18.3287816429216	1
X2343700	43.6316893535282	-1.67171230015675	65.0969933916468	-7.85282874997813	1
X2264637	29.5469268067497	-3.73835013731215	30.3152955287591	0.513950910036465	1
X2306356	21.390603674571	1.06293556707209	37.4107590114312	1.91992215604321	1
X2294649	-26.5718326429808	-2.10404572848435	-26.1364808623461	4.58921522347357	1
X2304820	64.5963655332198	-0.68745324984549	64.2698448101907	8.77326902349997	1
X2311251	58.3194309836788	-1.99284381669691	82.3412256916831	6.44623998892628	1
X2350279	35.8345309914897	-1.93399145893783	51.6782749780909	1.80275278758874	1
X2336374	45.186875706829	0.796984809799171	30.0635283023593	0.265683777349246	1
X2348003	-3.93407485870739	-0.796367186687228	2.15891903137136	1.80017631258168	1
X2345537	-55.2868122095122	-0.31448408504533	-37.1681936341671	-6.25462051540675	1
X2298245	64.3458463837451	-1.55209109865059	61.6457904453916	-3.81524797961741	1
X2356293	26.0075757717053	-0.649195121645574	37.4330469052358	5.52645817649175	1
X2323942	-11.3200202202916	1.16731058719195	-18.5784130947145	9.5949039335035	1
X2343906	-53.4236267103354	-1.43117246640996	-37.9450512016181	1.84381616617206	1
X2325397	-79.9833756707423	-2.10246893926146	-41.1527373688785	2.65581160543678	1
X2318127	38.7788105953802	0.290280901823042	51.3664515844018	2.61379747369575	1
X2328085	-19.743516498849	-1.40676290340861	-13.2821305643056	14.7583910968691	1
X2347644	94.6746677896218	-1.74068445370608	103.888341998947	7.51122972371092	1
X2264863	33.1609931518268	-0.0693570302010676	38.0745827120331	8.61041708582036	1
X2307669	34.6435740624864	-0.241312809356506	39.8653835629648	9.67849999098223	1
X2315341	63.1854653027482	0.53501888623627	42.4649252504598	8.7484655931141	1
X2315600	-51.3233545572291	-1.26387533644743	-43.4762145067687	3.20135237088772	1
X2372186	28.7424740013499	0.662360770821247	20.0191188284334	-8.68949211173834	1
X2325951	49.1380356357826	1.78437322973719	66.3799606176465	-15.0390261392045	1
X2306113	-64.480831657895	-1.35945122096255	-67.3583517896555	-2.49996847903976	1
X2328691	29.7774040963188	-0.362910572475497	14.9591964184088	-1.04601010051793	1
X2315267	-9.45988117150677	-1.92670501125765	-13.076758470235	1.17852958055893	1
X2514948	64.6724862494127	0.945678076383437	43.8861026487676	-3.93389359847113	1
X2505943	-20.7960419332393	-1.48934679101561	-12.169258610494	10.0895167329398	1
X2521930	-1.03862097807647	-1.31540851888098	-11.5952057421244	13.5503873415664	1
X2491964	26.0454542639352	-1.44973370257778	1.2824564961743	8.00853351411694	1
X2526921	6.50546573208659	-0.540119422391354	17.2810954172512	4.62166717101911	1
X2511248	43.1337490489191	-1.33270015885216	25.7667138721237	4.90263828283432	1
X2503827	42.5655447844734	0.907979914284922	12.6143424148289	7.38945491050825	1
X2513312	-48.9053534838603	-1.75587919886533	-37.4693090710852	-4.90818393431074	1
X2515045	37.1663643019451	-2.03548636302753	15.0876120165987	-3.40022836602389	1
X2493916	18.810506626969	-2.09433807439605	-9.06869716844362	15.0071313237629	1
X2490546	23.6954713153415	0.993433659152329	8.61929674744901	6.67044587879778	1
X2598486	14.6318065271268	-1.0915286775513	-6.60207132251337	0.2563580142551	1
X2510864	5.24307983245021	1.91810655185871	8.41887647964953	8.56682860294513	1
X2600553	-22.1336809831107	-2.38175852338953	-34.2927925854709	13.4925323490732	1
X2490080	28.83922536594	-1.95209913641264	36.3823020166448	4.2448366717596	1
X2493575	13.4123183097559	0.455394785935218	28.6909096607505	-4.43734956083726	1
X2525000	5.2364673293116	-1.43359602097158	-44.2359439887091	8.90171910778896	1
X2503401	39.5816933749158	-1.61605620186039	30.3706329206231	2.52884785560758	1
X2511229	39.6428469143289	-0.765606093812745	28.7402669190822	-10.0990747024584	1
X2597974	37.3414320837359	1.35013450176989	55.3628972568661	11.496049235948	1
X2511009	-0.788512651370975	-0.449326043655523	10.1567845830598	-8.90901364469886	1
X2597976	55.5042927706207	-1.90039727617216	43.0904041458967	16.0243939470007	1
X2500825	12.032714768956	-0.699643289738531	29.4207108573481	1.10711980334546	1
X2598179	31.3178600313675	0.47617353299979	41.1399316975313	11.7203295319692	1
X2597984	6.86623269671524	-1.11164125374501	3.56518705550786	4.25284710787978	1
X2588432	5.52220043591461	1.1201678511367	-17.6844071066322	21.6563998696681	1
X2507694	-5.45328206364917	-1.4774945071088	-11.6394419951161	-4.28375013474495	1
X2509732	42.1521155664229	-1.33871463033482	60.9731884866054	-8.9467854352446	1
X2510031	63.0556809879134	1.06679060757099	48.7386257353486	-5.78908363904669	1
X2594953	26.0934741759051	0.48750860057539	-4.15566503857719	7.43601159308169	1
X2563025	0.753524470235981	-1.02941005971731	41.6877599379627	-23.575062616417	1
X2493980	-8.00607654019948	0.707087088691402	-30.0554773929504	1.01276245203833	1
X2578433	-0.137692443211677	-1.66976523087285	38.0949021492617	1.56435709554294	1
X2599342	-20.2878096150127	1.50413741447211	-46.4706393885608	-1.79197264782861	1
X2493221	102.755628020967	-1.53315029166005	103.196047076045	-8.2690887512063	1
X2490423	37.14094023853	-1.83642531912824	15.6503656871469	9.1684451220241	1
X2574447	-15.9060329617355	-1.13406205600465	-26.5001354218903	2.60680999971464	1
X2509771	21.1743702218714	-1.33005205237539	14.8107304500603	-2.59514915066605	1
X2502571	5.33750979332215	-1.39830085141576	4.62475402842552	-2.17217343496988	1
X2512200	89.5422858627823	-2.80711152462124	65.7767882642866	1.50614061077926	1
X2526578	-2.771565104282	-0.310994422559943	22.4307251462192	2.84060134788159	1
X2569585	-5.70201697052058	-1.14628655740668	-13.6592922995717	4.20430928244839	1
X2494210	42.6749175523814	0.956100705368115	60.8675609137891	-1.44778768477031	1
X2506920	-79.9115325277025	0.151478732193002	-43.8639289260423	-11.091059829372	1
X2515048	-26.0826751299979	-1.63361334652549	4.34665594354384	7.15278222125931	1
X2574064	3.07927868334927	0.577204602447954	-26.6104165482632	-1.39690451305404	1
X2510897	23.2380644334033	-1.16465037683676	-4.18148519826134	2.49913858595964	1
X2522819	75.6590789572512	1.00515899117539	61.1193349834765	5.53037563797018	1
X2578249	-2.59147521549507	-0.611400756730177	10.993630006322	-7.09048234964038	1
X2506047	-65.3809274309039	-1.28499628916751	-72.3831708813352	-0.00890447561606056	1
X2519991	79.1021371213008	-2.09338452553151	80.3702417363427	5.4066136504145	1
X2509984	8.10959257209091	-1.51610392508144	-4.47449830991213	3.06850588988338	1
X2598075	14.1731069120125	0.996853984525661	17.0395744935513	0.094755033786833	1
X2511533	-6.02400860369412	-0.226082518530479	-34.1589156058137	6.55153828110288	1
X2524827	29.9831729971501	-0.372771408640697	-2.70624853802435	2.2745872310712	1
X2509254	107.406446186333	-0.454402316131618	102.165031101833	-1.44242258707702	1
X2503026	-44.2535879371676	-1.32014787282532	-40.9588851447805	4.05202066990082	1
X2507033	-1.49312167433031	-1.3464445541279	30.9669037771289	6.49883786910538	1
X2511423	18.4468447837867	1.11086486142122	-2.7765153986356	0.62097933814488	1
X2521455	32.451460796575	-0.903739267781262	31.8449635744183	0.992431449699848	1
X2564919	-37.8375140659624	-0.0840262631114387	-41.3270339531253	-7.6108162695798	1
X2491570	15.9516718333832	-0.107585162060041	17.2948603969291	-1.53087745960798	1
X2583327	-51.5465951976044	0.590660169347475	-24.505607990508	0.783529515259482	1
X2492692	16.2473329393892	1.46195117868691	3.29012858512187	-5.07419706729986	1
X2502951	18.0755117499863	1.89429576544944	40.5215272496656	-12.223951816671	1
X2530557	68.0890847069593	0.171369068986897	84.145737187949	10.5415448256429	1
X2520563	19.7436183387171	-1.30498690934598	-11.9319082491468	15.1964808568055	1
X2514947	5.54340871210904	1.45499823709734	12.6950415309027	-3.6283457155357	1
X2505633	-14.9574586144179	-1.42190970622984	-17.5153134027013	17.5389024638437	1
X2508939	-26.1859914701723	-1.22099159006582	-35.5452540913308	3.1743863741802	1
X2503931	-20.3273089219664	-0.755512381396286	2.71310561382112	-6.90600777833092	1
X2490493	48.204876689825	-1.29195149372366	55.2191767079087	10.3381867974087	1
X2509906	47.7827977409687	-1.74906396631165	57.382996717089	0.834008862366969	1
X2509084	-11.7514247828578	0.398355058403045	-11.0505239956715	-10.0759325279532	1
X2515187	16.6756588554628	1.14329273090872	19.9180009979668	5.94914069937201	1
X2503649	-71.3702878903843	-0.940327739777384	-30.1035076240162	-0.171569945078365	1
X2515388	16.6537489638243	-1.5918090662009	12.8100845296445	-1.1477230980061	1
X2491868	28.9050232759239	-1.89820897909898	31.8336958323723	1.79083542399928	1
X2489920	40.1004835525019	-1.62852723019541	56.5692281495609	-8.00619010962513	1
X2505204	38.9590587206353	-0.579841898385366	35.6172326352485	-1.90966319384621	1
X2507645	9.83072510477992	-2.20272615888141	6.3673397046269	4.71903374404106	1
X2493517	-17.8574206532329	1.44777989436615	-9.10010133238758	11.0987135280708	1
X2574232	-37.9077925032793	-1.5054027319359	-46.8541095396136	1.06900174746969	1
X2510834	4.8468247730922	1.69041098295323	4.42459884386579	7.50136719391988	1
X2586823	-19.727998799158	-0.664462335503131	-20.4251888179747	4.82770167732405	1
X2511492	11.5724403243855	1.07453030555707	33.4516038415748	-9.6985696538929	1
X2503356	15.0853883613578	-0.534113891393264	3.01189764688018	8.87056702450078	1
X2510979	-70.5936370527609	-0.830717400772117	-66.9260288493972	3.24638036402911	1
X2512219	18.9232912500009	-0.422035276556093	20.494982124241	0.867691184828174	1
X2490033	-39.4881208416259	0.948374023306396	-34.3752822089117	3.09252367967598	1
X2490056	0.671181188020157	-2.09846469012543	-17.2356202359488	5.62466369461256	1
X2515700	2.67702054251236	-1.98406427863535	30.044463217784	-7.38433958099855	1
X2503733	-35.6451783674587	-1.47387649183288	-48.5596676753517	-9.15311449071831	1
X2511236	-10.0507064675692	-0.648410121644384	-16.577955214721	8.77474739520058	1
X2503480	-34.3445794892392	-0.217600014354462	-11.472648173143	-4.88280302221309	1
X2493531	21.3297075459685	1.35407976862048	-6.63338749292781	4.86639722453189	1
X2504906	-8.15374438018144	-0.632592869727478	-8.24611080415531	-10.3767949050973	1
X2490693	61.0136945590787	0.991873682546062	52.170264745985	4.55553245424047	1
X2503862	54.2306162061924	-0.479823190110379	37.7121378124847	-0.34726145291492	1
X2514325	65.7816988210459	1.07789557211208	67.8821968014865	14.5451066285391	1
X2567227	47.1715768773759	0.953259523771186	7.3974449373535	4.50464844960562	1
X2526556	9.09968569574982	-0.603489735878782	2.01573107559574	-14.7970237269256	1
X2490116	-0.846777617909158	-1.03938475988376	38.077775919685	10.0254981310648	1
X2598146	-5.62770951600533	1.05439156523953	3.35443603820876	6.71799519625326	1
X2598080	43.4226016264126	2.88039234380649	39.8506644725407	21.349033907279	1
X2598421	-2.95270687165898	-0.89654910333823	-19.1076941479005	3.41665707233618	1
X2585271	72.9260671700078	-0.489419564402816	66.2270295536224	10.9482538700022	1
X2528534	114.524792795421	1.25967662021128	126.356305449854	9.44300719347296	1
X2490183	30.6719878317054	0.415725948121195	-15.4685669704665	-1.70511341929488	1
X2537184	-28.7200585552493	-0.682701699228325	-6.85450898338541	-0.142023301043926	1
X2499448	98.4456224492774	1.5876098757702	95.0183370358231	4.38582237738037	1
X2600338	-15.762721294721	0.404804186814828	2.24561604856553	-6.8047420970462	1
X2598011	-3.24626641245587	3.90763258102761	-8.04455293504173	1.50009778176126	1
X2573912	10.7802223667237	-0.311503555022569	-6.9224218062883	-3.07484324849844	1
X2523571	18.6313031209935	-1.84700415611703	17.3444628069389	3.41986096763902	1
X2503691	6.71556905965531	-1.87733299211007	1.44280011747099	-10.5556142010998	1
X2583360	-32.4762022556589	-1.7139781908513	-0.96220597686365	4.28616384925199	1
X2501791	5.41433593926949	-0.181233520343455	29.7571932130626	-4.28095918844774	1
X2598653	28.3728065215419	-0.556147129137291	45.714925833859	8.55589992061649	1
X2491962	22.0509072339891	0.378336622063668	10.9327449594658	-2.13965953906273	1
X2493522	74.0002159568968	1.25524360877501	72.5080106445135	1.17264781991417	1
X2503358	36.2252595077764	-1.53381840269359	27.7819363429883	2.91160849941907	1
X2507611	9.88235168559163	-1.47934760323003	-2.71010479255008	11.4247739353711	1
X2598590	-31.497546813816	-0.726531073572063	-54.4901985642336	0.766654488493609	1
X2598615	15.6196568280726	-2.49048691291458	10.541873574856	11.551362507678	1
X2523235	-43.9410674399711	-2.20867937321958	-39.1987354950019	12.1054012629397	1
X2573977	-39.8532841935273	-0.738932451020196	-51.9016552428432	-4.18478530017404	1
X2490782	-12.551332143339	1.81280241142601	-25.0207601885439	11.8123287945917	1
X2578165	-16.6873445075157	-0.740813638555733	-31.4594178802215	8.18353567359361	1
X2503694	-35.8351164741027	-0.471502068880931	-71.0394125678962	6.11922241657251	1
X2570858	41.7605871281992	-0.363967051178419	60.2166666480176	-0.996582924050681	1
X2511076	39.1289134957778	-1.3963253369601	54.8519619007924	7.09043196356067	1
X2492641	-21.8452580796036	2.11644195671821	-47.1905010146397	10.3392147759068	1
X2507389	-55.4946240537824	-0.644139031615842	-33.4796675299726	0.383744427975622	1
X2515575	50.848165142669	1.00078251252286	75.0786991986964	-2.00929047592299	1
X2515301	10.3020985799997	-0.50678821034774	-8.66105926759033	-3.53099022911763	1
X2511964	-17.7489065169717	-1.06452498394967	-3.87321001056693	0.229520484450345	1
X2512808	11.382344779283	-2.53301403876582	33.0645266739123	2.38524168469793	1
X2492004	26.4982270262314	1.84845872104894	34.4861832067717	6.87759773098786	1
X2508686	30.1505486936552	0.982761733177615	32.4535366512236	18.5656570420903	1
X2509238	9.30014747641493	-0.45869227116095	3.79724835786101	9.62113568082295	1
X2597868	7.93391772856469	1.23852651398268	-15.0681018960985	15.245244785604	1
X2510322	12.1525949496522	-0.553440442828233	1.13819300575859	4.4745085601488	1
X2509582	22.733311428433	-1.12170176916782	34.2397527948235	-4.41290398581944	1
X2511290	-39.698776303354	-1.20567340712146	-51.1460079662548	3.6755380120639	1
X2588591	-54.9145849240477	0.441998934385433	-9.77989754693025	5.23588250509323	1
X2591885	-34.7315923403641	-0.413917542316239	-47.2418610981679	-14.1301499551016	1
X2509147	7.59583660825711	-1.26788673358584	-8.68148441774799	-5.91190724506871	1
X2518193	45.343651759703	-1.07890883164146	59.4920730755039	-8.56134597000891	1
X2509031	-14.3559911831556	-2.17632896211079	-16.3805533281019	6.50176089453376	1
X2507092	17.3156331849925	-1.9199953080558	-9.74829882967382	15.0629984884081	1
X2526971	48.9119023988553	-1.14857308210921	58.7674877531764	3.56048574952513	1
X2515006	59.0145506480524	-1.10979104119851	63.9388370440538	-7.00974175984388	1
X2565383	75.6396383784242	-0.632177587970729	76.5041852990777	7.50177387253942	1
X2528690	131.164726056765	0.047982987846186	118.769324687752	-0.0876276106372493	1
X2580052	34.1370677672617	1.25321615396252	26.0731936200948	7.18543306525147	1
X2491638	-45.5930804484263	-0.313147167160904	-27.0591618001601	-2.5227774314172	1
X2515401	43.2371668375728	-2.07501713674212	57.6109676620282	7.50951782242813	1
X2492070	-40.6238210329295	0.11046819504307	-53.6347565234369	-1.30490611930054	1
X2507891	74.4602244316673	0.244364147728413	99.200954837422	-0.683316511264716	1
X2521406	2.65567121259141	-0.535167944844193	-12.4442653997592	4.0641190168027	1
X2504872	-36.3142889735679	-0.814895969976215	-61.8739622877522	-4.61017838618801	1
X2489904	45.5233208132764	0.968108303470268	47.2946580524645	0.10561672730436	1
X2493518	43.3101688700123	1.75090555476337	9.86286970548949	8.53766272473969	1
X2597920	62.6756367517845	1.0773386173836	57.7117564423597	8.85371939358569	1
X2503472	-54.2023329580781	-1.00120441343915	-66.2862470895719	-6.28273266218605	1
X2526900	68.0273570981794	0.572124262664884	21.8873620622038	4.02778108319687	1
X2521483	-46.8717137101382	-0.858853186672953	-47.8922377805047	10.9650068966422	1
X2503796	-4.44711086027882	-1.55855482776199	-27.7419067456646	-6.36364235182856	1
X2510905	-3.88311229624734	2.33714031839286	-13.7754382061836	10.2877081397332	1
X2509567	40.1176517934138	-3.36310323522779	25.3662108790263	9.91848076882641	1
X2580523	17.6424263206243	1.45835853380701	12.5103225872458	-8.44624043822483	1
X2509392	31.026640475118	-0.975748480188939	22.7084742163818	16.8391570447985	1
X2493665	32.8066832235637	0.476948329598415	14.7397332818755	1.47896031842896	1
X2507072	-2.34441418030812	-1.36747201031471	5.56876252078176	10.8733940243631	1
X2505307	14.2725629820452	-0.104374845131488	-21.634552660927	-6.33326323706113	1
X2507665	-6.02290706171447	-2.34192276183312	-10.6890204379301	2.82837935203756	1
X2504114	34.5836416874565	-0.21100077910019	2.36581589734385	-4.21379099640556	1
X2505203	-52.0774651111014	-2.08705592408841	-27.2537123286348	9.75722781354512	1
X2509408	29.8209921077108	-1.41698872179385	24.0836118686151	11.8046753830277	1
X2515344	32.7175771936409	-1.55809698512005	32.1389085245934	3.46074268625743	1
X2522816	41.3943822849498	-2.17514106593846	21.4996635342472	6.5779838894481	1
X2509554	41.7003800509937	-1.28501019180513	37.5846564382711	-16.3879026342253	1
X2513989	118.701492011243	-1.36281810111247	117.267724907624	9.85955587275432	1
X2511710	-77.0484164045484	-1.66169480390468	-46.0277537644132	-5.74201966819546	1
X2509415	27.7836864770664	-0.867552435289687	13.5571843871107	13.731957630951	1
X2507287	-18.5906330080835	0.705787916443783	9.38709103195391	-3.54234226886704	1
X2578308	-19.8611531075496	-0.944062429384242	-22.811652551816	-1.68966140287452	1
X2503446	59.8105972281274	-2.50168685057692	83.50896125207	6.12352240192152	1
X2507696	20.6358016102866	-1.61849314421703	28.1153534081036	1.3473654366184	1
X2521092	22.4499187537737	-1.16379027838827	-2.00650315101813	7.81795362375514	1
X2507655	5.55211900255634	-2.53725786804173	24.578578015633	17.1593496163568	1
X2503500	46.6346566708975	-1.36438004924986	30.894753664564	0.950108285054877	1
X2553792	20.6236239497193	1.85045405045852	13.9878895961085	11.6314538957298	1
X2526678	-7.68370749480995	-0.630603195913874	-26.8170365670307	3.05144831681246	1
X2517862	-36.984405620271	-4.05957570325527	-32.8910607857057	0.817256170296519	1
X2549313	-11.5201020998327	-2.24196831094409	-13.3630212063184	-18.2886531094547	1
X2527079	9.29911802445077	0.747624946125271	6.35651291103538	-1.39383674652981	1
X2527250	12.062019184977	-1.62897211105927	-8.18317261842681	2.40998575464779	1
X2515542	16.0541452595721	0.414516931022032	34.5051837002848	-4.06384890303605	1
X2493584	31.9584562239482	0.790364279752757	25.3122622310837	6.82695997550802	1
X2507700	-45.7069339658095	-2.72682533719955	-21.1446536349472	10.073639860333	1
X2490065	-31.4668391832254	-1.70160106027321	-44.0597213909573	12.1153935611872	1
X2540704	30.9776569701964	0.69625752283704	19.134654904474	-5.5425298647827	1
X2525050	-33.6495393424334	-0.690049967494834	-14.2913834357725	-0.867155462921301	1
X2508872	8.69345694855971	-0.651742583403682	15.5830247567179	0.298836871805808	1
X2509264	-1.39557395504534	-1.65900316756845	2.17232840722948	12.3222108403666	1
X2511431	87.4552199406502	1.32375658334324	76.2663725683158	-3.08464339488955	1
X2540840	75.7470558534005	-1.9698308628671	70.8460385821557	0.837969293247184	1
X2520519	24.2547239635323	-0.257948994334732	16.9538893367446	6.40888351322706	1
X2580092	60.7642435088761	1.42516032219551	31.2344738504954	10.9528033887597	1
X2598687	29.3076936341849	-2.17275353657267	8.01832064412873	13.6868418742827	1
X2514163	35.4164588777139	-1.58539541736803	3.30853464261496	8.67410036143886	1
X2522909	63.2051844691865	1.68186863138476	44.8575538476641	-0.123055355883226	1
X2513353	16.5852592493843	-3.28653825193964	9.16715678115408	-4.17761851741344	1
X2504978	-21.740534589951	-0.631100481584967	-23.7738318588342	1.89407577056105	1
X2509746	-2.35487145965677	-0.640169238811316	-20.0587115604095	-2.14394294875349	1
X2515732	73.485329810693	3.6516236145379	79.2320946471308	1.0604533537639	1
X2597746	-7.182098722375	1.78041257153616	-30.043068441128	-4.46727922517736	1
X2503780	-20.6019348209873	-0.56462760431891	-12.5293837600409	-6.23951995732338	1
X2490313	-53.0275315958789	-0.0153195555135093	-33.2144791716807	0.107923735179103	1
X2512013	-26.9365143907203	-0.388872578862241	-22.8722675157341	-4.63834974792003	1
X2511203	-55.551615969879	2.60367143558558	-55.7713861631225	7.26036498301122	1
X2597754	39.1321019434964	0.776071047563491	-3.0978117605818	13.6160429267721	1
X2511211	19.2404075780861	-1.5256391271651	40.8416927858235	10.4621790870077	1
X2503803	-49.9705512585713	-0.849924180140232	-33.4457860779476	1.16106811509395	1
X2505940	-38.8035614327432	-1.49122003553858	-12.8919796419572	0.229192760122812	1
X2507305	-23.6776226653589	1.14372716041915	-16.1890578319771	0.782697067134283	1
X2523755	56.1084646519723	1.7436885800261	46.4932493059945	6.27384916905182	1
X2509285	67.3668629102822	-1.7533165788467	46.7413241285458	-4.8134393769728	1
X2490123	27.7166344383073	-1.53525381516852	4.72848233033563	9.04290293034008	1
X2598767	19.9545679442962	1.27339275836553	18.7826297547977	-14.7835588920081	1
X2586973	-37.0320767613911	-0.0907983335530677	-45.1764679260646	10.5394332254105	1
X2519145	67.3892424987367	1.49271568674374	59.4822343689149	9.76591184038778	1
X2571755	2.07984187712392	-0.155612010326903	-12.7770057947668	-7.71962921533837	1
X2490477	20.375419524484	0.635492805458716	5.00602278040307	-1.04601036948535	1
X2519981	45.2807951276337	1.16157283262068	54.607946624901	-0.565385027160463	1
X2519173	107.602435719388	1.35143591386712	83.823082108671	7.77738436196398	1
X2522882	-13.19460388121	0.985232821038672	-1.97913690481836	9.63002384419894	1
X2526880	30.7543871371579	0.178101883987591	21.4332004192855	-9.25426197664483	1
X2597860	-3.32478248000657	-0.718261985367787	-7.72373262169739	3.49079102651201	1
X2567404	-29.6612794476604	-1.1307430109726	-25.5701243540657	5.99594195926564	1
X2530583	53.3937202156955	1.13029885669899	24.1513871433425	-1.54042085585585	1
X2520947	50.9491798933744	-1.13649063177448	31.8242105427048	8.63796783414832	1
X2490672	32.9803388529748	0.709534662018819	51.3481978076522	2.0034917269314	1
X2491175	11.6384334283643	1.37023070524949	0.501563075645402	7.1496420562729	1
X2505863	8.14656666585533	-0.83691285332518	36.4557269555702	-1.23733389589529	1
X2594996	5.0105621716068	0.481961023287784	-6.45399958534908	-2.82948212432552	1
X2570452	50.7745056587701	-1.39322197181115	54.3106118484787	3.13321252354414	1
X2525166	49.5635457657936	-0.692316268366387	54.2678955302192	5.77475630769919	1
X2599315	-12.0080315891795	-0.60367390062999	-15.3771530459546	-2.22866634995218	1
X2503893	79.779751888941	-1.83156582266209	80.2450556476416	4.85437946919858	1
X2526930	-53.3270507828881	-1.14129958153959	-58.0693275766907	1.90719276897214	1
X2528444	62.9865338815974	0.0839602086009848	86.8220008413428	7.34090979664144	1
X2509015	-20.7914237800685	-0.981429012111106	5.09460285879151	-3.48285042971853	1
X2502523	-10.804585354059	0.167825731134174	-9.73682384713102	-0.799317664892865	1
X2490100	27.4033156462341	-1.68586213551051	1.82984279668298	9.0904075730295	1
X2597803	19.3235965319114	2.98937235176806	12.5627249595853	13.9514768236873	1
X2515067	-12.0428477267629	-0.363813303880718	-23.7990358537742	5.06928182726201	1
X2590624	27.4837896486151	-0.926900945384501	15.6798909484757	-1.53948332911841	1
X2517670	19.9791824714884	-1.1433364866732	23.9142539172796	7.48300767052234	1
X2510889	-46.6080148284354	-1.49927606128416	-44.3040960351292	12.3807354566486	1
X2503590	62.7968650740137	-1.35686561815047	22.3186823504043	2.47048584891525	1
X2523192	-21.5184260518179	-0.527841254291626	-60.9477428868814	20.1392610329314	1
X2530880	100.242443867768	-1.55384633471241	58.5241491270815	12.1027492356923	1
X2510924	-27.5585018154725	-0.147532282934648	17.1221091828509	-5.07351318896105	1
X2598285	21.3966364498905	2.36714977517791	12.920975914631	1.88562653236368	1
X2522846	-22.5273451745711	-1.40083003659103	-8.70687539386403	-2.64443037350555	1
X2503316	53.9634874784129	-1.91011607928491	16.6681832582979	11.3058914752443	1
X2503902	39.9935769388711	1.01134486825398	25.992282933083	0.503371701909392	1
X2509138	6.76010589707356	-1.37275124518829	12.3957153879962	1.01066733537572	1
X2517576	28.1831352953409	-1.26538917757359	17.2913086959628	-9.07566934042689	1
X2521181	-32.0246827550793	-0.560477169015474	-27.4526093366785	7.45727288797017	1
X2578456	22.4961714905157	0.349764593942626	18.8813673264723	-1.85194869590338	1
X2514950	42.111852242086	-1.74592368521828	55.5054049736406	-4.98953503900996	1
X2599612	-38.9148660243524	-0.544710188687915	-13.0042578765153	-15.6389012963857	1
X2492635	35.6842549134912	1.30670869597627	26.4651578355356	8.63601778377584	1
X2522836	-7.09628488745839	-1.23454392187865	22.0161418845326	-4.70396787121964	1
X2505310	-10.54589117719	-0.86349007838395	-2.88144828707031	8.99391192961021	1
X2569540	-37.380015926215	0.0744491086760887	-25.5648587806855	-2.264206982297	1
X2595706	-8.61860121052957	1.5503585384071	-58.7873956987313	-2.03758747986136	1
X2493668	-33.7622355829703	-0.170381793152657	-34.8049074703632	5.11280836405398	1
X2511970	51.125061181764	-1.7680276167095	42.9115841730493	-0.0300976717797035	1
X2506830	-17.5682205953861	-0.952977249795979	-13.0342221203572	-6.28689801087299	1
X2490230	47.0498414989081	-1.2372566748829	67.2450661770714	6.79384854555039	1
X2510839	64.5458203103223	0.968376797911907	56.4073721582303	3.04140785746693	1
X2510918	-31.607613835152	0.260244715027697	-22.5953106074414	-3.90499308304431	1
X2600052	-37.8368065996671	-2.01531365787096	-49.9371749467858	-2.42559479997377	1
X2510910	52.7768326088391	1.7078420768447	14.938197479381	0.421970839698716	1
X2521126	30.3839374085266	-1.56337017398417	8.08504015722875	7.57313560221258	1
X2522839	39.7889469530465	-0.733851102813935	43.4878521737548	7.47433407029839	1
X2530823	92.4687803294372	0.578752733514733	72.3112204112797	4.51959613113505	1
X2525010	8.74384050998941	-1.8738077957187	19.5661632935944	7.42296862723546	1
X2508815	59.7160475396337	-1.36289354853306	31.0119119678092	16.3394651522171	1
X2491988	-6.64863355521853	1.54424357346051	-30.3240569558819	10.1984039769781	1
X2598965	-15.7349005245122	-1.73406751469727	18.9668653231635	-9.23230534579287	1
X2598196	52.936945412171	0.541998673342315	37.546697928539	4.81506980417149	1
X2567264	-13.7400004787085	2.16966743601742	-7.35142391251928	14.5319742102942	1
X2507780	30.1845121641973	-0.905933669384325	35.5509145658377	3.17937081660183	1
X2512182	43.3363293774909	-1.94871288331503	60.300666192657	5.04354735157599	1
X2511932	35.1333144928919	-1.21338292378611	30.9544085341646	6.34023256005192	1
X2572309	41.6951746917756	-0.399830176703964	46.8798857664597	-4.85257038200118	1
X2510955	-32.4160899949944	-1.65819904272129	-21.2630369063411	10.9310307737149	1
X2598657	42.2725784675964	-1.50516413098789	46.3294715061508	14.0409542571174	1
X2511101	21.1851760907659	-0.128378717646893	8.30281942485763	7.85163099270718	1
X2507100	-11.3482959282813	-0.264033909505904	5.89854732437619	-6.04052239967271	1
X2490282	24.4629883304128	-2.03072193461454	41.9153181371792	4.67967230928789	1
X2503772	27.8207759845441	-1.32207270819217	-7.38553402310272	5.17546527158764	1
X2522057	-31.5722109714187	-1.65430894474281	-35.3522196064533	6.14365096797782	1
X2501284	9.16802389197467	-3.26691623245059	35.7440948686166	4.62851564969272	1
X2598209	20.547513890063	1.16534517804883	31.5520917164436	3.23150610336679	1
X2597833	37.0735050343306	1.40921636112104	30.8905222603254	15.8626630915795	1
X2502113	4.15023556840205	-0.282293930704065	-2.25305675863111	-3.38442716745485	1
X2493740	26.8278405383806	1.64073375554445	13.5495309788823	9.17797667117741	1
X2572001	0.204776246461094	-2.0068165315041	-16.2424549140191	0.0941006989183366	1
X2597774	13.1297267840764	-1.66298728136633	2.08676106605142	-0.700910622599025	1
X2524921	2.362466955508	-1.57017128486516	-8.9461083455968	18.2571844157851	1
X2496204	4.29071596169054	0.575072265827972	5.38595250780467	-10.0413029551046	1
X2526778	10.8655805852105	1.26730233629078	16.9894267072287	-0.542495495153502	1
X2503383	17.5280379370258	-1.39098038334522	7.03362635887141	7.35022099784593	1
X2493923	14.5243079532922	0.901442669977413	11.2334961250895	7.29582255516229	1
X2499060	79.5104027614052	-2.1836196061609	47.0259256827847	11.8192286979241	1
X2509705	31.79696123477	1.21354625098508	19.5815150303739	8.20581939265608	1
X2515602	-26.6528378312507	0.344600740081634	-14.3416377370372	-6.34289492659111	1
X2526532	-7.78791527516914	-1.64172783283499	6.73248398119491	-0.242323417465751	1
X2525003	13.0830936442303	-1.90098254753209	3.91794442192846	10.5603151244216	1
X2503391	46.8405464630889	-1.32108012889455	37.5031728754923	1.2762987248708	1
X2510526	-13.1754685407327	-0.657938319038266	-11.0190364767058	3.00030891819589	1
X2514270	7.79785248898395	0.669336342772464	-16.8998507650864	11.4912027236961	1
X2491704	29.6649006707096	-1.22472576516524	21.2460521325101	-5.44731211208463	1
X2504454	43.3527515408695	-1.04934861697987	17.49498949182	-11.053669042886	1
X2499198	26.9599351835512	0.789222173173259	45.7156980611624	-3.71308114078529	1
X2530322	130.251206623634	-1.6510829021154	111.5201409803	16.6665526812182	1
X2572153	-4.38171827290898	-0.645488454575401	-1.58306876979995	6.27416262975769	1
X2511109	6.64664076411921	-1.78781576990744	38.3216298185563	2.0839404990017	1
X2492361	26.9074104455646	2.84307332114093	57.9458992218154	-4.83609156297717	1
X2511559	-4.85596938787144	-0.60618076335117	-14.4285232958501	-4.06624775603248	1
X2598916	12.1249000854468	-1.24626142758481	-31.1893227545666	5.14588242258358	1
X2521569	32.3472447527753	-1.28838154953488	33.4307264946621	6.90645132422548	1
X2515215	-47.6806669941502	2.31833436015147	-64.7288601733014	-1.42841662322655	1
X2529066	47.9526857620206	-0.308122722219461	34.2544308483347	6.19391653143154	1
X2503387	28.4344693939643	-1.37304267724611	16.3811932431705	15.0526961513201	1
X2517183	82.1070318736751	-0.27296749789617	59.0043109851996	13.5397958986865	1
X2576422	49.7817974502341	-1.70088585516336	25.9825630875605	15.268419951773	1
X2566413	20.4623805161116	-0.587783319613244	0.73536582917434	9.9449287026786	1
X2509452	-51.3295575345541	-0.0266514059755691	-39.7249789505442	14.2818733740049	1
X2490641	113.558752234108	0.289535308275016	73.1113117665859	9.25046688779802	1
X2493768	30.2596706851441	0.55574450977471	19.7613253666718	-3.77137943993751	1
X2493678	79.2802309303572	0.679823840436747	69.9386830971067	13.3177976157745	1
X2530732	36.1077173524821	-0.597895657183204	59.2626502723737	-5.53096286426538	1
X2519870	13.2807449445247	-1.2013317317189	9.99124380974047	6.43693039279543	1
X2509556	23.252167483805	-1.31261801180989	23.6763536716655	5.47790585829431	1
X2510942	51.1040123337764	-2.22759531226193	51.3191016430843	20.4147041910528	1
X2597830	28.3055004840234	0.575141232461785	31.5862097753488	1.25873465351851	1
X2510843	64.9255852429212	-1.93900661776611	42.6034082517205	-4.6080300569895	1
X2568885	-21.431183938158	-2.32051916210863	-74.4960007619625	-1.32246204277899	1
X2519486	21.1281892793001	-0.217950169642845	-2.56517704135946	15.4865920278676	1
X2570030	-3.58782645156213	0.543923701820083	16.7633909371752	-8.2278891677197	1
X2526515	-7.2986647828242	-2.14027642953346	-26.9402118432574	-2.06638533437543	1
X2513864	76.398569949983	1.08486242238867	44.0777394841777	4.29045368679589	1
X2585748	21.0263498571246	0.905366022516551	24.1630049885513	-5.96159464484396	1
X2514317	-30.7221351882841	1.15917364572594	-37.4325839801327	10.2140767485622	1
X2503907	93.0223810756514	0.614579634627023	79.8619390350168	8.17336492549146	1
X2523301	-20.7162535868237	-1.63926537369547	-35.778105347975	15.6141617949626	1
X2515661	22.2035347703897	-1.49657151842491	20.2987684465277	2.7961120703676	1
X2506984	-9.26008034418061	0.669667148237882	-21.8648418801374	-0.692330792038507	1
X2506534	-96.7883195206054	-1.03482051968677	-68.505950617771	-0.668300509202326	1
X2556651	9.38241470806263	0.0892484264187854	-25.1652678767103	2.60380977203894	1
X2502723	14.0440191093723	1.19637931438227	0.668665529309108	12.3705628636868	1
X2574450	-95.6117238768277	-1.81718255316985	-106.87690030972	3.6029454246133	1
X2597886	26.0237390493839	2.04843859567632	22.0072872014916	13.9589415772004	1
X2513712	74.901307475054	-1.20142874158973	61.0339701904407	-5.03694468462929	1
X2511019	18.1169113681435	-0.427995391697047	26.8428384329186	-8.08519874620392	1
X2513814	-28.3465998730541	-1.64614509188691	-9.37865817777537	1.08112291229165	1
X2599296	-51.0501039498563	1.06600187274497	-62.0228447107276	-9.60092925807547	1
X2597875	48.7767851019634	1.80958451169133	44.0758278032015	13.5910774006095	1
X2493106	48.9225829199022	0.440297052453757	19.5997474104852	19.7963510482591	1
X2567254	-53.3669946376026	1.52652022372428	-43.347289642322	9.48825839429511	1
X2518131	4.17987076101757	-0.960835179350401	4.48349770036022	15.8083855543227	1
X2564746	28.3954944638918	-0.0468795063746821	6.51464496829178	-5.37808829189156	1
X2512720	11.8711295652912	-0.652266391093928	17.7271892340147	0.750546307648146	1
X2514960	1.39606213089006	-0.554994104389941	-29.319488630855	-9.64692649722411	1
X2508947	47.388805755206	1.40642700601067	46.8251469353958	4.0196960178971	1
X2490156	16.8713056003558	1.68104718820128	27.2666598143612	5.91928955206255	1
X2590044	-5.4496013669715	-1.57405461940872	7.54234403707549	-3.00506647481723	1
X2494274	-4.0952561937034	-2.5552735139072	6.84577769639977	4.19825538201606	1
X2515704	46.3371576373195	-1.90134139604776	55.4473566466305	9.57913120162818	1
X2515406	-2.29010268032734	-1.62665042575076	22.7852372102152	6.61430721452263	1
X2507708	72.2111513956756	-1.76415666226318	37.9761344491538	10.4179251903559	1
X2490950	12.7873829890127	-1.12024685502381	33.0133953517803	-1.47008333456691	1
X2571763	18.4830999202616	0.43984116425585	38.5469122708098	7.69416598083825	1
X2568283	-28.1933598936496	-1.35045752888166	-58.6728281722128	3.05279629249692	1
X2515682	11.2146074174219	-1.80869589279278	-8.22454498242789	-2.02690228979059	1
X2567398	-17.7267736949764	-0.628670515026481	-16.8916795271683	0.535391888567715	1
X2507564	21.9287636665202	-2.02460165812168	42.4480369283369	8.85723601577925	1
X2507825	-23.9779062237555	0.0154406694251771	-32.514905884843	14.6741520342506	1
X2550717	-14.845388406419	-0.620760730571395	-23.4124582175408	7.04272517721599	1
X2525224	28.9697218471678	-0.700696731298051	-4.59892706912109	6.73649205405199	1
X2519912	-0.463928305177902	1.20045178561847	16.3362984377201	-0.0174660275979718	1
X2525021	13.6643135413704	-0.94145671983029	-2.09632017275649	-0.449869989508382	1
X2567249	-17.0165117677337	2.15288146140423	-17.0642887323807	0.454061542836148	1
X2499020	31.2354442745442	-1.00704152723612	43.0659213707339	1.6762139626173	1
X2513163	47.1434367284853	-1.16912703726477	47.9628266836783	9.36033046059598	1
X2511958	26.9341269958437	-1.65248073626395	47.6909231402239	9.32712737715878	1
X2530943	25.8576381984605	-2.04696448903849	30.9841172909026	10.2647266369951	1
X2522317	-35.8239303838033	0.969685072279576	-41.8128535384379	5.07240521839366	1
X2528853	55.6066161157304	-0.673315602548005	46.7587252065034	3.8741286333053	1
X2490251	13.1913533505965	-2.32814117879515	28.2842204488465	-1.85640866105344	1
X2563684	-19.5684879754347	-1.21561505722266	-16.5269830073706	14.4371971121337	1
X2489908	68.0166913322203	0.507555881986669	104.067249466509	8.78106806535851	1
X2600548	-14.84438755937	-2.43639833249739	-38.7417266552112	19.3554162670589	1
X2507101	-27.7768607048374	-0.371273406377809	1.1303218977334	-0.423068949808191	1
X2507157	12.8550051629222	0.626323374921127	-16.6590721003878	-0.0324914372267393	1
X2510900	-0.051144684997066	-2.92629577992586	2.7228651199633	-2.47524870647973	1
X2507861	55.5916049939868	0.599598113469328	28.5034899789584	20.5202885801779	1
X2501676	-54.8049261823753	-0.504653240756098	-63.8040946100469	8.74880392778674	1
X2508901	24.815221275585	-1.37663708644711	-1.50640920161537	3.3251250843088	1
X2583788	13.6661327592363	-0.149196974584568	13.6586686867907	-8.65053786345459	1
X2513555	35.1906807295412	-0.813246262648223	45.2203671951353	6.97801230462851	1
X2563645	6.14402305173045	-1.78118706604387	21.2766338637397	-8.83216472502362	1
X2503406	12.8740896388278	-1.24551839304446	33.0289016960435	-1.43546695040013	1
X2503686	-76.9375967431411	-0.891349172184061	-58.3823741620628	-0.498601140346789	1
X2490067	37.0909425364307	-2.27476563764908	11.8176649207215	6.908425089868	1
X2509826	25.6898797559972	-1.01317080193639	-2.66885747041316	7.49434543699319	1
X2514974	18.516690960611	1.27490105001233	31.5958640854659	2.77104060082703	1
X2503811	77.0321848633656	-0.953020342938428	69.282067275248	10.313557016128	1
X2521980	-40.2192502316668	-0.792528095325088	-18.2592118620957	14.7952625721173	1
X2521873	22.4891292809012	-0.134255772262659	16.9519780053021	3.48874637308116	1
X2500846	21.0139481650124	-2.16411278824215	22.3306780972025	4.44422557792046	1
X2490684	44.897450595268	-1.80220754789379	34.5600732542659	12.7630379990044	1
X2508502	17.4521387417658	-1.72399195843976	18.6940606235171	3.30849201455041	1
X2508962	-25.0028796311595	0.252873212833726	-9.73620363984729	-8.31166193293176	1
X2513133	20.1156528274755	-1.79019813038814	6.76690538613009	1.79532059296693	1
X2523583	-3.84998503189458	-2.10641976300159	-33.8969906441287	7.07934127450366	1
X2511508	55.8808644216125	-1.49917437619454	67.6083662209251	0.713031469056584	1
X2494137	21.3634423505021	0.318495007168101	16.4105711121529	3.69539087966476	1
X2550742	-55.9223332052984	-0.0285668065463224	-44.2383117799926	-1.20452305010072	1
X2493553	62.1316375140411	1.02434710669914	59.9287247443625	-4.10308503372064	1
X2569676	-25.1750185037394	-1.2552385945179	-41.8944563900996	-2.30481989009266	1
X2598003	28.7756724604548	0.860435686363385	-9.49457378591037	7.83827460369958	1
X2527302	18.2469295941014	-0.718485299447323	14.262592867788	3.47580355042304	1
X2601235	33.3283502438413	-0.323689524436207	36.0182102588319	-0.474696275664034	1
X2513816	61.9409781222643	1.17337558589458	40.3734212098039	13.7679184325984	1
X2490119	39.8268852761471	-1.68451132329601	-9.56845623079164	8.70621945980203	1
X2530437	88.1854951687654	1.33759076079576	70.4456809735381	8.71581258829894	1
X2509152	20.7316842963686	-0.852695028968131	19.6598015811295	9.66463505460351	1
X2491640	-27.9446649352455	-1.76734473480595	-42.0049394364817	2.81754059257254	1
X2502609	24.2843661553267	1.21926977470433	33.8173304626769	-3.91523454618645	1
X2511575	-20.2017136290867	-2.46508736769586	-25.2045159326949	2.2491712316776	1
X2490228	65.0140921118599	-1.3912552137945	56.771807557316	2.66718795615541	1
X2514144	33.6876702205044	-0.869150834862628	54.6751435077074	-5.47507666591335	1
X2503336	3.74841647091217	-2.19401698506731	19.0450285458345	9.3634230848347	1
X2598151	10.9522792396845	0.943120578511477	-12.5494685181038	3.84701325566551	1
X2553745	-26.3959598900314	0.966034960555579	-1.70157452930692	7.28358914864557	1
X2517173	71.3872954103471	-0.558635644915463	47.217461640162	10.5080007425898	1
X2519860	22.8798014504813	-1.99918154095013	33.6183637997276	0.609124982455044	1
X2522821	26.1993034022179	0.981735532044649	33.1670826546521	3.03476786692406	1
X2509204	86.8583862216358	-1.30281822065504	64.0488515148882	1.81137292912523	1
X2503399	6.66421943800529	-1.00150718069671	38.0389113290968	11.0304315591623	1
X2583363	-37.8712916615428	0.486933391722721	-63.5625552565742	14.0331200666401	1
X2494238	24.3487691934013	-2.12622966611315	1.23464629359916	5.11423399989598	1
X2510939	-24.6658842768112	-0.690302821143296	-11.3507150837193	6.26215473350967	1
X2525241	42.3833785454401	-1.15162727174505	13.8330750484966	17.0701545177063	1
X2587102	-12.7014868591817	0.324446901245935	-6.75792915738629	4.75406524840314	1
X2491543	99.250893833156	0.332616405129097	60.7056155150159	5.55022251344505	1
X2503476	64.3918108449238	-1.87530518545097	45.3223199509128	4.50033707122419	1
X2511959	30.8197593357123	-0.463148363410741	12.3532581997526	1.76381375426924	1
X2493606	80.7028538630033	1.89189717245482	64.6253261801235	9.05875138487422	1
X2507551	-2.45056998032274	-0.942759304484008	-9.76347434177258	7.68994041080666	1
X2493688	-9.886874678931	-0.384643636986242	27.8866960807749	6.8058040650859	1
X2516159	80.3285493863771	0.343362380086747	63.7044430095909	-0.192478106242528	1
X2505931	1.80279295441813	-0.523466051577665	-24.8009738618711	4.93176612276001	1
X2599402	-7.12310587596696	-0.365744483651239	17.1355463408671	-7.28303792625253	1
X2502681	17.9196409610556	0.477183475056362	42.852341717345	-2.53784332625796	1
X2510965	32.8588485424865	-1.50793715556868	39.8956841575571	4.74353223308323	1
X2510111	20.2420723882242	0.63169578658611	-3.6150151528228	11.7106187715887	1
X2527096	37.4553000115504	-0.814028732325575	24.0276314817014	7.91038131401982	1
X2511549	-2.48142986464427	-1.93228522960922	15.595157615936	-0.719458286297998	1
X2573923	-93.1144925163485	-1.78227947969479	-63.3722750735236	6.09781398186166	1
X2580059	44.5508100397164	-0.110112607716635	48.2252794668374	5.35831447487539	1
X2493598	20.6339735910636	1.84751379119343	38.8600682847966	0.318618518410497	1
X2576195	-8.7870808234084	1.48846361771009	-15.5687612437828	16.1168134114484	1
X2548824	-56.7845219894416	1.08172203505011	-30.5948037134549	-11.4315147596305	1
X2528562	76.2001584924302	1.44435886895486	65.6035608083072	-0.185031383456603	1
X2571888	4.39941550108122	-1.82222166207274	-19.8079362374564	10.4379093898503	1
X2504937	-15.3825747347333	-0.593893694983464	-32.3586396893161	14.3955161603661	1
X2515391	57.4140822273327	-2.57594693487916	43.5583588579232	1.19887925999421	1
X2490503	16.5999381688766	-1.32613953569271	-11.3837337141626	2.56630029159053	1
X2586882	58.8484277326904	1.65215137644247	43.1828877774723	11.3999267033777	1
X2569532	-42.9647029608383	-1.1598225547012	-53.685044708017	8.73005805499265	1
X2515079	7.44405082590909	-1.12518786161702	23.9711615214818	2.54900030436541	1
X2494406	51.1047947550568	0.624294228191496	50.0062240515224	5.73199995371826	1
X2523287	-31.9740231215837	-1.72168528231291	-26.3069204982265	13.4551288780344	1
X2498921	73.046877176525	0.809954655788225	56.1820154195392	22.8669685880512	1
X2598116	45.7501862613359	1.96029462503016	16.27865465986	3.20189954245179	1
X2515208	79.4186932482158	-0.208019585537725	70.6289782206482	-1.13083561754624	1
X2514153	-4.09532680398512	-1.14168582813397	6.70518548680962	-4.50117985928861	1
X2500527	-41.0907299591245	-0.670370411101441	-8.00740429932974	-4.66193669789595	1
X2515395	13.1347790405739	-1.59184251106359	-2.14369897768195	3.64107053355144	1
X2493747	40.1705555842005	1.15399452011675	16.0142298625495	14.7864325764846	1
X2372186.1	58.0571051898752	-0.397235614009591	31.1557333152378	-6.52135734737982	1
X2341565.1	32.0251063359171	-0.418403532357477	19.033578370936	9.39051197192413	1
X2325951.1	45.9429020197329	1.12224719546383	60.8721041217344	-13.8757675865557	1
X2352287.1	13.5536767730282	-0.447504159842697	-16.8279071210024	9.12710043170359	1
X2352831.1	19.9171536927363	-0.671976023249328	8.4950974245191	11.658791605415	1
X2354843.1	-26.3114029171565	-0.16337902719966	-3.05774673733658	6.05168607316418	1
X2325397.1	-44.9210577169959	-1.62825220863167	-46.5891999469782	3.24766575115444	1
X2356293.1	62.9740370052626	-0.938842789312036	37.3968280096285	0.520651381746818	1
X2264637.1	16.0090482746349	-2.98893692908635	22.4490519751983	-3.04502082413995	1
X2265581.1	-20.5709114741238	-1.22782930718815	-20.7457027127518	-12.3133392136986	1
X2461573.1	-18.7073573184251	2.63219960511548	-10.8542632289433	-13.2729248089765	1
X2487127.1	-42.7312225009503	-0.205815546324602	-26.1117084003323	7.63027615193148	1
X2441762.1	-4.2850569467005	-0.592539959043013	-11.0386545804886	7.34561458465557	1
X2406863.1	-14.824262032818	0.170491618175239	1.00336615595521	1.75675223491685	1
X2456231.1	42.9487866610572	1.91660132901615	76.1298473570187	-10.1732067475346	1
X2417773.1	10.5616831485906	-1.33842203604169	-0.538597455389704	-4.00099711693606	1
X2448107.1	-8.34950894479666	0.148939680227514	-15.9499822426942	-0.523582222703922	1
X2450886.1	-23.8938293694576	0.271719090447509	-33.2567856397342	-1.73695534872108	1
X2433816.1	21.7911902371118	0.533912835988595	10.2657734956915	0.716097373760919	1
X2463120.1	46.3987947398819	-0.435655790506608	55.2764662116633	2.0765544502867	1
X2456195.1	8.60109455055181	0.186228426492225	30.5344373945556	2.24877887311603	1
X2486331.1	2.14477026332535	0.617243184180933	-19.1638550299429	0.756049349692602	1
X2470498.1	46.5673873164969	-0.267975247288154	40.0623685760638	7.22889269724621	1
X2422809.1	-16.2602324092666	0.826673894540403	-14.0096889325242	-4.23540474816787	1
X2484605.1	44.2794844667732	-1.3928386669692	28.5143929751155	8.97503294927607	1
X2487411.1	-83.5244383224635	0.60707206147558	-64.8025054509684	-14.1493599179418	1
X2458297.1	48.4367953979874	1.74583865984942	60.159667872489	-1.65302406487048	1
X2484569.1	9.83814132338679	-0.496674743838476	37.5307985613794	-15.2739566246435	1
X2485334.1	-26.0749218701273	0.840684923096924	-5.35674047471457	-6.73655603273041	1
X2488433.1	-9.18853243985742	-1.05079328207063	-42.5279061793422	7.24672368201548	1
X2485065.1	-0.936750810262065	-0.311423318068979	-21.1229476176812	3.30269525687108	1
X2469540.1	-3.21607197952053	2.61933169313663	-15.6811032809954	4.9237238620624	1
X2488141.1	20.6910292124098	0.127813907083752	6.28688298225218	-8.89746162309059	1
X2469064.1	-42.2032052590654	-0.0927966210110412	-33.4319705049918	-5.55096183425501	1
X2465366.1	-36.8365320826622	0.932739177462983	-28.5603409935887	-5.67419075693681	1
X2462640.1	-0.997573947913519	1.57938757214392	6.9637016100462	-10.8551351588916	1
X2461227.1	-52.5452822418459	2.03408801418753	-27.7706468388355	-3.84638629917562	1
X2462683.1	-7.73794321417032	-0.473154175070092	-3.84104726604905	-16.5132591451926	1
X2453901.1	-15.0140717150286	2.08826366189039	-20.1695137049485	5.70830642489884	1
X2456416.1	9.32181295990791	1.78153839622736	19.8682811364877	0.669481214222367	1
X2486809.1	-42.8044768992967	1.91624572978516	-54.292190872679	-1.72138276794493	1
X2456197.1	25.7072304017088	1.35343190664034	-6.96728467649094	-7.01796822027732	1
X2471277.1	-22.3654353481884	1.81491351783807	-15.9579707190365	0.305521243097947	1
X2462922.1	4.8980898079698	2.79738372406247	-17.6540613381589	-1.45469860118453	1
X2451596.1	-60.6217797994352	-0.00326920939421221	-81.1555035776903	-5.54590728937027	1
X2488605.1	-44.3412099123938	-0.730886140844406	-61.3891069256689	-22.196997484763	1
X2450738.1	-58.7880533690088	1.7402043981264	-47.9159549760173	-12.135385293512	1
X2458215.1	-19.8877922811124	2.3178298810618	-2.156443578129	-11.099060148306	1
X2450220.1	1.63841846859199	-1.33620515753998	-5.94645329372966	2.35525065647035	1
X2458757.1	30.3388682347529	0.116838965763413	26.1456193974107	-2.77197550257786	1
X2457924.1	-23.0941090093249	0.822343905148863	6.44062857271445	-2.40780926166534	1
X2458075.1	-17.0146620083858	-0.764653106324546	-23.4573412008549	-6.6880215283712	1
X2464992.1	42.2829542607078	-0.398235497789962	33.5058849119473	-5.22223336441105	1
X2485924.1	-82.8912328205755	0.718653016308549	-64.3988078293181	-21.0987736090943	1
X2393339.1	-23.9502660808533	0.233475815584169	-45.7595939226586	-4.71338905353125	1
X2458908.1	-19.2764197293525	-0.616551622517085	-42.9460576331738	5.8231855015701	1
X2416182.1	4.86550324837496	0.101916775411711	-9.22278407479908	-6.36589630633133	1
X2448921.1	-51.2246014054863	1.52710305656498	-65.708556653004	-4.4064884480963	1
X2472874.1	-52.3634580157098	-0.601866298513856	-61.5363175005669	7.20445122348069	1
X2460325.1	-37.6437132707976	-0.00525904844752101	-47.0726496480405	1.83925335490351	1
