<Trait>	Trait_1_H2_1	Trait_2_H2_1	Trait_3_H2_1	Trait_4_H2_1	Rep
X2919891	37.6677222242362	2.53497577006924	24.3343603244456	10.7983861297215	1
X2919892	-27.1369451866866	-1.76303403710628	-28.2315027115518	2.85759156197145	1
X2919893	26.7459666367127	3.26243025372397	3.85112996097091	19.6324064220179	1
X2919894	-26.0583497917456	0.0536110683789559	-32.8617174640315	6.74975660390694	1
X2919895	-2.33280399956563	1.84931287504158	-12.4945348286402	8.31241795403302	1
X2919896	-7.51562533968532	0.436195496359185	-29.571407691859	21.6195868558145	1
X2919897	11.1016126076899	-0.0344493707414224	6.1293418540143	5.00672012441696	1
X2919898	13.9635809529225	3.26243025372397	1.8411775008892	8.85997319830954	1
X2919899	-17.8535982094211	-2.67572870565372	-16.4889827219187	1.31111321815141	1
X2919900	9.85865305196131	2.61938808883045	-4.21294560234174	11.4522105654726	1
X2919901	20.3235408339017	1.84931287504158	9.19048842339198	9.28373953546838	1
X2919902	8.93957027259062	0.739038024194741	1.68446187353125	6.51607037486465	1
X2919903	0.859031066653387	1.84931287504158	-4.45559102546346	3.46530921707517	1
X2919904	-17.1322380846908	1.84931287504158	-23.4175918159142	4.43604085618182	1
X2919905	-7.25211501765858	0.472077651173961	-14.1267285833153	6.4025359144827	1
X2919906	12.3263364106143	0.739038024194741	6.74302992725291	4.84426845916658	1
X2919907	26.6623509294265	3.26243025372397	15.8643758602264	7.5355448154765	1
X2919908	2.20525287947242	0.2234313224906	0.679969154279185	1.30185240270259	1
X2919909	-7.6563733797847	1.84931287504158	-20.7113476484691	11.2056613936426	1
X2919910	-7.15453335351176	3.26243025372397	-21.4677037337313	11.0507401264955	1
X2919911	-23.935307065066	0.704329874456664	-26.1622334430718	1.52259650354921	1
X2919912	-25.1370053770137	1.164479121521	-33.3504879853948	7.04900348686013	1
X2919913	64.7101389049667	-0.237379415462162	66.0518441405591	-1.10432582013022	1
X2919914	40.2973621209369	-1.21072833991712	48.7788371833981	-7.27074672254409	1
X2919915	41.8808115308688	-1.21072833991712	50.8667089659697	-7.77516909518389	1
X2919916	-8.71577163250136	-1.21072833991712	0.495078178376453	-8.00012147096064	1
X2919917	10.811088214634	-1.21072833991712	8.50200670930301	3.51980984524794	1
X2919918	6.06989334581296	0.704329874456664	-10.1504244193265	15.5159878906829	1
X2919919	17.0959120420531	-0.371236826652096	20.1931892491842	-2.72604038047917	1
X2919920	-4.27571771133757	0.0536110683789559	-5.83742495004292	1.50809617032639	1
X2919921	2.44639279472238	-0.111778250613643	5.92595047060711	-3.36777942527109	1
X2919922	-6.78003305789766	-0.481308844604059	-1.34180975328114	-4.9569144600124	1
X2919923	22.0064580703433	0.312461905757786	22.2490723633085	-0.555076198722997	1
X2919924	-14.5174071384059	0.739038024194741	-22.6479946613397	7.39154949873909	1
X2919925	-12.7687714632926	-2.59527700107206	-6.89607835389693	-3.27741610832363	1
X2919926	31.4528114506217	-2.34842226515084	33.3701731116258	0.431060604146691	1
X2919927	40.5459228024534	-1.21072833991712	50.6642141567587	-8.90756301438815	1
X2919928	-2.10780778655825	-0.177006160881384	-0.412927005281716	-1.51787462039513	1
X2919929	32.991273308828	0.0536110683789559	34.6727711744504	-1.73510893400137	1
X2919930	6.55677650291707	-0.111778250613643	8.47985776525868	-1.81130301172812	1
X2919931	0.776675651389041	0.739038024194741	-4.58788227686802	4.62551990406234	1
X2919932	3.56983843351506	-1.3872064812412	1.31324730617092	3.64379760858519	1
X2919933	18.8252269512677	-1.21072833991712	13.7830898558713	6.25286543531376	1
X2919934	3.81734943890349	0.739038024194741	5.47457237012797	-2.39626095541906	1
X2919935	29.0453319580152	0.704329874456664	20.1152927817772	8.22570930178121	1
X2919936	2.46818133389391	0.704329874456664	3.36866518889284	-1.60481372945566	1
X2919937	21.6255737226871	0.704329874456664	18.0023995320363	2.91884431619402	1
X2919938	-13.754883359078	0.739038024194741	-13.9965857988524	-0.497335584420281	1
X2919939	27.3084381641783	-2.61003311069743	37.6577767987545	-7.7393055238788	1
X2919940	-1.36668231017151	-2.59527700107206	8.68011851388381	-7.45152382298316	1
X2919941	36.5473002873697	1.164479121521	44.6633102637654	-9.28048909791678	1
X2919942	-0.597079616734646	-1.76303403710628	3.89042226713871	-2.72446784676708	1
X2919943	-2.5562027850014	0.369469757907583	-5.33518284856331	2.40951030565449	1
X2919944	26.3296492078587	0.644732827937006	36.9914018959853	-11.3064855160639	1
X2919945	5.56490246233122	0.739038024194741	2.6094880771675	2.21637636096898	1
X2919946	1.22432145890574	0.472077651173961	-5.96986195528826	6.72210576302016	1
X2919947	-18.9936384677267	-3.37618338922177	-5.75259024943848	-9.86486482906644	1
X2919948	44.7739329295488	0.553496146881216	51.0267010193761	-6.80626423670864	1
X2919949	30.1946369395743	-3.71275500202672	37.421873360536	-3.5144814189351	1
X2919950	14.6844087993477	-2.61003311069743	23.2653307516482	-5.97088884160303	1
X2919951	-30.8165753050081	1.00232190329356	-33.8775645846048	2.05866737630308	1
X2919952	27.4991488024348	-0.364855514416049	34.9927474581972	-7.12874314134629	1
X2919953	-1.65044999807895	1.84931287504158	-10.0394517678602	6.53968889473959	1
X2919954	-3.36634547880142	-3.03545886918441	5.62640878941981	-5.95729539903676	1
X2919955	-8.204592850018	-4.88076754075845	4.66342476643764	-7.98725007569705	1
X2919956	-9.15856316478794	-0.905157572693656	-4.75260174992646	-3.50080384216779	1
X2919957	-6.92641608248889	-2.59527700107206	3.57598528343782	-7.90712436485466	1
X2919958	-14.8539457342493	1.00232190329356	-13.401039529597	-2.45522810794582	1
X2919959	2.52550707705589	-0.36854860412688	0.428722665400443	2.46533301578238	1
X2919960	-3.9855191078701	-0.169008351546822	-6.18498603581855	2.36847527949533	1
X2919961	-10.5425414176182	0.739038024194741	-16.4833581239251	5.20177868211221	1
X2919962	-2.18459907692622	-2.37111020157141	8.76028420240086	-8.5737730777556	1
X2919963	-13.3116048055486	-3.90536798224628	-3.41949769421542	-5.98673912908685	1
X2919964	-58.8223779308266	-2.6247892203228	-47.321463914765	-8.87612479573876	1
X2919965	6.25157105915416	-0.36854860412688	6.42203840008418	0.198081263196896	1
X2919966	-12.4762227874452	0.739038024194741	-14.2140334110644	0.998772599424562	1
X2919967	-4.92483373257534	1.58985429900312	-20.3331092233036	13.8184211917252	1
X2919968	2.86752603054926	-0.0344493707414224	0.211540611047241	2.69043479024347	1
X2919969	-13.3789595515634	1.84931287504158	-17.565754811434	2.33748238482902	1
X2919970	5.02024975438147	3.26243025372397	-12.3002394961075	14.0580589967649	1
X2919971	-14.3076197628265	-0.0344493707414224	-13.3655974596489	-0.907572932436112	1
X2919972	-9.44262224668582	0.475770740884792	-13.7306386006038	3.81224561303315	1
X2919973	17.8991143167984	1.12854764265097	3.07826215119706	13.6923045229505	1
X2919974	-3.47079419957313	3.90547241861749	-13.610042304572	6.23377568638138	1
X2919975	11.0434776689606	3.26243025372397	-8.1624351082576	15.9434825234939	1
X2919976	-15.9684187090106	0.472077651173961	-21.3064232590012	4.86592689881672	1
X2919977	-1.42147252706804	2.53497577006924	-10.4803921993663	6.52394390222892	1
X2919978	37.7102189132153	2.32072096380514	29.5613982301782	5.82809971923206	1
X2919979	31.4352765925592	1.23092253159444	25.733957840819	4.47039622014581	1
X2919980	-11.2715625416895	1.58985429900312	-15.3051968452013	2.44378000450861	1
X2919981	-0.499451654756143	0.704329874456664	7.83218839554697	-9.03596992475972	1
X2919982	34.7753167200682	-0.371236826652096	43.6046002331965	-8.45804668647627	1
X2919983	-7.37869893299018	-0.481308844604059	-4.26650031437271	-2.63088977401336	1
X2919984	13.5250459476824	-0.18462710597311	16.3985352270962	-2.68886217344084	1
X2919985	16.7580695986567	-1.21072833991712	24.6708348497096	-6.70203691113584	1
X2919986	-9.44187496552136	-0.371236826652096	-3.39412645917178	-5.67651167969741	1
X2919987	3.48656257472977	1.5125254191309	-2.30499784500465	4.27903500060353	1
X2919988	5.96371206532761	-0.582325825656443	3.35484022815484	3.19119766282917	1
X2919989	13.9616054502727	-0.371236826652096	16.5066869921368	-2.17384471521195	1
X2919990	6.4863671749912	0.739038024194741	7.71273264669923	-1.96540349590295	1
X2919991	-20.8023794837116	1.58985429900312	-26.8565981896675	4.46436440695284	1
X2919992	18.7291897800707	-0.364855514416049	29.052839511492	-9.95879421700528	1
X2919993	-0.466917359676259	-0.50509423784203	-3.99939436641414	4.03757124458002	1
X2919994	-1.86326792657324	0.739038024194741	-3.11450716280416	0.512201212036215	1
X2919995	41.8179410307646	-0.371236826652096	44.091660848411	-1.90248299099442	1
X2919996	2.74537739394454	-0.111778250613643	3.66081084832936	-0.803655203771298	1
X2919997	5.59631460237426	-0.0344493707414224	4.34456480678129	1.28619916633435	1
X2919998	28.9549280923265	-1.3872064812412	30.5692904095	-0.227155835932524	1
X2919999	20.1714165533676	-3.42751996503784	23.7913226026527	-0.192386084247205	1
X2920000	-37.4481007098362	0.739038024194741	-39.0633661165658	0.876227382534857	1
X2920001	-0.506530584203844	0.704329874456664	-4.6095449962022	3.39868453754172	1
X2920002	25.7819068719613	-0.486485006826965	31.4937917223052	-5.22539984351704	1
X2920003	-5.39477092626666	0.739038024194741	-7.22898884141166	1.09517989095025	1
X2920004	3.63784301687893	-0.111778250613643	0.217181769581373	3.53243949791117	1
X2920005	-16.5907062215506	0.704329874456664	-23.3708727112352	6.07583661522794	1
X2920006	-27.032355122322	0.739038024194741	-21.5842614168004	-6.18713172971626	1
X2920007	-9.94986682640451	0.739038024194741	-14.0366066128243	3.34770176222501	1
X2920008	25.4781116901718	-1.22540652609709	35.2040437201595	-8.50052550389049	1
X2920009	9.84509174641099	-0.0344493707414224	8.04615959849452	1.83338151865796	1
X2920010	5.20033261577724	0.638155396571705	-0.490116077652957	5.05229329685844	1
X2920011	22.4567027670461	-4.50985431528096	34.3343277046387	-7.36777062231173	1
X2920012	26.5962569030837	-2.75046780661138	33.7064092283083	-4.35968451861327	1
X2920013	2.95435110558228	-2.80884415244585	22.6264200033076	-16.8632247452797	1
X2920014	22.7747999884418	-2.31192932079422	30.8342499907475	-5.74752068151138	1
X2920015	55.2972818943003	-1.4777990001174	61.4025876955672	-4.62750680114937	1
X2920016	-31.0210719872428	-1.8438828321731	-31.418320895254	2.24113174018439	1
X2920017	20.1174462333888	-3.42751996503784	33.4382934038093	-9.89332720538283	1
X2920018	-2.40295127938396	-1.06689729744027	-3.22761331532731	1.89155933338367	1
X2920019	20.2477520516349	-1.4777990001174	24.367243500665	-2.64169244891276	1
X2920020	4.88524040014734	-2.14175456826079	13.7266081463007	-6.69961317789266	1
X2920021	10.7755803128896	-4.6363819238992	26.8952660084475	-11.4833037716589	1
X2920022	-16.5175445624322	-1.06689729744027	-16.2230932090337	0.772445944041809	1
X2920023	-21.3396148621791	-2.61003311069743	-19.6204329759761	0.890851224494419	1
X2920024	-9.3348709658362	0.704329874456664	-10.88187335227	0.842672511977152	1
X2920025	35.9470217334016	0.739038024194741	42.775631565462	-7.56764785625524	1
X2920026	9.00216812975035	0.704329874456664	11.6190604983397	-3.32122224304595	1
X2920027	9.88001826325984	-2.31192932079422	10.3964102745316	1.79553730952256	1
X2920028	25.4699858026633	-1.3872064812412	25.3482722541925	1.50892002971219	1
X2920029	44.2314215969982	-1.3872064812412	45.5140568968322	0.104571181407075	1
X2920030	-13.6895911175749	-1.06689729744027	-8.32600997795755	-4.29668384217703	1
X2920031	-3.00721966295149	-1.06689729744027	7.31603064558535	-9.25635301109649	1
X2920032	47.8942234447985	-1.47466498407573	50.2921451824491	-0.923256753575039	1
X2920033	9.19688837150959	0.436195496359185	19.6007162924519	-10.8400234173015	1
X2920034	-3.22544868610242	-2.52563424079209	2.73316753638478	-3.43298198169506	1
X2920035	-2.8121336056513	-2.59527700107206	9.34630682011437	-9.5631634246935	1
X2920036	-2.53104839716485	3.26243025372397	-7.46061883650277	1.66714018561382	1
X2920037	5.01053577550343	-2.10290921714967	9.04098305749211	-1.92753806483911	1
X2920038	36.1271660115379	-0.0168470228243587	41.3792645771432	-5.23525154278086	1
X2920039	-17.5868562561429	0.858987634201105	-21.0462726711163	2.60042878077229	1
X2920040	-5.32626877264332	-2.61003311069743	6.06049502967534	-8.77673069162117	1
X2920041	27.2869944845064	2.94833007001584	25.5481149183401	-1.20945050384943	1
X2920042	18.2052006148245	-4.88103022862133	24.7917359242385	-1.70550508079275	1
X2920043	-13.4848865433276	-3.51075950346481	-1.78416696255731	-8.18996007730544	1
X2920044	0.459440118678216	-2.59527700107206	12.3444861968525	-9.28976907710225	1
X2920045	30.4078188954424	0.472077651173961	25.1461489476046	4.78959229666381	1
X2920046	12.0716372591446	-0.00592605240539035	12.409487200568	-0.331923889018035	1
X2920047	-32.2623346687048	-1.58839977240403	-30.8993745039393	0.22543960763847	1
X2920048	-6.15158869494199	-2.59527700107206	3.06937391237117	-6.62568560624102	1
X2920049	5.04952424925119	0.475770740884792	3.97838067384676	0.595372834519524	1
X2920050	3.11535616939126	-0.371236826652096	5.67057655590233	-2.18398355985894	1
X2920051	5.21374633507006	0.644732827937006	3.17108198259729	1.3979315245358	1
X2920052	-2.72178737012578	0.739038024194741	-11.6189882744662	8.15816288014569	1
X2920053	10.2716372137064	-0.237379415462162	9.14149437721637	1.36752225195216	1
X2920054	32.5628040318045	-1.40025610720334	41.1696050802337	-7.20654494122604	1
X2920055	17.9512847966486	0.735969508992796	4.94756515140069	12.267750136255	1
X2920056	6.43115318307433	0.739038024194741	0.235848778943236	5.45626637993635	1
X2920057	-1.75809138663143	-0.371236826652096	4.19571501224067	-5.58256957221987	1
X2920058	34.4199675845147	-3.42751996503784	47.04873080992	-9.20124326036741	1
X2920059	33.6770470364383	-0.371236826652096	29.3042497758138	4.74403408727644	1
X2920060	16.6612384145555	-1.21072833991712	22.2177958596999	-4.34582910522745	1
X2920061	14.3432650632175	-0.0344493707414224	16.1075401003033	-1.72982566634444	1
X2920062	29.4913806340671	-0.364855514416049	36.6939439047266	-6.83770775624356	1
X2920063	-27.4626138944157	-0.111778250613643	-36.8384237528993	9.4875881090973	1
X2920064	-27.1296901538778	0.749008700279275	-28.3095885508452	0.430889696688263	1
X2920065	15.1818701403345	0.495695497264988	23.1029138289939	-8.41673918592444	1
X2920066	13.1623705631233	-0.50509423784203	14.6872523831111	-1.01978758214574	1
X2920067	21.0264568230755	0.858987634201105	25.6665713197151	-5.49910213084055	1
X2920068	31.2521593896746	0.755786538639526	31.6718877889695	-1.17551493793451	1
X2920069	10.3248471889553	1.84931287504158	7.68221230707201	0.793322006841825	1
X2920070	11.816357941494	-0.0344493707414224	15.7786069383517	-3.92779962611625	1
X2920071	19.2505403160598	1.164479121521	11.8228531462387	6.26320804830019	1
X2920072	19.306341541539	0.739038024194741	21.6912373159104	-3.12393379856642	1
X2920073	37.2458181295752	2.53497577006924	39.0102962025752	-4.29945384306938	1
X2920074	-15.8600115541253	1.58985429900312	-17.6075067153443	0.157640862215974	1
X2920075	2.92905956906114	-0.0344493707414224	5.17026323115868	-2.20675429135607	1
X2920076	-7.72777896346238	-0.0344493707414224	-6.86681078981314	-0.826518802907714	1
X2920077	30.0898862716393	1.58985429900312	29.9661349913026	-1.46610301866622	1
X2920078	5.00824818742224	0.369469757907583	10.5702517346267	-5.93147330511174	1
X2920079	38.6547790986128	0.739038024194741	34.6617907987066	3.25395027571141	1
X2920080	1.55533206682033	1.84931287504158	-3.1328013770062	2.838820568785	1
X2920081	26.0402071826677	-0.0344493707414224	30.0419789603957	-3.96732240698671	1
X2920082	-14.6307100885986	0.0536110683789559	-19.207238148148	4.52291699117048	1
X2920083	37.8448753364651	-0.0344493707414224	35.3162709658613	2.56305374134523	1
X2920084	24.8614540823607	-0.641786563521363	34.2612853106137	-8.75804466473164	1
X2920085	-16.0246013806105	-0.631815887436829	-10.7087420519016	-4.68404344127202	1
X2920086	-47.3847218757035	-0.091836898444575	-45.5308502636079	-1.76203471365104	1
X2920087	9.56003863109278	-1.22540652609709	14.6739774637519	-3.88853230656201	1
X2920088	-34.9371545119717	-2.6247892203228	-25.0166301795358	-7.29573511211307	1
X2920089	13.8456468348905	0.739038024194741	7.27774645142075	5.82886235927487	1
X2920090	9.17593797845203	-1.82395346724353	19.1209161164394	-8.12102467074404	1
X2920091	-2.86459782347885	0.0536110683789559	2.86251114815663	-5.78072004001436	1
X2920092	-37.6354363723768	0.739038024194741	-39.8457440738535	1.47126967728188	1
X2920093	-28.9471492253352	-0.36854860412688	-19.9942791617202	-8.58432145948803	1
X2920094	-6.28377635516011	0.153345150013793	-2.05734473101104	-4.37977677416281	1
X2920095	30.2478839303296	-0.358474202180003	37.7347180355711	-7.12835990306164	1
X2920096	4.48227457013292	-0.92788637568395	15.760959663558	-10.3507987177414	1
X2920097	15.0208889104846	1.84931287504158	14.2950111998071	-1.12343516436399	1
X2920098	17.8573158342685	0.436195496359185	18.9769289386247	-1.55580860071544	1
X2920099	-5.03896857480552	-1.22540652609709	-5.27519990610628	1.46163785739787	1
X2920100	55.3956755180611	0.739038024194741	57.3675141030989	-2.71087660923263	1
X2920101	0.627645387249864	0.739038024194741	-3.8646984501073	3.75330581316244	1
X2920102	19.0744157170213	1.58985429900312	10.0855643728931	7.39899704512517	1
X2920103	15.6895159878212	1.5125254191309	8.12961660141558	6.04737396727459	1
X2920104	31.9336761846914	0.436195496359185	13.6508903764528	17.8465903118794	1
X2920105	32.7626603560565	-0.111778250613643	34.6676335546495	-1.79319494797938	1
X2920106	6.71259651796129	-0.111778250613643	17.8316226466528	-11.007247878078	1
X2920107	-3.08640243691107	1.5125254191309	-10.3880817211219	5.78915386507999	1
X2920108	-17.3499769242291	1.5125254191309	-23.226714113797	4.36421177043717	1
X2920109	23.9125813460919	1.58985429900312	14.2399157001027	8.08281134698611	1
X2920110	11.9695043975501	0.436195496359185	10.9884183079979	0.544890593192899	1
X2920111	-2.12821280266897	-0.610133651233991	-3.30267605275318	1.78459690131818	1
X2920112	10.4324961509907	0.0536110683789559	12.2483918652922	-1.86950678268049	1
X2920113	-14.1470201028134	3.26243025372397	-26.821121545709	9.4116711891717	1
X2920114	35.2454601228184	-1.3872064812412	35.9349790644719	0.697687539587852	1
X2920115	-2.60037930338132	-0.111778250613643	6.77178590449413	-9.26038695726182	1
X2920116	4.71683157466289	-1.47466498407573	3.59585471076774	2.59564184797087	1
X2920117	22.6538197441234	-0.237379415462162	21.7816026095179	1.10959655006761	1
X2920118	27.3624929713362	-1.21072833991712	35.8925183893573	-7.31929707810395	1
X2920119	-4.49998696101019	-0.0344493707414224	-5.95572642398123	1.49018883371252	1
X2920120	-31.4371160291326	-0.56928423110436	-18.0207488559906	-12.8470829420376	1
X2920121	-54.9328568316019	-0.92788637568395	-46.3668842489852	-7.63808620693271	1
X2920122	-31.8620538444291	-0.237379415462162	-29.6647808247555	-1.95989360421142	1
X2920123	-12.9847286466097	1.84931287504158	-17.2876998503062	2.45365832865498	1
X2920124	0.156456715330492	2.53497577006924	0.577444137512217	-2.95596319225062	1
X2920125	36.9283380422934	-0.641786563521363	45.4010701791458	-7.83094557333098	1
X2920126	-1.57907564820042	-0.0344493707414224	3.68604147563098	-5.23066775308991	1
X2920127	16.5811608519731	-0.292088128802624	10.6351040309007	6.23814494987529	1
X2920128	-11.7451681616943	-0.364855514416049	-9.794450694083	-1.58586195319524	1
X2920129	-16.6565668600874	-0.364855514416049	-10.7751585269624	-5.51655281870887	1
X2920130	20.8912678161815	0.436195496359185	26.5742415970428	-6.1191692772204	1
X2920131	-4.5684627707959	0.704329874456664	-15.0919862410727	9.81919359582006	1
X2920132	24.4630097777037	-0.0344493707414224	31.6547367800698	-7.15727763162474	1
X2920133	11.2054159015192	-1.21072833991712	2.56841401898407	9.84773022245208	1
X2920134	33.175494988973	0.23560445589045	31.4681159685665	1.47177456451598	1
X2920135	5.75161655227331	1.84931287504158	-1.62462369565533	5.52692737288682	1
X2920136	12.5125865781409	1.16364998001391	8.79023607156488	2.55870052656217	1
X2920137	21.4801887237517	2.61938808883045	12.5114068856717	6.34939374924987	1
X2920138	-19.3208274911871	-2.59527700107206	-12.52209282606	-4.20345766405494	1
X2920139	6.09080391784582	0.704329874456664	4.62693320649958	0.759540836889415	1
X2920140	9.72973843651272	1.84931287504158	2.44820216756872	5.43222339390231	1
X2920141	-8.68985864218139	-1.76303403710628	-4.94144993221822	-1.98537467285694	1
X2920142	-0.668526054614596	1.16364998001391	-2.38229026615095	0.55011423152243	1
X2920143	-9.17086029268658	1.5125254191309	-11.9047235630837	1.22133785126612	1
X2920144	-17.1313008920022	1.16364998001391	-21.5950744531687	3.30012358115264	1
X2920145	-9.73162681302708	-0.111778250613643	-16.4486550629959	6.82880650058244	1
X2920146	25.8037812762569	2.61938808883045	15.9040860296556	7.28030715777101	1
X2920147	-26.0541569886191	2.61938808883045	-26.5483765392173	-2.12516853823222	1
X2920148	3.75077477333235	0.739038024194741	-2.31260735369113	5.32434410282881	1
X2920149	-13.0264285958257	1.16364998001391	-22.4875823191919	8.29750374335225	1
X2920150	25.6281311958536	0.704329874456664	13.6485258182315	11.2752755031654	1
X2920151	-1.52937542114995	0.472077651173961	-2.81781924587482	0.816366173550904	1
X2920152	29.2729099425547	1.84931287504158	23.9146755377505	3.50892152976272	1
X2920153	17.1746422226854	2.61938808883045	2.31196356249099	12.243290571364	1
X2920154	-16.496659773808	1.5125254191309	-20.4950127253241	2.48582753238512	1
X2920155	-0.772975622948636	1.58985429900312	0.276501897376519	-2.63933181932824	1
X2920156	28.5108378050174	-0.371236826652096	30.8227392677661	-1.94066463609676	1
X2920157	35.7941822379986	0.739038024194741	37.6780133810977	-2.622869167294	1
X2920158	22.9221601836661	-0.371236826652096	25.4974339520178	-2.20403694169958	1
X2920159	-9.49741842276705	-0.364855514416049	3.49140999397452	-12.6239729023255	1
X2920160	-3.30536221931721	-0.92788637568395	5.06164435042206	-7.43912019405528	1
X2920161	2.50097032823953	-0.0809211956701024	6.96562177614169	-4.38373025223214	1
X2920162	-24.8372588122677	-0.111778250613643	-19.7126240535901	-5.01285650806388	1
X2920163	20.6076234505865	-0.371236826652096	21.4671576205296	-0.488297343291135	1
X2920164	20.4362628537302	-2.37361686537156	33.3371975794102	-10.5273178603086	1
X2920165	14.0904166810681	-0.371236826652096	22.8288619474854	-8.36720843976524	1
X2920166	-15.8356904308471	0.739038024194741	-22.3972344874217	5.82250603237982	1
X2920167	13.1633943494923	-0.641786563521363	25.373036042928	-11.5678551299142	1
X2920168	6.2072034774145	-1.56368462256528	16.6987032473948	-8.9278151474152	1
X2920169	-11.4318724851136	1.58985429900312	-14.8697054670651	1.84797868294837	1
X2920170	37.0344527310402	-0.319537893269128	34.8565610003	2.49742962400926	1
X2920171	18.7678268501788	1.84931287504158	8.08688966911966	8.83162430601749	1
X2920172	-6.69256152672448	0.858987634201105	-5.16976360908108	-2.38178555184442	1
X2920173	-8.97426041820975	-1.47466498407573	-7.59657261835056	0.0969771842165263	1
X2920174	30.450144980739	1.84931287504158	16.8602909066424	11.7405411990547	1
X2920175	-9.22240509005911	1.164479121521	-16.8169432699117	6.43005905833162	1
X2920176	3.73184888268631	0.739038024194741	3.98186572720571	-0.989054868714149	1
X2920177	-14.9341531334421	0.0536110683789559	-15.4976317788272	0.5098675770062	1
X2920178	-14.605860252094	0.858987634201105	-15.0962534157219	-0.36859447057324	1
X2920179	-19.4912432572076	0.739038024194741	-18.0386825514155	-2.19159872998679	1
X2920180	7.98726237442256	3.26243025372397	-7.08577457189735	11.8106066925959	1
X2920181	-6.02432860855528	1.58985429900312	-10.6061107371788	2.99192782962036	1
X2920182	19.2022933334304	2.53497577006924	11.8964860578093	4.77083150555187	1
X2920183	21.5583243208937	1.84931287504158	6.32390705099842	13.3851043948538	1
X2920184	-4.35232914450151	2.32072096380514	-14.3945746586026	7.72152455029594	1
X2920185	9.99612827317526	1.84931287504158	2.1506094841053	5.99620591402842	1
X2920186	10.6719520618421	1.164479121521	9.35590743323794	0.151565507083217	1
X2920187	3.90069352383915	2.53497577006924	-5.0524901532191	6.41820790698903	1
X2920188	26.2186812071346	1.53386730742603	21.4982521437013	3.18656175600731	1
X2920189	29.9190300618884	3.26243025372397	13.621167244197	13.0354325639673	1
X2920190	-3.04628501999873	0.472077651173961	-8.21978482486752	4.7014221536947	1
X2920191	-20.1949790832548	-0.0344493707414224	-20.7822357994792	0.621706086965869	1
X2920192	-1.20606662532314	0.0536110683789559	-2.22345197450765	0.963774280805665	1
X2920193	2.60440102236038	-1.76303403710628	-0.438205293242625	4.80564035270931	1
X2920194	-8.91264185651011	-0.371236826652096	-6.24304421458677	-2.29836081527117	1
X2920195	11.4511263302771	0.739038024194741	9.14133586157556	1.57075244450661	1
X2920196	-21.0304870514286	-0.111778250613643	-20.4446097980435	-0.474099002771479	1
X2920197	-23.5697551796298	0.739038024194741	-25.1845913673311	0.875798163506545	1
X2920198	6.90095075074733	-0.50509423784203	5.97452130339187	1.4315236851975	1
X2920199	7.27876188058016	-2.94967194782941	10.6706328494539	-0.442199021044197	1
X2920200	31.2402889365135	-0.237379415462162	31.8635047752107	-0.385836423235157	1
X2920201	14.3597320519659	0.704329874456664	-1.60672736209996	15.2621295396091	1
X2920202	5.79430228438642	0.436195496359185	8.80912515494187	-3.45101836691469	1
X2920203	1.76572882613729	-0.0344493707414224	4.05657022049988	-2.25639202362111	1
X2920204	-35.9678910099271	0.739038024194741	-45.0274834982431	8.32055446412123	1
X2920205	-16.0088096138226	-0.589712005078104	-11.5162612373425	-3.90283637140196	1
X2920206	7.06255027428814	0.079987032892165	13.524541735374	-6.5419784939781	1
X2920207	42.6734646875501	-0.292088128802624	36.8541586827844	6.11139413356846	1
X2920208	5.14262981798396	-0.92788637568395	8.97589524149888	-2.90537904783085	1
X2920209	26.9122116545353	-0.111778250613643	22.6451268171865	4.37886308796233	1
X2920210	-10.7368863732224	-0.0344493707414224	-19.569172407531	8.86673540505007	1
X2920211	-37.9236555365961	-2.31192932079422	-30.5043166435259	-5.1074095722759	1
X2920212	-1.63937562175942	-0.0168470228243587	3.0899213648769	-4.71244996381186	1
X2920213	-2.60260561169692	1.00232190329356	-4.09335713434929	0.488429619358744	1
X2920214	-37.3458447983332	-0.0581666009456399	-34.4930564925531	-2.79462170483438	1
X2920215	-31.4645906895174	-1.28524755663874	-17.0618366211167	-13.117506511762	1
X2920216	-7.42324377848176	-0.641786563521363	-4.70721669974569	-2.07424051521457	1
X2920217	-10.7540114420492	0.472077651173961	-8.0691275459967	-3.15696154722641	1
X2920218	-3.50986864097025	-0.589712005078104	-9.85024463925392	6.9300880033619	1
X2920219	-19.7173419120791	-0.589712005078104	-15.4481850172524	-3.67944488974863	1
X2920220	8.21701218322123	-1.76303403710628	19.639406383067	-9.65936016273947	1
X2920221	-2.1363671941378	-0.364855514416049	3.9256342279413	-5.69714590766292	1
X2920222	30.8839493229869	-0.111778250613643	36.2746361184043	-5.27890854480394	1
X2920223	30.0369905448817	-0.92788637568395	39.7582274505497	-8.79335052998413	1
X2920224	25.9420737760626	-0.589712005078104	26.7051815915516	-0.17339581041105	1
X2920225	24.9213808314899	-0.111778250613643	34.0051091354064	-8.97195005330291	1
X2920226	11.9019946454394	-0.177006160881384	19.1683867866655	-7.08938598034488	1
X2920227	3.1525662112697	-0.111778250613643	6.1479178665224	-2.88357340463908	1
X2920228	30.7913231343061	-1.3872064812412	41.0244113086432	-8.84588169309613	1
X2920229	0.470411252621432	-0.36854860412688	3.70989407927023	-2.87093422252191	1
X2920230	2.10549886191073	-3.37618338922177	22.0131920812826	-16.5315098301501	1
X2920231	27.9551119434935	-1.21072833991712	30.7508312045951	-1.58499092118465	1
X2920232	-4.54696816069462	0.436195496359185	3.24032931952221	-8.22349297657603	1
X2920233	24.4541976206329	-0.589712005078104	28.6972338196416	-3.65332419393054	1
X2920234	52.9845709482498	-1.40025610720334	65.0864413072392	-10.7016142517861	1
X2920235	-21.7888220754643	-0.589712005078104	-20.229908296884	-0.969201773502142	1
X2920236	-6.48566173818372	-0.111778250613643	-1.53145713249586	-4.84242635507415	1
X2920237	10.0915949816969	-0.92788637568395	21.2161473324597	-10.1966659750791	1
X2920238	19.543000368139	0.704329874456664	18.3528693293342	0.485801164347897	1
X2920239	40.2846178439861	-2.94967194782941	56.2094196363949	-12.9751298445796	1
X2920240	-3.62176267581317	0.704329874456664	-10.8480578491108	6.52196529884089	1
X2920241	-15.3909221355541	0.0536110683789559	-16.3641467217724	0.919613517839363	1
X2920242	-13.0648199269805	1.16364998001391	-11.1067347299597	-3.12173517703474	1
X2920243	4.29704393462988	0.739038024194741	-2.04329571574414	5.60130162617927	1
X2920244	6.09000702129231	0.201342180650229	6.89607536126625	-1.00741052062424	1
X2920245	-18.4051186988105	0.704329874456664	-14.8650692439256	-4.24437932934158	1
X2920246	-11.7224198772819	0.704329874456664	-17.5748524375468	5.1481026858082	1
X2920247	-13.5331854809833	0.704329874456664	-13.1348452259565	-1.10267012948352	1
X2920248	-23.7169291463507	-0.177006160881384	-24.9173032269318	1.3773802414625	1
X2920249	6.27210369619179	-0.111778250613643	-1.46891071865895	7.85279266546439	1
X2920250	-11.6160115807714	-0.111778250613643	-24.3345363020426	12.8303029718849	1
X2920251	0.597828333364163	-1.06689729744027	-5.00586236725977	6.67058799806419	1
X2920252	1.13797574282938	0.472077651173961	-0.613187028842319	1.27908512049769	1
X2920253	7.14453771286692	1.84931287504158	-3.82288447983972	9.118109317665	1
X2920254	-11.7579917475442	1.84931287504158	-12.4625052427257	-1.14479937986007	1
X2920255	-5.00934754815921	1.16364998001391	-15.1416944580932	8.96869692992005	1
X2920256	-10.9922475950555	0.704329874456664	-20.0233870959703	8.32680962645818	1
X2920257	-0.776033318928114	3.26243025372397	-9.64726980675298	5.60880623410078	1
X2920258	-1.74536926620314	-0.177006160881384	-10.9305440474433	9.36218094212143	1
X2920259	13.7938926247307	1.16364998001391	2.23781564365145	10.3924270010653	1
X2920260	12.6941977388033	3.26243025372397	-7.93814483197944	17.3699123170589	1
X2920261	-14.103249533905	0.704329874456664	-15.2929424591549	0.485363050793246	1
X2920262	-26.1178904723616	1.84931287504158	-40.6414640778766	12.6742607304735	1
X2920263	-19.7864295323044	0.470056281062823	-21.8646324955778	1.60814668221062	1
X2920264	-13.7334685491047	0.739038024194741	-20.1379747549212	5.66546818162188	1
X2920265	29.2802137882776	0.739038024194741	31.4622598054169	-2.92108404133406	1
X2920266	14.4648001159449	-2.63124019364123	21.0761501955904	-3.98010988600425	1
X2920267	8.81667546181068	0.644732827937006	6.98882385359384	1.18311878027993	1
X2920268	41.1193058542072	1.58985429900312	45.1649666072555	-5.63551505205135	1
X2920269	35.8613986312232	-2.28721063692745	43.0131004494348	-4.86449118128418	1
X2920270	9.2258915158598	0.858987634201105	12.1361067877061	-3.76920290604736	1
X2920271	5.21621945237773	-3.21661183908131	5.61317916953315	2.81965212192585	1
X2920272	-22.0549526647627	-2.33664800466099	-13.9254692913543	-5.79283536874742	1
X2920273	23.7302310168602	-2.59527700107206	39.3184185761798	-12.9929105582476	1
X2920274	21.5829768407489	-2.80884415244585	30.9326591220092	-6.54083812881447	1
X2920275	18.2919207987048	0.472077651173961	22.4978415411509	-4.67799839362014	1
X2920276	21.9162571516389	-2.59527700107206	30.1247853356807	-5.61325118296969	1
X2920277	-18.516700814283	-0.00592605240539035	-18.43803969222	-0.072735069657599	1
X2920278	-15.0407371981397	1.5125254191309	-18.6792318275952	2.12596921032452	1
X2920279	7.47022999138692	-1.06689729744027	16.7630201320772	-8.22589284324998	1
X2920280	18.1755276711951	1.12854764265097	25.5044440577199	-8.45746402917584	1
X2920281	17.2576311609492	0.739038024194741	17.4746531007037	-0.956059963949346	1
X2920282	-7.23560997279697	0.858987634201105	-9.21589474501413	1.12129713801618	1
X2920283	46.2865125853663	0.704329874456664	50.6881969202737	-5.10601420936404	1
X2920284	-23.0845256808163	0.436195496359185	-17.8920366554027	-5.6286845217727	1
X2920285	22.502521237981	0.644732827937006	26.0152284450699	-4.15744003502605	1
X2920286	-13.1619000244406	1.84931287504158	-15.9781594931637	0.966946593681516	1
X2920287	59.0394109107496	-0.111778250613643	65.4762538505327	-6.32506468916944	1
X2920288	20.8889782231793	-0.237379415462162	25.429812390036	-4.30345475139464	1
X2920289	3.98526464410975	0.704329874456664	3.16817873368517	0.112756035967857	1
X2920290	-21.6912829496224	0.475770740884792	-22.0139827429946	-0.153070947512567	1
X2920291	7.50994997744272	1.5125254191309	9.18666424032617	-3.18923968201418	1
X2920292	42.6399251869565	-0.641786563521363	45.260957717783	-1.97924596730519	1
X2920293	-6.4733490099652	0.739038024194741	-10.6768407960886	3.46445376192867	1
X2920294	20.6674051007862	0.436195496359185	15.3865673594853	4.84464224494183	1
X2920295	-0.631000471186731	0.436195496359185	-4.33841161484983	3.27121564730393	1
X2920296	25.889518104601	1.58985429900312	27.9341350218081	-3.63447121621022	1
X2920297	32.8977931630673	-1.80769477846719	45.8170143165766	-11.1115263750421	1
X2920298	15.1111119668896	-0.0344493707414224	21.8343901561885	-6.68882881855763	1
X2920299	-12.9951920511999	0.232827210686388	-3.54361234855253	-9.68440691333366	1
X2920300	20.6214443545162	-0.111778250613643	19.637380229381	1.09584237574897	1
X2920301	18.47393132723	-1.3872064812412	27.100773905074	-7.2396360966028	1
X2920302	13.227144601412	-0.111778250613643	14.1279916347236	-0.789068782697924	1
X2920303	-6.03939074393561	-0.111778250613643	-5.67153730971609	-0.256075183605807	1
X2920304	-28.6182940530397	0.739038024194741	-32.4589461448123	3.10161406757787	1
X2920305	-17.1207965623689	0.704329874456664	-19.5653343712377	1.74020793441218	1
X2920306	-13.3869862627378	1.5125254191309	-16.0906112653988	1.19109958353	1
X2920307	10.6815257278054	-1.40025610720334	20.2911286668615	-8.2093468318527	1
X2920308	-17.50386877274	0.475770740884792	-21.3629266554357	3.38328714181082	1
X2920309	1.66206778764367	1.5125254191309	-7.41515271928115	7.56469508779383	1
X2920310	8.21101979460376	-0.111778250613643	8.67358571730994	-0.350787672092604	1
X2920311	-19.6590123924005	1.5125254191309	-23.8034958073146	2.63195799578309	1
X2920312	-22.9481539150335	-0.641786563521363	-10.2484020772847	-12.0579652742275	1
X2920313	18.5556531430633	1.5125254191309	12.5625930250392	4.48053469889327	1
X2920314	-12.3494460172661	-0.00562628177061786	-9.67665296498548	-2.66716677051006	1
X2920315	-16.7349257900402	0.704329874456664	-25.7124590080506	8.27320334355364	1
X2920316	-5.30577184525372	-0.371236826652096	1.22601178070514	-6.16054679930661	1
X2920317	-2.10400564968918	-1.40025610720334	0.76137972222449	-1.46512926471038	1
X2920318	17.0760065537383	-0.364855514416049	23.9430034900298	-6.50214142187551	1
X2920319	-11.2788230996524	0.0536110683789559	-8.78565732260945	-2.5467768454219	1
X2920320	8.99413784423066	-0.111778250613643	2.3548045976782	6.75111149716607	1
X2920321	-0.836016905505197	-0.36854860412688	2.03411365718344	-2.50158195856177	1
X2920322	3.23504487085221	-1.56368462256528	7.2677497938597	-2.46902030044215	1
X2920323	3.05547634762065	-1.10656696616134	9.51611498534394	-5.35407167156184	1
X2920324	-34.7166390172559	-0.177006160881384	-31.9753148352315	-2.56431802114306	1
X2920325	8.61104684334418	-0.111778250613643	7.27949663918395	1.44332845477387	1
X2920326	-27.470330743544	0.0536110683789559	-28.2190817181582	0.69513990623512	1
X2920327	34.5654994526786	-1.22540652609709	41.7394761346902	-5.94857015591461	1
X2920328	-45.3332612096558	0.704329874456664	-49.4262625999314	3.38867151581891	1
X2920329	-20.6491577898397	-0.0344493707414224	-23.2163158416047	2.60160742250634	1
X2920330	-3.95412764813696	-0.111778250613643	-3.72622692180669	-0.116122475716538	1
X2920331	27.813311357948	-1.17179487642908	32.8631290033688	-3.87802276899172	1
X2920332	5.34193162215397	-1.3872064812412	7.407672266677	-0.678534163281892	1
X2920333	-7.74557585226923	0.739038024194741	-10.67654575188	2.19193187541602	1
X2920334	33.4867803195018	-1.05055694499084	36.6485779640704	-2.11124069957776	1
X2920335	-9.57365942680266	0.704329874456664	-13.5570692632528	3.27907996199358	1
X2920336	-13.075113562573	-0.18462710597311	-8.38308464986984	-4.50740180672997	1
X2920337	-13.0485137290602	-1.68823213544952	-11.4675032421056	0.107221648494909	1
X2920338	32.7639276391505	-1.28721119360346	28.4393373653461	5.61180146740781	1
X2920339	-0.44500564970572	-1.30466670596888	-0.307670808396487	1.16733186465968	1
X2920340	-6.8397998906017	1.84931287504158	-11.4132212677033	2.7241085020601	1
X2920341	-26.7133592291269	-1.30466670596888	-30.2970962685671	4.8884037454091	1
X2920342	-10.806745554243	-1.1691434405216	-13.1565665289773	3.5189644152559	1
X2920343	-14.3867939378751	-2.14175456826079	-4.06293950547189	-8.18209986414239	1
X2920344	10.0151317354656	-1.06689729744027	6.45539065105795	4.62663838184795	1
X2920345	28.8817822017107	-2.7492500653546	33.3982873435125	-1.76725507644751	1
X2920346	-19.7638520605854	-2.0612639396762	-18.8894506290874	1.18686250817821	1
X2920347	19.7679672970329	0.0737874939342911	12.1221600112743	7.5720197918242	1
X2920348	-4.05878878558848	-0.878814010317515	-3.10998031268855	-0.0699944625824611	1
X2920349	18.7091230322835	2.94833007001584	13.7728092686025	1.9879836936651	1
X2920350	15.4894798521122	-0.111778250613643	11.3545566808951	4.24670142183072	1
X2920351	8.50348825679824	1.16364998001391	1.75226884862625	5.58756942815792	1
X2920352	0.868030034289447	-3.54383697837677	10.7522339563155	-6.34036694364935	1
X2920353	20.3345805679997	0.704329874456664	17.6564349815417	1.9738157120014	1
X2920354	-4.06915334024863	0.739038024194741	-7.93105095101766	3.12285958657428	1
X2920355	-26.3925020334495	-3.37618338922177	-16.8515198745088	-6.16479876971875	1
X2920356	-11.9103322924409	0.0536110683789559	-15.3535283399829	3.38958497916313	1
X2920357	28.3315184827677	-0.641786563521363	27.5660718973419	1.40723314894722	1
X2920358	-14.4963256950184	0.472077651173961	-12.9154509673569	-2.05295237883529	1
X2920359	70.1243847492656	-0.0344493707414224	73.0023610860446	-2.84352696603777	1
X2920360	-18.6447466876422	-0.56928423110436	-20.7381322977912	2.66266984125347	1
X2920361	-42.0154274164099	-2.61003311069743	-29.434976321565	-9.97041798414744	1
X2920362	-13.2712684838523	-3.52014202180717	-16.4439683589538	6.69284189690878	1
X2920363	-30.5675401344878	-3.90675936824935	-21.6251775426425	-5.03560322359594	1
X2920364	-19.0168118741805	-2.31192932079422	-10.6390983430989	-6.06578421028743	1
X2920365	-4.5491053559155	-3.52014202180717	-0.525073482130061	-0.503889851978139	1
X2920366	8.53491753825894	-3.90536798224628	17.0908368916764	-4.65055137117134	1
X2920367	-22.3978048909308	-2.59527700107206	-21.0103987878431	1.20787089798438	1
X2920368	-30.4351379834129	-2.61003311069743	-16.528866148616	-11.2962387240995	1
X2920369	-2.44815525688112	-2.03306584586107	-14.2375829907218	13.8224935797019	1
X2920370	7.2800205391175	-3.37618338922177	22.804522410058	-12.1483184817187	1
X2920371	-10.2931311304994	-3.69980753679741	3.62475400288704	-10.2180775965887	1
X2920372	76.1472374301019	1.84931287504158	71.5417603440621	2.75616421099858	1
X2920373	37.1609072258037	2.53497577006924	33.7653770325825	0.860554423152074	1
X2920374	23.9875443856556	1.53386730742603	20.2573315789662	2.19634549926354	1
X2920375	10.5536601355319	-3.52014202180717	16.5716904898305	-2.49788833249131	1
X2920376	14.988518628721	1.5125254191309	24.818968000039	-11.3429747904488	1
X2920377	-10.0894496734407	-2.59527700107206	1.32240196776984	-8.81657464013845	1
X2920378	28.4284775402405	-3.21661183908131	38.6630659028589	-7.01797652353703	1
X2920379	11.241237255754	0.739038024194741	12.5417456574457	-2.03954642588636	1
X2920380	-10.7555575749617	-5.70236913424195	6.72581665754679	-11.7790050982664	1
X2920381	-17.6581070250737	-1.47466498407573	-17.2266546601081	1.04321261911019	1
X2920382	10.1402704793997	0.485570593387432	13.8174195304067	-4.16271964439437	1
X2920383	20.3090709598875	3.26243025372397	6.3766155110099	10.6700251951539	1
X2920384	-1.73417624283941	-1.06689729744027	-1.28200432968971	0.61472538429069	1
X2920385	7.22833818791551	2.53497577006924	2.09152710929818	2.60183530854823	1
X2920386	-28.42403864014	-2.46959841478348	-27.21966963745	1.26522941209356	1
X2920387	5.53908623263837	-1.4777990001174	9.40950854089498	-2.39262330813914	1
X2920388	24.9173999553527	-1.47466498407573	20.646410900314	5.74565403911436	1
X2920389	19.8161839214485	-2.33664800466099	20.943172911045	1.20965901506464	1
X2920390	28.1470971105005	-3.65992787469146	30.4213213206137	1.38570366457827	1
X2920391	28.0359566644361	0.730375705213917	28.940264475024	-1.63468351580176	1
X2920392	27.2309473331616	0.739038024194741	26.357394479188	0.134514829778913	1
X2920393	18.1650835066038	1.16364998001391	6.50984280796663	10.4915907186232	1
X2920394	-8.8488061388868	0.470056281062823	-14.7536431582751	5.43478073832555	1
X2920395	20.9514848438016	-0.973488472524572	22.5810994551649	-0.656126138838801	1
X2920396	-34.0714486581456	-2.10290921714967	-31.2080448589731	-0.760494582022823	1
X2920397	-3.79483581016327	-0.177006160881384	-1.66363499017042	-1.95419465911157	1
X2920398	38.1331900512804	-0.631815887436829	35.9172470383015	2.84775890041581	1
X2920399	19.0385992262976	1.84931287504158	8.75661036143004	8.43267598982597	1
X2920400	7.05623614456117	-0.589712005078104	3.68130503873733	3.96464311090208	1
X2920401	-15.1073066061083	-0.0581666009456399	-22.9351084050757	7.88596839991306	1
X2920402	-11.0332481641475	-0.641786563521363	-11.3954868411903	1.00402524056418	1
X2920403	8.67354000229521	-1.61561950651539	9.7528317676641	0.536327741146626	1
X2920404	-20.6425116737776	-0.364855514416049	-18.2907760677983	-1.98688009156315	1
X2920405	-27.0999548503936	0.472077651173961	-33.2510927827745	5.67906028120698	1
X2920406	9.68218886304307	2.02149082941148	3.81371498844616	3.84698304518553	1
X2920407	7.98318524524727	1.84931287504158	-5.92741870633309	12.0612910765386	1
X2920408	33.2895423720943	-1.17179487642908	39.0457871273676	-4.58444987884433	1
X2920409	12.8537769733945	-0.364855514416049	12.9485595662468	0.27007292156377	1
X2920410	18.8012845787065	-2.14175456826079	30.0665494855519	-9.1235103385846	1
X2920411	-24.9872393231012	0.558240802418592	-17.1600097755779	-8.38547034994187	1
X2920412	-7.46456984086024	-0.631815887436829	0.579758906987799	-7.4125128604112	1
X2920413	4.54309849488986	0.436195496359185	4.96727596940651	-0.860372970875874	1
X2920414	33.105722926099	-2.0612639396762	38.9048710106755	-3.73788414490031	1
X2920415	5.95259180750954	-0.371236826652096	11.0537356574973	-4.72990702333557	1
X2920416	15.7195692072254	0.858987634201105	10.3735237403444	4.48705783267987	1
X2920417	15.1298740347233	1.58985429900312	17.5971469967271	-4.05712726100692	1
X2920418	-30.6967457350826	0.749008700279275	-28.9904125909352	-2.45534184442677	1
X2920419	-10.6294567716307	-0.36854860412688	-9.08598128531147	-1.17492688219232	1
X2920420	-7.52223279255492	-0.371236826652096	-9.61074049017942	2.45974452427668	1
X2920421	-29.5948592516648	0.815253872417005	-20.7080299742536	-9.70208314982819	1
X2920422	-18.4868765110579	-0.147385203175656	-14.6165414782391	-3.72294982964308	1
X2920423	-20.8820083189536	0.369469757907583	-19.490833447859	-1.76064462900228	1
X2920424	-19.2421455229059	-0.589712005078104	-16.6523123379719	-2.00012117985587	1
X2920425	-19.7009396554557	-0.358474202180003	-18.115390642718	-1.22707481055759	1
X2920426	8.97666549768064	-0.589712005078104	19.0196553792302	-9.45327787647153	1
X2920427	0.752929830291151	0.739038024194741	10.2004716582955	-10.186579852199	1
X2920428	-2.49739787872471	-0.36854860412688	14.036937516675	-16.1657867912729	1
X2920429	19.5175369463655	1.58985429900312	16.7856864603818	1.14199618698054	1
X2920430	-5.00574721379644	-1.16257698733185	11.5807077718395	-15.4238779983038	1
X2920431	-8.63195535473128	-2.31192932079422	-4.43087449781972	-1.88915153611733	1
X2920432	-52.0448069427559	0.651641287589996	-39.4283855612992	-13.2680626690467	1
X2920433	-26.5935816629823	-0.0581666009456399	-29.8970525232315	3.36163746119488	1
X2920434	32.1440147395455	2.53497577006924	20.617260603623	8.99177836585327	1
X2920435	-2.74545986768441	-0.92788637568395	-6.53352623525646	4.71595274325602	1
X2920436	-1.72221089523583	1.84931287504158	-7.06750315905363	3.49597938877615	1
X2920437	-6.34391211122715	1.00232190329356	-6.26793009398266	-1.07830392053796	1
X2920438	-33.3380367121291	-0.589712005078104	-31.9117150396206	-0.836609667430329	1
X2920439	27.1427035292904	-0.0168470228243587	19.7432522772503	7.41629827486466	1
X2920440	9.58951632259898	-0.649407960112941	10.0489886859766	0.189935596735408	1
X2920441	-20.9263956607926	0.436195496359185	-24.1140468457523	2.75145568860046	1
X2920442	-25.3608947617142	-0.0344493707414224	-29.2320658307415	3.90562043976875	1
X2920443	-36.4943822832929	-0.0581666009456399	-37.2398371949212	0.803621512573872	1
X2920444	-7.91905284489786	1.00232190329356	-9.30469244747586	0.383317699284481	1
X2920445	0.951796971334801	-0.905157572693656	9.8948468192805	-8.03789227525201	1
X2920446	-19.9325371080032	0.472077651173961	-15.0181254282117	-5.38648933096539	1
X2920447	28.4126856431062	-0.0581666009456399	36.1182817046767	-7.64742946062492	1
X2920448	-21.651037386236	1.164479121521	-31.760884712351	8.94536820459396	1
X2920449	13.3988340369249	-2.03306584586107	16.4970352333236	-1.06513535053754	1
X2920450	-16.782723020216	-2.10290921714967	-9.38145720205795	-5.29835660100836	1
X2920451	17.9790538180914	-0.111778250613643	17.0870030333243	1.00382903538064	1
X2920452	0.966436997895684	-2.61003311069743	9.90798446449229	-6.33151435589923	1
X2920453	-3.87955112440009	-1.76303403710628	1.04662688124435	-3.16314396853808	1
X2920454	-17.9322476991	-3.87537867705405	-9.23757883921634	-4.81929018282953	1
X2920455	10.9546222838096	1.16364998001391	5.04338390921453	4.74758839458117	1
X2920456	7.12428204203943	-3.52014202180717	5.17140622610009	5.47301783774656	1
X2920457	18.4381439571688	2.61938808883045	8.36122480781292	7.45753106052565	1
X2920458	18.6242355151864	-1.4777990001174	17.5824160424517	2.5196184728521	1
X2920459	-32.047709114549	-0.0809211956701024	-32.1837320560873	0.216944137208381	1
X2920460	28.8433438219094	1.84931287504158	23.6219318288796	3.3720991179883	1
X2920461	32.8498610996121	-0.237379415462162	34.5968292408499	-1.50958872577573	1
X2920462	12.5275876061447	-1.58839977240403	12.079762375434	2.03622500311469	1
X2920463	17.2019911300362	-0.92788637568395	21.9816424138598	-3.85176490813972	1
X2920464	-23.7047513617212	1.84931287504158	-38.024814115281	12.4707498785181	1
X2920465	-5.4019376724872	1.164479121521	-3.79997243454078	-2.76644435946751	1
X2920466	3.85003341779408	2.53497577006924	-4.58379311643351	5.89885076415848	1
X2920467	-3.82124777197773	0.739038024194741	-5.79361432446132	1.23332852828888	1
X2920468	28.4329898732743	-0.0344493707414224	29.4321038388648	-0.964664594849111	1
X2920469	-8.94880766906594	-0.111778250613643	-4.25071231639049	-4.58631710206175	1
X2920470	-8.60523531377744	0.749008700279275	-8.76929318723457	-0.584950826822091	1
X2920471	5.28319539530385	0.644732827937006	9.29364225813082	-4.65517969076404	1
X2920472	-4.98053905080018	-0.50509423784203	-4.16338159035768	-0.31206322260051	1
X2920473	-8.45348968395123	0.739038024194741	-10.8966219566416	1.70409424849571	1
X2920474	34.6080376005127	0.644732827937006	41.1411869297861	-7.17788215721044	1
X2920475	35.42721536825	-0.50509423784203	41.0537153592989	-5.12140575320694	1
X2920476	-0.545787264871997	-0.0344493707414224	-0.870742140399315	0.35940424626878	1
X2920477	33.4008359876397	-0.0344493707414224	29.0130597904826	4.42222556789853	1
X2920478	10.3609594995098	-0.0344493707414224	14.8829273891214	-4.48751851887023	1
X2920479	5.35931445674387	0.739038024194741	11.4864433785084	-6.86616694595935	1
X2920480	12.4701571567301	0.644732827937006	13.1100370450831	-1.28461271629002	1
X2920481	-2.44111475930389	-0.371236826652096	3.62327682593241	-5.69315475858414	1
X2920482	-20.0258875312394	0.0536110683789559	-15.9768967716941	-4.10260182792422	1
X2920483	31.5108528664648	-0.50509423784203	29.3028336319312	2.71311347237559	1
X2920484	-12.3694209901873	-2.33664800466099	-4.70259441366391	-5.3301785718624	1
X2920485	-6.84077493648046	1.84931287504158	-8.44014515313211	-0.249942658389904	1
X2920486	-19.322866380356	1.84931287504158	-26.3570580751667	5.18487881976907	1
X2920487	22.2602844330067	1.44269182887779	23.5089423197022	-2.69134971557343	1
X2920488	-27.1384242919023	0.0536110683789559	-23.7587464386525	-3.43328892162866	1
X2920489	2.74178386982464	0.739038024194741	-2.1009314347525	4.10367728038244	1
X2920490	33.0757940817751	0.739038024194741	32.0664066612958	0.270349396284463	1
X2920491	12.4627149539143	-0.0344493707414224	12.4196688138067	0.0774955108489954	1
X2920492	2.22068295533233	1.84931287504158	-6.42942999258306	6.80080007287384	1
X2920493	-7.60949567913892	-0.610133651233991	-0.361727005083566	-6.63763502282136	1
X2920494	-8.30003419396127	1.16364998001391	1.79953982302109	-11.2632239969963	1
X2920495	1.59119745626575	-0.481308844604059	7.92809545432274	-5.85558915345303	1
X2920496	5.97743068204194	-0.0344493707414224	10.2951414516344	-4.28326139885119	1
X2920497	-35.2736586637796	-1.05834219621943	-31.1285820999067	-3.08673436765349	1
X2920498	-6.00997538817621	-0.355555300105584	-2.71431399001536	-2.94010609805524	1
X2920499	4.08153152197019	2.61938808883045	-10.3997076753385	11.8618511084784	1
X2920500	-19.3742878317494	0.472077651173961	-25.4411611918516	5.59479570892827	1
X2920501	-10.9739521695853	-0.177006160881384	-11.9172441128258	1.12029810412189	1
X2920502	30.7695182409588	-2.46959841478348	31.6896650737892	1.54945158195307	1
X2920503	-16.9582089894328	3.26243025372397	-32.2274612168821	12.0068219737253	1
X2920504	20.5939612597407	1.84931287504158	13.5674412675208	5.17720711717834	1
X2920505	-18.066480721325	0.704329874456664	-18.9782200627231	0.207409466941456	1
X2920506	-3.15114733683487	0.472077651173961	-4.67501426357335	1.0517892755645	1
X2920507	-29.7888114124059	3.26243025372397	-40.1637942513145	7.11255258518448	1
X2920508	-0.378197941530431	1.84931287504158	-12.4155604057002	10.1880495891281	1
X2920509	11.601237440898	1.84931287504158	3.9342460632013	5.81767850265519	1
X2920510	9.01954480111571	1.04624378544057	4.1887385509439	3.78456246473128	1
X2920511	-15.9725133347394	0.0536110683789559	-14.7135718114605	-1.31255259165787	1
X2920512	-14.113344017079	2.61938808883045	-27.6723955929782	10.9396634870687	1
X2920513	-15.1082844223733	-0.194695638871919	-19.4319866680902	4.51839788458884	1
X2920514	-20.9162898953144	0.0715517115097986	-25.0241062264927	4.03626461966844	1
X2920515	59.2152845455561	1.04624378544057	47.8261938321699	10.3428469279457	1
X2920516	18.5885203935479	-2.29616249233439	25.6456311413828	-4.7609482555004	1
X2920517	-20.6713452046939	2.32072096380514	-23.0985726332082	0.106506464709102	1
X2920518	4.49899740385081	-0.371236826652096	8.88770946228008	-4.01747523177723	1
X2920519	-23.9704338014027	-5.46783344883449	-13.7141916962544	-4.78840865631381	1
X2920520	-15.1123063534922	1.58985429900312	-13.5858681566297	-3.11629249586557	1
X2920521	24.156860170552	-4.50985431528096	32.5859584206433	-3.91924393481044	1
X2920522	-12.6098248650958	-2.14175456826079	-10.4394870481633	-0.0285832486717745	1
X2920523	16.2623519848269	-2.40371374189744	21.1912578033164	-2.52519207659208	1
X2920524	-7.70996730773425	-3.71275500202672	-0.803980924993553	-3.19323138071385	1
X2920525	28.1034422514437	0.739038024194741	27.3354809973973	0.0289232298516864	1
X2920526	0.341830151171187	-2.72046867613589	6.84754403474397	-3.78524520743687	1
X2920527	13.192464687255	-3.42751996503784	15.8779771107813	0.74200754151177	1
X2920528	12.632204332143	0.644732827937006	13.7487974640986	-1.76132595989269	1
X2920529	39.3124390672678	0.23560445589045	38.5447617705476	0.532072840829609	1
X2920530	-22.7656960724195	0.0536110683789559	-27.1462561796038	4.32694903880529	1
X2920531	24.4349631351879	1.34829659877786	24.2313764151088	-1.1447098786988	1
X2920532	-55.4298773884774	-1.10656696616134	-58.3732613585309	4.0499509362149	1
X2920533	-39.5059191623064	-0.589712005078104	-30.2329117166154	-8.68329544061287	1
X2920534	13.79149259345	-1.76930314593968	17.8256907338246	-2.26489499443489	1
X2920535	-4.97998703443154	1.58985429900312	-7.22798184742243	0.658140513987731	1
X2920536	-6.73996597947995	0.0536110683789559	-9.74806733804632	2.95449029018745	1
X2920537	51.6622597833286	-1.19817316716971	44.3567648271776	8.50366812332059	1
X2920538	12.9414436874935	-0.371236826652096	16.4322250362039	-3.11954452205847	1
X2920539	-0.492086208806761	-1.22540652609709	9.87039726184012	-9.13707694454961	1
X2920540	-23.9750251722493	-0.589712005078104	-19.524209264032	-3.86110390313922	1
X2920541	-4.24296414418986	0.0536110683789559	-3.96853315073097	-0.328042061837747	1
X2920542	-16.8874343998398	-0.919318877095584	-16.0807662057353	0.112650682991182	1
X2920543	-42.4022575391807	-0.824042675515299	-40.1985830126321	-1.37963185103337	1
X2920544	9.35621253829707	-0.18462710597311	11.6450370975172	-2.10419745324714	1
X2920545	-2.93170283935952	-0.00506093063403368	5.11765744010106	-8.04429934882649	1
X2920546	-20.0902900536536	-2.10290921714967	-17.6259891369053	-0.361391699598597	1
X2920547	19.2080466054036	-0.878814010317515	26.3077802312076	-6.22091961548654	1
X2920548	-35.5659306103818	0.0536110683789559	-33.9551886924763	-1.66435298628442	1
X2920549	-21.9405751555901	-0.491667221805666	-17.4191251728524	-4.02978276093182	1
X2920550	-48.7558121133562	-0.748374923105851	-41.3609066589247	-6.64653053132566	1
X2920551	-37.6338913305528	0.0536110683789559	-37.3164677172971	-0.37103468163468	1
X2920552	0.709397917255807	0.509559798371296	1.7552455828022	-1.55540746391756	1
X2920553	-13.825566452982	-0.327691343913458	-9.49505381529179	-4.00282129377671	1
X2920554	22.4986331345722	-1.22540652609709	24.9491179803785	-1.2250783197091	1
X2920555	-15.9501317622995	-1.46327923340344	-12.3678165513913	-2.11903597750471	1
X2920556	48.4413478312997	1.38512419034768	38.3178864606047	8.73833718034718	1
X2920557	-18.8309881760056	0.436195496359185	-28.4753349259828	9.20815125361803	1
X2920558	23.5959349366005	1.164479121521	17.1408280616057	5.29062775347374	1
X2920559	14.4912247828392	0.161784844321415	8.31897221378397	6.01046772473371	1
X2920560	20.8770320331634	-0.0344493707414224	23.356454500646	-2.44497309674115	1
X2920561	29.776611428407	-0.0344493707414224	32.555092439188	-2.74403164003965	1
X2920562	8.47892529723775	-0.0344493707414224	11.1196599743113	-2.60628530633226	1
X2920563	-9.9378997387886	1.84931287504158	-18.8490238449673	7.06181123113718	1
X2920564	-13.4922966289747	-3.21661183908131	-5.89929274680547	-4.37639204308781	1
X2920565	-26.4267398362473	0.436195496359185	-27.0139910582947	0.15105572568811	1
X2920566	25.4059779958548	0.436195496359185	30.0351000973722	-5.06531759787654	1
X2920567	-11.9770197775195	0.218709929821772	-15.2704421049957	3.0747123976545	1
X2920568	-17.658402364311	-0.641786563521363	-14.8771601284444	-2.13945567234526	1
X2920569	3.73238718169161	1.84931287504158	-3.14516355726655	5.0282378639166	1
X2920570	13.7446194004017	0.0536110683789559	15.167637541162	-1.47662920913931	1
X2920571	-0.904678111164344	2.53497577006924	-0.748046653886682	-2.69160722734668	1
X2920572	24.8626840451612	0.739038024194741	25.6843312974894	-1.56068527652292	1
X2920573	-17.1000353029749	0.272116948140346	-19.6763055461883	2.30415329507304	1
X2920574	-20.2947994679291	2.61938808883045	-24.6654338225042	1.75124626574483	1
X2920575	-21.5460809645198	0.436195496359185	-30.3932901288235	8.41101366794445	1
X2920576	18.3824690091977	-1.4777990001174	20.1171240643718	-0.256856055056705	1
X2920577	-24.5194472465604	1.84931287504158	-28.6267927772634	2.25803265566141	1
X2920578	-7.24589198905232	3.26243025372397	-9.26489142826937	-1.24343081450691	1
X2920579	10.7909971949203	-0.92788637568395	5.40734382108904	6.31153974951516	1
X2920580	11.5612400602818	1.16364998001391	6.00462665861368	4.39296342165395	1
X2920581	-4.86188788310924	-0.36854860412688	-0.932313451344868	-3.56102582763747	1
X2920582	-9.80178505017884	1.5125254191309	-9.85425202561699	-1.46005844369278	1
X2920583	0.341700476006821	1.80564622745698	1.26302961532721	-2.72697536677735	1
X2920584	-15.3395969123139	0.312461905757786	-10.026698513765	-5.62536030430668	1
X2920585	-4.6137216655223	0.218709929821772	-10.7974871543929	5.9650555590489	1
X2920586	-22.2676585583365	1.80564622745698	-20.8628034063157	-3.21050137947781	1
X2920587	-6.02038443795015	0.44833693013845	-2.99345556140464	-3.4752658066839	1
X2920588	-20.7192340446378	-0.0809211956701024	-20.7501601554816	0.111847306513917	1
X2920589	-8.84007323219911	1.25172301499589	-12.2300042505801	2.13820800338508	1
X2920590	0.733122678477905	3.26243025372397	1.92741221430826	-4.45671978955417	1
X2920591	-28.4340612574497	1.25172301499589	-31.7648473163106	2.07906304386493	1
X2920592	10.6642590445855	-0.292088128802624	12.1121066693859	-1.15575949599765	1
X2920593	10.491946334878	1.16364998001391	1.58554478051339	7.74275157435067	1
X2920594	8.94520840914778	-0.177006160881384	5.63841949762993	3.48379507239934	1
X2920595	-6.46793964488752	-0.641786563521363	-1.23018498627549	-4.5959680950906	1
X2920596	-6.41582929002102	-0.641786563521363	-2.12627847015118	-3.64776425634857	1
X2920597	-37.3527344904302	1.25172301499589	-36.3350425906613	-2.26941491476472	1
X2920598	-18.9788538098047	0.201342180650229	-14.5153786654369	-4.66481732501801	1
X2920599	-40.8007187840255	1.5125254191309	-41.3920354073842	-0.921208795772204	1
X2920600	-17.3543726058843	0.749008700279275	-15.8509358977992	-2.25244540836439	1
X2920601	-18.0000621005469	-0.0581666009456399	-17.2265676530685	-0.715327846532838	1
X2920602	25.5221021112206	-0.905157572693656	28.3160552374651	-1.88879555355076	1
X2920603	38.6591031702465	3.26243025372397	30.441166635893	4.95550628062949	1
X2920604	47.5657258571532	1.84931287504158	36.8667822347682	8.8496307473434	1
X2920605	1.821561470406	1.04624378544057	-2.86392371433401	3.63924139929935	1
X2920606	3.13376323012351	3.26243025372397	-10.955153936971	10.8264869133705	1
X2920607	-49.4351097045188	0.739038024194741	-49.4805483803824	-0.693599348331067	1
X2920608	-30.2017440197649	-2.35127382809137	-34.7968251669738	6.94635497530028	1
X2920609	-4.36959024551784	-2.83531668574895	-0.373821119951067	-1.16045243981776	1
X2920610	16.5800133686804	-3.82229445246881	21.4850869268383	-1.08277910568904	1
X2920611	-6.28108718631052	0.809110122837837	-15.8215466824017	8.73134937325339	1
X2920612	-35.4748600447273	-1.97116953458309	-33.8666497310812	0.362959220937017	1
X2920613	4.69729740203569	1.44269182887779	-4.42535281939475	7.67995839255268	1
X2920614	20.0783529077924	1.01262968882355	14.9595900914945	4.10613312747411	1
X2920615	13.3124545629554	0.509559798371296	7.94463371029783	4.85826105428587	1
X2920616	-13.6057360706033	-1.28721119360346	-6.95193421251801	-5.36659066448177	1
X2920617	0.783135571129876	-0.292088128802624	-12.593644847884	13.6688685478165	1
X2920618	57.4111683712548	-0.237379415462162	60.4324377464148	-2.78388995969809	1
X2920619	24.3609103218868	-2.94967194782941	35.3743763444987	-8.06379407478252	1
X2920620	10.2321310127291	1.16364998001391	2.19161553025161	6.87686550246354	1
X2920621	19.9179424740492	1.16364998001391	21.4854257331403	-2.73113323910524	1
X2920622	-10.0847121455581	0.495695497264988	-16.1061657997741	5.52575815695101	1
X2920623	11.6164360433261	-0.111778250613643	7.07743319659965	4.65078109734009	1
X2920624	-9.73803797891172	1.84931287504158	-8.76401016671196	-2.82334068724124	1
X2920625	3.6354267457083	1.84931287504158	1.72704272062083	0.0590711500461079	1
X2920626	7.74289568037403	3.26243025372397	5.88194977205325	-1.40148434540313	1
X2920627	5.19953460051805	-0.0344493707414224	2.87596080442647	2.3580231668331	1
X2920628	-32.1891974375551	1.16364998001391	-36.7306624272922	3.37781500972322	1
X2920629	37.6509896871805	1.5125254191309	35.3447941934303	0.79367007461926	1
X2920630	-38.0250325499024	-0.0344493707414224	-47.4827089510029	9.49212577184194	1
X2920631	-8.61984184021218	-0.371236826652096	-4.6072261741126	-3.64137883944736	1
X2920632	-20.7142991618475	-0.292088128802624	-13.5150824471427	-6.90712858590218	1
X2920633	-0.714198260056584	-0.371236826652096	-1.77463642358013	1.43167499017575	1
X2920634	-16.2206215239209	0.815253872417005	-27.4130931698799	10.3772177735422	1
X2920635	-0.645493318231978	-0.292088128802624	-7.71086759753248	7.35746240810319	1
X2920636	6.61635987251725	-0.111778250613643	6.42490630423603	0.303231818894871	1
X2920637	-7.39340720871099	1.84931287504158	-6.7378882487242	-2.50483183502822	1
X2920638	4.76706428026556	1.16364998001391	1.75379316003513	1.84962114021655	1
X2920639	-22.382519382161	0.436195496359185	-29.9428076843812	7.12409280586104	1
X2920640	-12.0241128306087	-0.0581666009456399	-13.0044205544004	1.03847432473728	1
X2920641	-4.44152695714878	1.84931287504158	-13.700700116313	7.4098602841226	1
X2920642	-19.4112136470714	0.436195496359185	-24.638133862863	4.79072471943232	1
X2920643	-31.5041560035934	1.84931287504158	-34.5007362429259	1.14726736429088	1
X2920644	-17.8249782111839	0.0715517115097986	-20.2926440735602	2.39611415086642	1
X2920645	-2.93423792542814	-0.50509423784203	2.67673021971945	-5.10587390730536	1
X2920646	29.2502841160025	-0.0344493707414224	16.3147659728087	12.9699675139352	1
X2920647	-4.15303002858662	-0.111778250613643	-6.76876743673057	2.72751565875774	1
X2920648	-0.662237392789287	0.739038024194741	-12.8620236647117	11.4607482477276	1
X2920649	22.0460541838845	0.0536110683789559	15.6876207989094	6.30482231659629	1
X2920650	-33.6408723023949	1.164479121521	-50.6906767057626	15.8853252818467	1
X2920651	-29.0586815387199	-0.111778250613643	-33.7736780167328	4.82677472862652	1
X2920652	-24.3814993577145	0.739038024194741	-30.5550197005171	5.43448231860793	1
X2920653	-38.8806411258114	0.704329874456664	-38.3379688024355	-1.24700219783259	1
X2920654	-31.8222720428222	0.0536110683789559	-26.874038367077	-5.00184474412411	1
X2920655	-17.5171432940363	-0.36854860412688	-11.8011700220566	-5.34742466785281	1
X2920656	-45.0247388539877	-0.111778250613643	-44.3610007627132	-0.551959840660918	1
X2920657	-20.686549579649	-0.36854860412688	-14.1960536025417	-6.12194737298052	1
X2920658	14.5791402326146	3.90547241861749	-1.16767176665026	11.8413395806476	1
X2920659	-14.0221849238945	-2.01382553089101	-10.374033900948	-1.63432549205548	1
X2920660	-2.36246995549061	-4.88103022862133	7.34105887129226	-4.82249859816157	1
X2920661	1.56534496767501	-2.33664800466099	4.1806655594273	-0.278672587091358	1
X2920662	-1.62834980135187	-1.68018419350725	0.858447521486305	-0.80661312933094	1
X2920663	-21.5443405204713	-2.33664800466099	-11.7833187003768	-7.42437381543358	1
X2920664	-16.2344495740563	-3.17616279246068	-1.51113849925527	-11.5471482823404	1
X2920665	15.271257162611	-1.76303403710628	14.2948876183991	2.73940358131825	1
X2920666	-14.8019112164155	-2.33664800466099	-11.4747458658429	-0.990517345911709	1
X2920667	20.9469170789363	-3.52014202180717	25.0403474857622	-0.573288385018793	1
X2920668	-30.6819668967109	-4.21046283495235	-22.4548537972884	-4.01665026447012	1
X2920669	-8.80317303762489	1.84931287504158	-17.684544248223	7.03205833555664	1
X2920670	-6.21123595256657	1.5125254191309	-18.2706157476569	10.5468543759593	1
X2920671	51.6372164606143	-1.29346982394529	62.3785920061307	-9.44790572157118	1
X2920672	31.1667289020608	-0.0344493707414224	29.1025323405118	2.09864593229037	1
X2920673	8.79182002989144	-0.0344493707414224	11.2128236565881	-2.38655425595532	1
X2920674	-6.80062547764232	-1.56368462256528	-13.0942433579351	7.85730250285828	1
X2920675	5.35127124537995	0.739038024194741	13.1795083276228	-8.56727510643754	1
X2920676	48.3425041972803	-3.42751996503784	66.0089215148327	-14.2388973525146	1
X2920677	-47.1758866154972	2.32072096380514	-45.1194872260611	-4.37712035324126	1
X2920678	-19.0070763586323	0.749008700279275	-19.2354618204454	-0.52062323846617	1
X2920679	11.4977685095467	2.53497577006924	3.50795271657604	5.45484002290155	1
X2920680	-14.4229858551453	2.53497577006924	-19.3493168705914	2.39135524537687	1
X2920681	-8.33253336577376	3.90547241861749	-21.0262941226055	8.78828833821415	1
X2920682	22.6522175764426	3.90547241861749	19.9741441376296	-1.22739897980415	1
X2920683	-8.51511310872142	3.26243025372397	-18.3717050185967	6.59416165615117	1
X2920684	14.6935027789889	3.26243025372397	3.70747891110678	7.72359361415831	1
X2920685	-55.4629563339239	1.84931287504158	-57.0826401999187	-0.229629009046721	1
X2920686	6.233148290174	3.26243025372397	-12.3831055848287	15.3538236212788	1
X2920687	-15.2799564934763	-2.10290921714967	-8.91970885298386	-4.25733842334268	1
X2920688	-10.265860915952	2.53497577006924	-17.0293997225825	4.22856303656124	1
X2920689	5.84605519876939	0.0737874939342911	-4.1650277376479	9.93729544248295	1
X2920690	36.1232026469816	0.723704362146592	26.8944154097126	8.50508287512247	1
X2920691	-2.13796854373559	-1.16257698733185	1.22316988627262	-2.19856144267635	1
X2920692	-16.3495262365356	-2.10290921714967	-11.8275703120416	-2.41904670734433	1
X2920693	10.4564433396385	-0.50509423784203	6.71322348954804	4.24831408793237	1
X2920694	-25.2324404422621	-1.4777990001174	-25.122140961378	1.36749951923333	1
X2920695	-29.2885304485951	-0.111778250613643	-35.781354232547	6.60460203456551	1
X2920696	-2.28246162403682	-0.0344493707414224	-8.74738589679398	6.49937364349856	1
X2920697	-39.8655676646832	0.749008700279275	-28.5282797218717	-12.0862966430909	1
X2920698	1.12309831517241	-2.9711244404843	10.37072129449	-6.27649853883317	1
X2920699	-7.87669508686858	-2.37361686537156	3.49240824112716	-8.99548646262413	1
X2920700	-39.0935565252245	-0.177006160881384	-35.5310602453341	-3.38549011900906	1
X2920701	25.7983388978254	0.704329874456664	33.74802817948	-8.65401915611129	1
X2920702	-0.792040803615201	-1.40025610720334	2.74093988599917	-2.13272458241104	1
X2920703	15.3271587213704	-1.21072833991712	25.9283572119124	-9.39047015062488	1
X2920704	-1.18953243746147	-0.00562628177061786	3.9696794041363	-5.1535855598271	1
X2920705	-31.976678980511	-0.111778250613643	-28.1963974493605	-3.66850328053679	1
X2920706	5.19551658952231	-1.3872064812412	9.37840408090096	-2.79568101013758	1
X2920707	-24.0806331324368	1.5125254191309	-17.9205553258221	-7.67260322574557	1
X2920708	15.4209144832004	-3.42751996503784	24.83031781189	-5.98188336365186	1
X2920709	-8.52820658256806	-0.582325825656443	0.823110610907406	-8.76899136781902	1
X2920710	-16.3406299606139	-2.75046780661138	-9.60070987647559	-3.98945227752697	1
X2920711	36.6434740576379	-2.37361686537156	49.7003329398818	-10.6832420168724	1
X2920712	-27.2481631990994	0.0536110683789559	-27.5952931939322	0.293518926453902	1
X2920713	-56.9415307605092	0.739038024194741	-60.9097434641526	3.22917467944876	1
X2920714	15.0858326481949	-0.641786563521363	22.2190316838274	-6.49141247211112	1
X2920715	-15.5759191158544	-0.92788637568395	-7.84913363349487	-6.79889910667552	1
X2920716	4.06309254233518	-1.06360657095298	13.3295611293238	-8.20286201603568	1
X2920717	-0.347348895748965	-1.40025610720334	2.34698737432821	-1.29408016287382	1
X2920718	-23.4463030119903	0.704329874456664	-27.8667451139078	3.71611222746082	1
X2920719	-12.3145409996401	-2.59527700107206	5.29763786317187	-15.0169018617399	1
X2920720	-34.096406920887	0.0536110683789559	-33.7629053904136	-0.387112598852297	1
X2920721	-21.9380287536888	0.704329874456664	-24.0797720277127	1.43741339956728	1
X2920722	16.5374489916866	-1.40025610720334	24.2867857415953	-6.34908064270539	1
X2920723	-37.0100796433355	0.704329874456664	-40.8210397589368	3.10663024114456	1
X2920724	-4.43774112981134	-2.80884415244585	4.38211942906712	-6.01101640643251	1
X2920725	4.20208441578838	-0.589712005078104	6.87469374115914	-2.08289732029251	1
X2920726	4.615264818364	-1.56368462256528	8.42509574010536	-2.24614629917613	1
X2920727	30.3620899196155	-0.641786563521363	35.4805350120093	-4.47665852887254	1
X2920728	3.4821142248406	0.739038024194741	1.43721345586409	1.30586274478181	1
X2920729	8.20831573893824	-0.529335434313567	20.9820403139947	-12.244389140743	1
X2920730	-19.1936283498518	0.739038024194741	-13.595046858462	-6.33761951558444	1
X2920731	25.6868094196329	1.00232190329356	21.4392524865072	3.24523502983225	1
X2920732	3.51348000619551	-1.41356540633609	3.0579499737181	1.86909543881363	1
X2920733	14.3891525547301	0.436195496359185	11.4043676281718	2.54858943019923	1
X2920734	21.5230597658246	1.164479121521	28.6411724124265	-8.28259176812287	1
X2920735	5.41378968118046	-0.111778250613643	11.0351415495344	-5.50957361774024	1
X2920736	10.0579825785235	-0.111778250613643	15.3573960175378	-5.18763518840072	1
X2920737	2.50113639088998	-0.111778250613643	8.17000017047506	-5.55708552897131	1
X2920738	18.9394082454791	-1.3872064812412	26.084252753808	-5.75763802708809	1
X2920739	-29.1938795009818	1.5125254191309	-32.8171849569642	2.11078003685151	1
X2920740	17.5467702835143	-0.0344493707414224	8.59407476669741	8.98714488755815	1
X2920741	-0.370550538138986	0.739038024194741	-10.684032456494	9.5744438941602	1
X2920742	-31.4441648060763	0.739038024194741	-36.960994277928	4.77779144765707	1
X2920743	5.17656201678865	-0.205459969390801	2.77507686118712	2.60694512499241	1
X2920744	52.1301513356799	-1.3872064812412	51.9057534707771	1.61160434614373	1
X2920745	5.15961928298165	-1.21072833991712	10.4538282451722	-4.0834806222732	1
X2920746	14.4258806974256	0.704329874456664	9.08468878238215	4.63686204058669	1
X2920747	12.6771610705629	-0.319537893269128	17.5834296145421	-4.58673065071034	1
X2920748	-9.03221985824688	-1.4777990001174	-4.88332153900977	-2.67109931911971	1
X2920749	-1.45538074435481	-0.0581666009456399	-9.16931347386971	7.77209933046057	1
X2920750	15.6806299985692	3.26243025372397	5.11247845615691	7.30572128868838	1
X2920751	5.11978863893084	1.16364998001391	-3.91815187804507	7.87429053696195	1
X2920752	-21.6625522265953	1.16364998001391	-21.2439221202333	-1.58228008637588	1
X2920753	-11.2095524311306	1.16364998001391	-13.4093458131347	1.03614340199033	1
X2920754	-13.5245894559277	1.16364998001391	-22.3453797905005	7.65714035455904	1
X2920755	-8.53853544568393	1.16364998001391	-12.4600319021425	2.7578464764446	1
X2920756	-28.9957750644001	1.5125254191309	-29.1755178814154	-1.33278260211559	1
X2920757	-0.374949867797397	-2.80884415244585	3.25993650631146	-0.826042221662964	1
X2920758	-34.3623906428799	-0.111778250613643	-50.543412948139	16.2928005558727	1
X2920759	3.06378681057447	-0.292088128802624	-3.45472317522581	6.81059811460301	1
X2920760	-9.30752827928963	-0.92788637568395	-16.1306728084932	7.7510309048876	1
X2920761	-5.94975070500033	1.164479121521	-11.1853365641397	4.07110673761844	1
X2920762	12.0816592685283	-0.111778250613643	13.079821457722	-0.886383938580154	1
X2920763	22.1443813986819	0.739038024194741	19.2453899705353	2.15995340395181	1
X2920764	17.2890329043515	-0.371236826652096	13.3141061387551	4.34616359224835	1
X2920765	23.7268066450002	-1.76303403710628	22.2069736304745	3.28286705163203	1
X2920766	8.39419835266503	-2.94967194782941	16.7355221688518	-5.39165186835743	1
X2920767	28.7133957333057	0.23982227049102	25.5688057892961	2.90476767351866	1
X2920768	25.8752169630554	-2.59527700107206	31.5437456563881	-3.07325169226085	1
X2920769	-7.06907769620761	-1.76303403710628	-12.5419540267597	7.23591036765839	1
X2920770	-6.45025465482133	-1.8438828321731	3.17426127289389	-7.78063309554208	1
X2920771	-13.6121826813187	-1.06689729744027	-13.8840460868669	1.33876070298855	1
X2920772	-10.1590690479314	-2.61003311069743	-3.20204363907791	-4.34699229815602	1
X2920773	17.250917605033	-3.42751996503784	21.941164882724	-1.26272731265341	1
X2920774	-6.31640119039996	-1.4777990001174	-12.1042693621606	7.26566717187804	1
X2920775	-7.86120221580195	-2.94967194782941	1.03206153596241	-5.94359180393493	1
X2920776	-6.73148363321014	2.53497577006924	-10.808856647761	1.54239724448155	1
X2920777	-29.3489812665965	-0.0344493707414224	-23.8403173588709	-5.47421453698418	1
X2920778	-69.2047643537119	1.84931287504158	-73.3684106911009	2.31433346234743	1
X2920779	-14.6318717072715	3.90547241861749	-29.2258803557925	10.6885362299035	1
X2920780	-3.74136406496746	1.84931287504158	-5.60328326691718	0.0126063269081023	1
X2920781	-32.0508731540374	0.739038024194741	-34.6913537940142	1.90144261578213	1
X2920782	-25.3287923325346	3.26243025372397	-38.2923670240606	9.70114443780199	1
X2920783	19.4743955304882	0.475770740884792	12.1483852076567	6.85023958194654	1
X2920784	-5.8896555393843	0.436195496359185	-3.42860173776626	-2.89724929797717	1
X2920785	12.7025397003936	0.470056281062823	11.9349569746192	0.297526444711645	1
X2920786	7.03088106939724	-2.0612639396762	13.0940508417472	-4.00190583267376	1
X2920787	-19.7941436392296	-2.14175456826079	-12.154028197285	-5.49836087368383	1
X2920788	8.42037772356338	0.739038024194741	15.4349350200788	-7.75359532071012	1
X2920789	-15.1248194998415	1.84931287504158	-22.2378567792061	5.26372440432301	1
X2920790	-27.0592399785426	-0.56928423110436	-26.705608804711	0.215653057272807	1
X2920791	-3.20858429808393	2.61938808883045	-7.22725821428661	1.3992858273722	1
X2920792	9.14942440439565	-0.177006160881384	7.88685791574738	1.43957264952968	1
X2920793	-24.0900826395553	-0.292088128802624	-15.0373547202399	-8.76063979051271	1
X2920794	8.97007823852017	1.16364998001391	-1.96618388713892	9.77261214564514	1
X2920795	-13.3277318502923	-1.10656696616134	-10.442677691937	-1.77848719219387	1
X2920796	1.69918309259916	1.16364998001391	-2.61080377357062	3.14633688615587	1
X2920797	-10.3647613203982	0.0536110683789559	-8.13477502601884	-2.28359736275824	1
X2920798	24.4428081129626	-4.6363819238992	35.1139155199225	-6.03472548306071	1
X2920799	14.855425280918	-1.68823213544952	20.9732438088035	-4.42958639243603	1
X2920800	9.23811377708685	-1.53174878894395	9.64183142920474	1.12803113682596	1
X2920801	-20.614067256442	-2.14175456826079	-18.9474195303671	0.475106842185965	1
X2920802	22.5687867325409	-2.24354452243424	28.4661121073652	-3.65378085239012	1
X2920803	-8.36268494108283	-2.10290921714967	-1.33005060969521	-4.92972511423793	1
X2920804	2.00389703730536	-1.68018419350725	4.33555028793298	-0.651469057120359	1
X2920805	-3.14224715066679	-2.61003311069743	-0.288755620865949	-0.243458419103393	1
X2920806	-5.3076721839616	1.58985429900312	-5.31021950698105	-1.58730697598373	1
X2920807	22.2451785816162	-0.319537893269128	24.4693330797383	-1.90461660485309	1
X2920808	16.7127459409541	-0.237379415462162	15.9641710491459	0.985954307270241	1
X2920809	17.7989018279579	-1.77410561420156	23.6572079319676	-4.08420048980825	1
X2920810	2.627373543845	-0.686656604575156	9.56111791835568	-6.24708776993564	1
X2920811	-13.2051348346648	1.5125254191309	-19.8165196111813	5.09885935738562	1
X2920812	-8.60016864558586	-0.237379415462162	-2.49963194305203	-5.86315728707161	1
X2920813	-18.5260486599178	-1.93775583736895	-15.6636926035938	-0.924600218955007	1
X2920814	1.1631934560259	-1.28721119360346	-0.182438509131984	2.63284315876139	1
X2920815	-11.7913971199028	1.53386730742603	-11.6319535212432	-1.69331090608575	1
X2920816	5.89184080542437	1.84931287504158	-3.77714981471314	7.819677745096	1
X2920817	-15.1328298390548	1.84931287504158	-18.5307472043369	1.54860449024049	1
X2920818	-26.3524983573546	1.84931287504158	-36.2683121327491	8.06650090035304	1
X2920819	-4.62358861819175	0.739038024194741	-8.03260311803552	2.66997647564904	1
X2920820	-1.02628713189592	1.53386730742603	-9.78170691740345	7.2215524780814	1
X2920821	32.7421895242822	3.26243025372397	18.4807465954914	10.9990126750668	1
X2920822	-12.8200374053321	-0.177006160881384	-12.5357932252812	-0.107238019169637	1
X2920823	-4.46302984965032	2.02149082941148	-9.21952084589859	2.73500016683667	1
X2920824	-5.15945305980976	1.00232190329356	-10.0715894880758	3.90981452497235	1
X2920825	-39.7800622395895	1.5125254191309	-43.5105495625016	2.21796190378114	1
X2920826	-31.9835850204606	1.84931287504158	-35.8155483250666	1.98265042956445	1
X2920827	-78.2520420040727	-1.17179487642908	-76.3235613484486	-0.756685779194974	1
X2920828	-18.2038192873329	3.90547241861749	-31.0128215978974	8.90352989194686	1
X2920829	-11.3018852577349	3.26243025372397	-20.1400887791893	5.57577326773037	1
X2920830	-8.78726640941964	-0.560983937361322	-7.66887625446179	-0.557406217596526	1
X2920831	-7.80153449328223	0.472077651173961	2.17696168961708	-10.4505738340732	1
X2920832	15.5655946656427	-1.10656696616134	23.1117103140462	-6.43954868224202	1
X2920833	-18.8285262840551	1.5125254191309	-23.1174452178109	2.77639351462487	1
X2920834	-12.0302244515096	0.436195496359185	-17.2215541496635	4.75513420179467	1
X2920835	20.7935449332369	3.26243025372397	15.5747674585032	1.95634722100962	1
X2920836	7.9163971226417	0.287393025277961	14.4963175963362	-6.86731349897265	1
X2920837	9.12932357723747	-0.0344493707414224	11.6524339385897	-2.48866099061095	1
X2920838	-2.26816760173765	0.739038024194741	-5.52663780951822	2.51943218358581	1
X2920839	-35.5391313661191	-2.6247892203228	-13.7993057128819	-19.1150364329145	1
X2920840	-29.3626974880206	-0.0581666009456399	-26.5544994060512	-2.75003148102381	1
X2920841	-14.5880525493254	-0.649407960112941	-11.8062942084572	-2.13235038075514	1
X2920842	-22.5446564097742	1.53386730742603	-21.9038634289423	-2.174660288258	1
X2920843	-36.8049727911818	-0.631815887436829	-30.7080662186759	-5.46509068506912	1
X2920844	-18.11390017357	-1.21072833991712	-11.741376515257	-5.16179531839586	1
X2920845	-26.4142230699954	1.164479121521	-27.8115051908947	0.23280299937821	1
X2920846	-18.6105394415285	-1.61561950651539	-17.4205730297524	0.425653094739458	1
X2920847	-25.4473334797928	-0.111778250613643	-37.0842559389071	11.7487007097279	1
X2920848	26.3350756640493	1.00232190329356	25.1811290519485	0.151624708807196	1
X2920849	-27.1290631950795	-0.56928423110436	-24.0636900260514	-2.49608893792363	1
X2920850	34.6764685401013	2.32072096380514	26.7208503649006	5.63489721139584	1
X2920851	7.08008760793925	3.26243025372397	5.87388965579217	-2.05623230157677	1
X2920852	-12.5203702853648	0.704329874456664	-10.4119121603797	-2.81278799944166	1
X2920853	7.26244905177568	-0.0581666009456399	3.52422527030538	3.79639038241589	1
X2920854	-28.2630584848784	-3.03545886918441	-26.6293045822487	1.40170496655477	1
X2920855	12.2487886060166	0.749008700279275	6.61728005024244	4.88249985549486	1
X2920856	-11.9936450318802	-0.0809211956701024	-8.31689102900926	-3.59583280720076	1
X2920857	7.26727375895867	0.0536110683789559	6.05551225864199	1.1581504319377	1
X2920858	39.2560270385306	-0.641786563521363	42.0418718063283	-2.14405820427649	1
X2920859	8.37836244462616	0.495695497264988	-0.456895353953414	8.33956230131465	1
X2920860	-0.485079585817168	-2.03306584586107	6.11837530788829	-4.57038904784424	1
X2920861	64.1361375399144	-1.8438828321731	70.1960253596378	-4.21600498755026	1
X2920862	5.50031630194414	-0.0344493707414224	6.16511287218367	-0.630347199498058	1
X2920863	4.03767524751648	0.436195496359185	3.42416503184923	0.1773147193081	1
X2920864	22.4544109448072	0.369469757907583	24.8059636246358	-2.72102243773603	1
X2920865	-24.2460667078153	1.58985429900312	-27.0619439225177	1.22602291569936	1
X2920866	-11.7245436815187	-2.46959841478348	3.81284459343814	-13.0677898601733	1
X2920867	-15.3547192610286	1.16364998001391	-22.5115183548477	5.99314911380518	1
X2920868	8.07842558683545	3.90547241861749	-0.487787082538404	4.66074025075666	1
X2920869	-3.53411195255973	2.61938808883045	-10.7549630908455	4.60146304945532	1
X2920870	-32.4098406954809	0.739038024194741	-28.6713888476731	-4.47748987200251	1
X2920871	-15.6444583841244	1.84931287504158	-17.7709493193748	0.277178060208831	1
X2920872	18.5049561482953	3.90547241861749	7.04275308821625	7.55673064146157	1
X2920873	-34.2065850100499	1.04624378544057	-35.2033967103957	-0.0494320850946988	1
X2920874	-22.0354813003925	0.704329874456664	-34.4983701677537	11.7585589929045	1
X2920875	-4.93570950543392	3.90547241861749	-15.5956460904407	6.75446416638928	1
X2920876	-17.0576317974175	0.436195496359185	-16.8290024179741	-0.664824875802587	1
X2920877	25.7036876546627	3.90547241861749	7.91667867546239	13.881536560583	1
X2920878	-1.22771020474458	0.436195496359185	-15.132754493925	13.4688487928213	1
X2920879	-17.2705237584404	0.436195496359185	-9.44680891540351	-8.25991033939612	1
X2920880	-21.4110193174471	0.739038024194741	-19.4295755215294	-2.72048182011238	1
X2920881	9.73212659967948	0.436195496359185	4.15437492895636	5.14155617436386	1
X2920882	-38.5386210191727	0.739038024194741	-34.2858179484043	-4.99184109496306	1
X2920883	36.305630600269	2.02149082941148	28.5553843308004	5.72875544005709	1
X2920884	-29.6933706928432	0.739038024194741	-28.8639258535996	-1.56848286343833	1
X2920885	8.37748517489996	1.84931287504158	12.748653281932	-6.22048098207358	1
X2920886	7.18027634981603	0.472077651173961	0.325671368263407	6.38252733037862	1
X2920887	32.9147981814912	-0.111778250613643	28.7704771284675	4.2560993036373	1
X2920888	25.3008682167575	-1.21072833991712	22.3887814252964	4.12281513137803	1
X2920889	-4.278452787218	-0.0344493707414224	-2.43887694557755	-1.805126470899	1
X2920890	12.5925537112911	-0.177006160881384	9.80142716914342	2.96813270302905	1
X2920891	-14.8134708114693	-0.327691343913458	-13.0335260231009	-1.45225344445501	1
X2920892	-17.7956427179363	1.84931287504158	-24.4670678820387	4.82211228906092	1
X2920893	20.237338166927	-0.92788637568395	20.4485895131781	0.716635029432701	1
X2920894	-5.54862125282926	-1.16257698733185	-1.73283215826537	-2.65321210723203	1
X2920895	0.597047645372015	0.0536110683789559	7.98998649350993	-7.44654991651684	1
X2920896	19.9936530619152	0.436195496359185	6.21901981629513	13.3384377492608	1
X2920897	-0.21529653241015	0.739038024194741	2.94062884287114	-3.89496339947602	1
X2920898	11.6561945023699	0.739038024194741	8.19860068147242	2.71855579670274	1
X2920899	-30.1009507128549	3.90547241861749	-32.2359941349976	-1.77042899647486	1
X2920900	-13.5193084358369	1.84931287504158	-23.2034636977402	7.83484238686168	1
X2920901	-5.89442467769838	-0.641786563521363	-9.69685425246587	4.44421613828886	1
X2920902	-30.2949836002439	-1.10656696616134	-32.1611807992529	2.97276416517024	1
X2920903	-36.7286160636672	3.26243025372397	-34.4242479306106	-5.56679838678059	1
X2920904	-9.68812520550756	0.815253872417005	-19.126051929872	8.62267285194737	1
X2920905	-21.7267889527494	1.84931287504158	-31.4638304540184	7.88772862622737	1
X2920906	16.9250225121908	-0.292088128802624	-2.6494261479052	19.8665367888987	1
X2920907	-42.5541341556996	-0.589712005078104	-46.7752195579104	4.81079740728901	1
X2920908	29.0868241098806	-0.292088128802624	22.7113768636442	6.66753537503878	1
X2920909	-17.8344688054194	-0.292088128802624	-24.9397131247462	7.39733244812951	1
X2920910	-23.1105216751242	0.0536110683789559	-21.419827200941	-1.74430554256211	1
X2920911	-1.13812319312689	2.61938808883045	-9.66977766454204	5.9122663825847	1
X2920912	23.9061985663779	3.26243025372397	12.6417253653195	8.00204294733445	1
X2920913	-0.911143915518473	-0.111778250613643	-9.12363163287389	8.32426596796905	1
X2920914	-16.6753331164536	1.84931287504158	-24.6183900783563	6.09374408686107	1
X2920915	-20.5049457497753	-2.59527700107206	-16.2123214984643	-1.69734725023898	1
X2920916	-15.1935657430051	1.5125254191309	-15.295296047344	-1.41079511479201	1
X2920917	13.0335374047282	1.5125254191309	4.65862983147386	6.86238215412335	1
X2920918	19.7257474526729	-0.641786563521363	26.8732855377006	-6.50575152150629	1
X2920919	32.2837760697339	1.16364998001391	30.1446853983794	0.975440691340755	1
X2920920	-20.1936657361486	0.475770740884792	-26.5797172920266	5.91028081499328	1
X2920921	-34.2280643522334	-1.10656696616134	-32.1801554232985	-0.941341962773421	1
X2920922	-20.7417266106138	0.272116948140346	-22.6966957645237	1.68285220576949	1
X2920923	-27.1326130547054	0.601217748833853	-24.9213276950028	-2.81250310853642	1
X2920924	3.95617322093899	0.601217748833853	8.51684998896186	-5.16189451685667	1
X2920925	-13.9681335014751	1.84931287504158	-13.033663005681	-2.78378337083566	1
X2920926	21.6192547812469	-0.111778250613643	22.9169337563081	-1.18590072444758	1
X2920927	-9.1482490020199	-0.92788637568395	-8.2153256081285	-0.00503701820741132	1
X2920928	11.1803926966733	-0.169008351546822	5.4528198200403	5.89658122817987	1
X2920929	-24.1590361551259	0.0536110683789559	-21.633440942065	-2.57920628143977	1
X2920930	-5.27869173986088	-0.0581666009456399	-5.01199582993957	-0.208529308975624	1
X2920931	11.0236987093965	0.272116948140346	6.6289991555003	4.12258260575617	1
X2920932	28.1217302906958	-1.80769477846719	34.4508296006548	-4.5214045314919	1
X2920933	-42.9967415484607	0.739038024194741	-47.7940563283001	4.05827675564465	1
X2920934	-26.4611047559231	0.0536110683789559	-27.6601619180447	1.14544609374258	1
X2920935	-21.8119080360132	-0.47430429709799	-23.3987695223922	2.06116578347701	1
X2920936	-42.6190649680271	0.739038024194741	-43.1916474553943	-0.166455536827467	1
X2920937	-32.4086471851871	0.0536110683789559	-26.1234527362485	-6.33880551731747	1
X2920938	-16.8473059682073	-1.05834219621943	-17.0185925043503	1.22962873236246	1
X2920939	-19.1203928766205	-1.05764726653862	-8.08605729051227	-9.97668831956964	1
X2920940	-44.1957411812861	-1.05834219621943	-41.7779224411181	-1.35947654394859	1
X2920941	17.893897840523	-0.582325825656443	17.3332282994078	1.14299536677158	1
X2920942	3.32901152719388	0.739038024194741	4.90207205193541	-2.31209854893613	1
X2920943	-28.8894126164538	1.84931287504158	-37.7983252006202	7.05959970912492	1
X2920944	-8.1978239978931	-0.92788637568395	-9.27909566995679	2.00915804774776	1
X2920945	26.6179214616963	-0.0344493707414224	28.6750748637091	-2.02270403127134	1
X2920946	-9.55350982182867	-0.292088128802624	-12.1147793059157	2.8533576128897	1
X2920947	1.23612420399685	-0.0581666009456399	8.94144764685783	-7.64715684191538	1
X2920948	1.38006889353493	-1.21072833991712	15.5835897652827	-12.9927925318307	1
X2920949	-41.2868696727628	1.5125254191309	-40.7266646378939	-2.07273045399985	1
X2920950	5.20700172949306	2.53497577006924	3.14926140833148	-0.477235448907491	1
X2920951	-9.13097785372751	1.84931287504158	-13.4166302729908	2.43633954422167	1
X2920952	-1.90279392000293	-0.111778250613643	-6.65326037122465	4.8622447018354	1
X2920953	13.8686364911735	1.84931287504158	8.34549370041948	3.67382991571239	1
X2920954	-21.0689062458615	0.858987634201105	-27.7364629471745	5.80856906711196	1
X2920955	-38.781513911549	-0.0344493707414224	-43.7574655324315	5.0104009916239	1
X2920956	-28.7438592848005	-0.00562628177061786	-24.5415937111053	-4.19663929192449	1
X2920957	-8.0716805385272	-1.21012017371852	-3.01143262849057	-3.8501277363181	1
X2920958	-5.96246165371385	-0.0809211956701024	-1.02989661880752	-4.85164383923618	1
X2920959	-25.9895236900277	0.739038024194741	-18.7603881308268	-7.96817358339546	1
X2920960	1.43850611515816	-0.00562628177061786	10.032896450957	-8.58876405402812	1
X2920961	9.02871090826396	-0.177006160881384	18.794620427302	-9.58890335815668	1
X2920962	26.140432781325	2.02149082941148	19.8211633189041	4.29777863300964	1
X2920963	2.56223872555762	0.0536110683789559	-5.44938860410026	7.95801626127891	1
X2920964	-31.9926384587736	1.58985429900312	-35.6297550659085	2.04726230813176	1
X2920965	-27.2788708925261	2.53497577006924	-30.6624146336004	0.848567971004966	1
X2920966	-27.0826478776871	1.53386730742603	-28.0752770154938	-0.541238169619231	1
X2920967	18.3306180280313	0.472077651173961	16.4997861613185	1.35875421553888	1
X2920968	30.5354168811439	-1.10656696616134	34.8974661200043	-3.25548227269934	1
X2920969	-9.32428917647883	-0.61133961010192	-14.7072576664826	5.99430810010574	1
X2920970	41.8792091575908	-0.92788637568395	46.6202972089162	-3.81320167564161	1
X2920971	13.5992777219693	-1.3872064812412	19.9689144604197	-4.98243025720932	1
X2920972	-1.12001213901944	0.472077651173961	-7.59236587157485	6.00027608138144	1
X2920973	-24.6488108799051	-1.15327057551065	-18.1731104318321	-5.32242987256221	1
X2920974	-31.3380292415828	-0.36854860412688	-25.9980950381096	-4.97138559934627	1
X2920975	1.71033575232065	0.739038024194741	2.30632271205753	-1.33502498393157	1
X2920976	3.54528505479949	-2.31192932079422	13.2989435666846	-7.44172919109096	1
X2920977	-0.0920984834275487	1.164479121521	-5.05543136860939	3.79885376366073	1
X2920978	-3.85673274080531	1.44269182887779	-10.9064843224394	5.60705975275628	1
X2920979	1.71568324659922	-0.00506093063403368	5.90177937633551	-4.18103519910218	1
X2920980	-2.94614416311601	-3.21661183908131	6.61193188983441	-6.34146421386894	1
X2920981	-11.4278903807236	-0.905157572693656	-9.68155621443221	-0.841176593597776	1
X2920982	-29.7055830699407	0.739038024194741	-31.0596783969478	0.615057302812445	1
X2920983	-23.3575559428658	0.472077651173961	-25.5228474992729	1.69321390523315	1
X2920984	-11.277424144999	-0.177006160881384	-15.9955989046535	4.89518092053587	1
X2920985	-29.3805132312097	-1.10656696616134	-29.1486972744654	0.874751009417071	1
X2920986	18.2010944764225	-0.111778250613643	11.8822247469108	6.43064798012545	1
X2920987	5.51675379465742	1.16364998001391	0.785395782735549	3.56770803190787	1
X2920988	30.0108683273126	-0.111778250613643	26.0024584755461	4.12018810238011	1
X2920989	-2.91172001459105	-0.0344493707414224	-1.98821675027262	-0.889053893577009	1
X2920990	-16.5103657909662	1.84931287504158	-29.0354236473661	10.6757449813582	1
X2920991	-15.0140031550885	-0.641786563521363	-18.5679567785234	4.19574018695635	1
X2920992	-3.46047051060412	1.16364998001391	-11.8065334492473	7.18241295862926	1
X2920993	-16.3893490918352	-2.75046780661138	-14.4108267384079	0.771945453184125	1
X2920994	-36.469064973134	-3.71275500202672	-20.2860267307669	-12.4702832403404	1
X2920995	-23.444921326624	1.5125254191309	-20.8712145374459	-4.08623220830897	1
X2920996	-23.1440172128311	-0.111778250613643	-21.0316007592598	-2.00063820295749	1
X2920997	-35.9706172432931	0.0536110683789559	-39.4863276456715	3.46209933399953	1
X2920998	-17.5132787921208	-0.582167476426252	-15.7229377779771	-1.20817353771742	1
X2920999	-10.3201928422083	0.472077651173961	-8.02730797752957	-2.76496251585273	1
X2921000	21.5149798630431	1.84931287504158	21.7198779570072	-2.05421096900553	1
X2921001	14.5986955056218	-3.42751996503784	24.0460032317143	-6.01978776105483	1
X2921002	13.5334749449162	-0.147385203175656	17.2298556413078	-3.54899549321626	1
X2921003	5.98334313026729	-3.87537867705405	24.4990810276431	-14.6403592203218	1
X2921004	-12.392201239404	0.749008700279275	-9.60157186205792	-3.53963807762528	1
X2921005	-24.3793688424065	1.5125254191309	-30.6337699021338	4.74187564059642	1
X2921006	-3.04353053178389	-0.111778250613643	1.83066941102125	-4.7624216921915	1
X2921007	-11.898668646916	0.201342180650229	-9.28181414145894	-2.8181966861072	1
X2921008	-39.8652546178565	1.5125254191309	-45.6846320527017	4.30685201571432	1
X2921009	4.03221244788678	-0.589712005078104	5.21443517547307	-0.592510722508225	1
X2921010	-23.9759762487852	-0.00506093063403368	-18.8505136016916	-5.12040171645954	1
