<Trait>	Trait_1_H2_1	Trait_2_H2_1	Trait_3_H2_1	Trait_4_H2_1	Rep
X2486568	-34.5843993361588	2.96711924879473	-30.1244284928926	-7.42709009206105	1
X2474483	57.7956745616942	1.87385759987609	37.5129057173322	18.4089112444859	1
X2487920	8.39689786407239	1.87385759987609	-0.13656014991497	6.65960041411118	1
X2481206	26.4548347604802	6.0714181472962	6.01421417498252	14.3692024382014	1
X2477451	-21.7278976778488	1.87385759987609	-24.166633399904	0.564878122179003	1
X2433610	-89.8911349611101	1.87385759987609	-101.145569296243	9.38057673525688	1
X2487856	40.0568359152558	4.78533381750916	17.5117071511631	17.7597949465834	1
X2481542	8.20823395904074	-2.4876242537077	4.47078755957992	6.22507065316846	1
X2486215	9.81013334171756	-4.58225018613301	28.759562919506	-14.3671793916553	1
X2474779	69.8050828039039	4.78533381750916	47.5855243579334	17.4342246284616	1
X2473103	32.2088580522328	-2.4876242537077	43.0565992238196	-8.36011691787902	1
X2456515	-13.160051030611	4.78533381750916	-19.1017432864743	1.15635843835387	1
X2421470	-23.1047982456662	1.6390452107294	-22.0603143875611	-2.68352906883447	1
X2476814	-62.3051504548434	-2.4876242537077	-62.136289861914	2.31876366077823	1
X2477712	-67.6846537055273	-2.4876242537077	-70.1829479343854	4.98591848256577	1
X2398143	-25.8034399394157	2.78160354612416	-13.3485756742438	-15.236467811296	1
X2422994	-25.1694399857452	1.87385759987609	-40.7837548846534	13.7404572990321	1
X2443459	31.012337469721	-0.891618395574589	27.8629362974359	4.04101956785969	1
X2434065	-40.5023002278837	2.89545371712488	-53.2568979590895	9.85914401408104	1
X2487038	35.3243361521113	1.87385759987609	20.8833201581645	12.5671583940708	1
X2389408	29.9892422125692	1.87385759987609	25.9672333771372	2.14815123555596	1
X2475677	-3.82803543629486	1.87385759987609	-1.14832853767994	-4.55356449849091	1
X2480456	34.6064763746136	6.0714181472962	30.6025886897078	-2.06753046239043	1
X2474614	-6.12595457377829	1.87385759987609	-19.7325877624922	11.7327755888378	1
X2475970	-22.4820333074833	3.33042485019971	-49.9594055029137	24.1469473452307	1
X2476283	-83.7716561418437	-2.4876242537077	-83.7766655412256	2.49263365308932	1
X2463894	75.5308868408561	1.6390452107294	63.0063232207122	10.8855184094148	1
X2458961	-59.503716517615	4.78533381750916	-67.1206708965291	2.83162056140474	1
X2483998	81.5997562826834	2.89545371712488	68.164137618966	10.5401649465924	1
X2476990	-12.5902775964996	-4.58225018613301	0.178427712617446	-8.18645512298407	1
X2479994	-71.4750511252954	-4.58225018613301	-75.7981759735656	8.90537503440298	1
X2473219	-42.1215263882023	1.87385759987609	-49.2586794478596	5.26329545978112	1
X2424338	18.1846565178539	1.87385759987609	8.07539703357239	8.23540188440536	1
X2477443	23.3446339392364	4.78533381750916	10.3267758404519	8.23252428127526	1
X2475887	6.21940864345543	-0.768385503163918	10.7224132407977	-3.7346190941783	1
X2477281	-41.5320885904223	-2.4876242537077	-30.7798559182366	-8.26460841847812	1
X2440121	-44.4678613967897	1.6390452107294	-53.6224899402667	7.51558333274784	1
X2475589	20.7677353666575	3.33042485019971	21.7100321348355	-4.27272161837757	1
X2473805	1.1744467663525	-4.71485830379783	14.1653183139669	-8.27601324381642	1
X2443005	-19.5426017119346	-0.768385503163918	-33.778705060172	15.0044888514013	1
X2476318	38.5225738289934	-4.58225018613301	43.4300512737977	-0.325227258671183	1
X2480592	59.2901083796912	6.0714181472962	46.1772586095929	7.04143162280196	1
X2430874	53.6740068967718	4.78533381750916	23.210542752396	25.6781303268666	1
X2487899	-20.9889474319941	2.89545371712488	-26.118562553012	2.23416140389293	1
X2456049	16.6311110029065	0.955217388761591	20.2532671895617	-4.57737357541681	1
X2436633	1.00243030218787	1.62899105838533	6.68021177293624	-7.30677252913358	1
X2409673	6.71905466107378	0.132879882817637	12.0130162835093	-5.42684150525331	1
X2442558	-34.6915577963858	-2.47533986844653	-25.6506652098564	-6.56555271808283	1
X2443299	-50.3165903281331	-2.47533986844653	-42.2387112891365	-5.60253917055012	1
X2481193	45.0254306912605	6.0714181472962	33.0343973635192	5.91961518044503	1
X2485904	65.9640664933631	1.87385759987609	56.2281470281297	7.86206186535757	1
X2476253	-76.299383173388	-3.14719110163883	-78.7944677457572	5.64227567400758	1
X2481211	27.5899766597571	4.78533381750916	10.2829476640417	12.5216951782064	1
X2475777	69.019180703334	3.33042485019971	69.822281674257	-4.13352582112235	1
X2487299	27.1275220932413	3.82506223718219	27.5353819972039	-4.23292214114461	1
X2486481	29.6041229280713	4.78533381750916	20.6083748467754	4.21041426378653	1
X2420552	17.3936785099924	-2.4876242537077	26.198705865845	-6.31740310214495	1
X2440233	-20.9881181652361	-4.58225018613301	-13.6921494195001	-2.71371855960301	1
X2432499	-4.21675190683788	1.87385759987609	-15.6019125674905	9.51130306077653	1
X2463317	-31.1579335205908	1.87385759987609	-40.7960358597669	7.76424473930001	1
X2443104	-0.896106285756113	-0.465294464962519	2.79787468354239	-3.22868650433606	1
X2442827	-5.82900871291018	2.30345496888418	-1.62220844036919	-6.51025524142519	1
X2487900	-53.264379469784	1.87385759987609	-69.4207508620376	14.2825137923774	1
X2424712	14.4943595087204	1.6390452107294	18.2332982842579	-5.37798398626698	1
X2486478	65.7387893781479	4.78533381750916	46.656699446056	14.2967561145825	1
X2436766	17.9361674152202	-2.00101204774289	10.8664499875658	9.07072947539714	1
X2427904	-15.966913505716	4.78533381750916	-18.7495955605458	-2.00265176267938	1
X2481052	61.7940418477066	0.967772561508998	69.7959490513118	-8.96967976511451	1
X2481191	86.4312445139703	3.33042485019971	66.9846989080596	16.1161207557109	1
X2420832	-59.3830381378906	2.78160354612416	-54.5701532455285	-7.5944884384863	1
X2477255	-56.9956031345002	1.62899105838533	-45.5644582703617	-13.0601359225237	1
X2474613	-29.5492603318949	1.87385759987609	-41.7018221628119	10.2787042310409	1
X2433818	27.5462524256712	1.32105710996028	24.7841996040556	1.44099571165545	1
X2476231	46.2743299193748	-0.465294464962519	47.2491546520797	-0.509530267742409	1
X2481581	7.73387726986374	4.87515543970901	-22.8436830491649	25.7024048793197	1
X2486935	-29.7825557836495	3.33042485019971	-48.0120699583168	14.8990893244677	1
X2478498	16.9333037136331	1.62899105838533	26.0232166939027	-10.718904038655	1
X2486391	-15.6328516912507	4.78533381750916	-27.2224676577688	6.80428214900895	1
X2478972	17.4751749356523	-4.26221909006206	36.2827957048386	-14.5454016791242	1
X2466069	-56.5204504965286	-3.49582603382237	-47.2774102639283	-5.74721419877769	1
X2474984	-13.5799364976359	-4.71485830379783	-11.799564671345	2.93448647750701	1
X2429480	-8.4791444238974	-4.71485830379783	-16.5475261640239	12.7832400439242	1
X2486517	-53.6300011614168	2.89545371712488	-62.3271527220967	5.80169784355508	1
X2485910	-36.7749385340899	1.87385759987609	-52.3153968058705	13.6666006719045	1
X2482576	-21.8778736542928	2.78160354612416	-26.5426596945836	1.8831824941667	1
X2479682	13.9010488967499	-4.08110561324856	26.9822985133753	-9.00014400337672	1
X2472046	-29.1787515276781	-4.58225018613301	-19.4199397912252	-5.17656155031975	1
X2461438	-72.4840264565151	2.78160354612416	-73.9354993300404	-1.33013067259886	1
X2486994	44.7146044689059	4.78533381750916	39.7132017997483	0.216068851648447	1
X2472062	-29.2058826001493	-4.58225018613301	-20.8124148509773	-3.81121756303874	1
X2432874	59.2985400818396	0.602261106113435	56.2332444581733	2.46303451755257	1
X2480550	59.138581519638	-0.768385503163918	48.8508961754482	11.0560708473539	1
X2476161	-25.5470751500212	4.78533381750916	-28.5071256216532	-1.82528334587742	1
X2430970	-7.36768017772576	-4.22741282140315	-5.73771868530699	2.59745132898449	1
X2472801	-8.926700343139	-4.58225018613301	-0.0027064852016716	-4.34174367180437	1
X2423829	-21.6316553287029	1.87385759987609	-42.850690138714	19.345177210135	1
X2488667	1.88955643986672	-4.58225018613301	8.55449533834544	-2.08268871234583	1
X2475997	46.9148681329792	6.0714181472962	26.8574560385284	13.985993947155	1
X2419587	28.710203234823	-1.55057425861287	53.8289613598676	-23.5681838664318	1
X2488088	-48.1449258743924	0.132879882817637	-41.3088439613182	-6.96896179589191	1
X2389679	-18.9798481500806	2.96711924879473	-12.6875036642961	-9.25946373457927	1
X2484494	-43.9914068591141	2.96711924879473	-33.7590012514388	-13.19952485647	1
X2476612	-19.6281144235104	-4.58225018613301	-26.1445439316201	11.0986796942429	1
X2477544	-58.3524889973415	-2.4876242537077	-49.6071486494602	-6.25771609417354	1
X2467329	6.84683390658495	3.82506223718219	-1.08831221156158	4.11008388096432	1
X2480073	-13.5570058171972	-4.58225018613301	-17.31958007775	8.34482444668581	1
X2424327	22.0215845099231	1.32105710996028	23.0169040950821	-2.31637669511915	1
X2488151	-92.8576870751908	-4.58225018613301	-83.4656861817841	-4.80975070727366	1
X2422914	19.3166477679496	6.0714181472962	0.385678661270592	12.8595509593828	1
X2427595	31.3855259834451	0.132879882817637	19.3928301404838	11.8598159601438	1
X2420623	5.48936413366382	1.87385759987609	-5.07384136830756	8.68934790209532	1
X2485950	-50.1426740369549	1.87385759987609	-67.2088911977161	15.1923595608852	1
X2446230	-62.6251815572987	2.89545371712488	-63.1037765249621	-2.41685874946138	1
X2477891	-82.2926707203239	-4.58225018613301	-60.3413108013294	-17.3691097328613	1
X2377654	-37.9555919928399	1.03850167719514	-16.3252789512448	-22.6688147187902	1
X2485474	-49.2052120330346	-3.14719110163883	-45.4312014850096	-0.626819446386172	1
X2488257	34.789230309908	4.78533381750916	20.8205512090374	9.18334528336143	1
X2485657	-27.5978151705825	-2.4876242537077	-13.1049270109666	-12.0052639059083	1
X2425842	10.3669820252698	-3.55310021179052	31.8462162571588	-17.9261340200986	1
X2424214	34.5610971829577	1.87385759987609	15.3130559133708	17.3741836697107	1
X2474641	14.0004399241086	1.87385759987609	-16.3462384516105	28.4728207758431	1
X2472188	-31.0349758270485	-4.26221909006206	-7.49824317803811	-19.2745135589482	1
X2433577	-4.38491876537631	-2.4876242537077	4.99383459842539	-6.8911291100941	1
X2477465	12.4516517229251	4.78533381750916	3.02731376014993	4.63900414526585	1
X2480934	55.9549009856115	4.78533381750916	45.6576782171114	5.51188895099058	1
X2389578	-46.9212376709921	6.0714181472962	-64.0457340630547	11.0530782447659	1
X2412175	-10.6553828670112	0.967772561508998	-16.1184448777863	4.49528944926606	1
X2481375	56.3369391177407	6.0714181472962	38.9089002236677	11.3566207467767	1
X2475250	58.0773659382534	6.0714181472962	49.1486849672324	2.85726282372461	1
X2481234	-37.4650706758815	3.33042485019971	-57.0189034580739	16.2234079319927	1
X2476068	28.8205716046861	4.78533381750916	20.9689749587289	3.06626282844802	1
X2435590	40.3817350860467	0.132879882817637	21.2407034871374	19.0081517160917	1
X2480191	-25.4981116177206	-4.58225018613301	-17.8475147973019	-3.06834663428584	1
X2488229	40.9876333944779	4.78533381750916	32.8678873287003	3.3344122482684	1
X2472899	-23.2005226083775	1.87385759987609	-26.3535606843388	1.27918047608521	1
X2486578	-62.7956917324394	2.89545371712488	-64.3913806072253	-1.2997648423389	1
X2485535	-25.1165849155078	-4.58225018613301	-23.2434607542159	2.70912602484089	1
X2472065	-50.0419150225405	-4.58225018613301	-35.5812288581465	-9.8784359782609	1
X2474831	-74.7899860726988	-3.14719110163883	-80.3520972593504	8.70930228829065	1
X2436643	-16.8041410290437	0.132879882817637	-5.92364744503045	-11.0133734668308	1
X2486046	-22.1096903464928	1.87385759987609	-23.2506088963658	-0.732939050003156	1
X2472520	-54.7420891996393	-3.14719110163883	-57.0847688993202	5.4898708013197	1
X2432490	-40.5209750325468	1.87385759987609	-36.7236761473724	-5.6711564850503	1
X2435717	16.3208021236747	1.87385759987609	9.42337780688016	5.02356671691845	1
X2473213	-40.4648405100902	-4.58225018613301	-45.2523755028719	9.36978517891471	1
X2480978	-7.82816879310198	4.78533381750916	-23.4764949162222	10.8629923056111	1
X2476683	-4.78152632607666	-4.58225018613301	3.07125972091453	-3.27053586085826	1
X2431134	-12.6933162764588	-3.14719110163883	-9.83649469872213	0.290369523902098	1
X2405519	14.5916986537477	-2.17080275654471	23.9917942503652	-7.22929284007279	1
X2409479	7.83975490594756	0.967772561508998	10.5699348067709	-3.69795246233209	1
X2462865	-19.6290838472032	-2.4429968296262	-18.1423371362063	0.956250118629276	1
X2487795	-5.89113343079266	1.87385759987609	-13.3815220402293	5.6165310095605	1
X2485323	20.4249397195493	4.78533381750916	7.4707299511817	8.16887595085833	1
X2483982	-29.6240638462236	2.89545371712488	-5.1454977611066	-27.3740198022419	1
X2445634	-63.4215324842961	-2.4876242537077	-63.1640735954658	2.23016536487757	1
X2486716	-114.531184232249	-2.4876242537077	-118.805380566317	6.76182058777538	1
X2486318	-51.8835723626658	1.87385759987609	-69.226605099579	15.4691751370371	1
X2484601	6.12401740738093	4.78533381750916	-6.65619659382032	7.99488018369191	1
X2423803	25.2337913379507	1.87385759987609	4.95471977378652	18.4052139642881	1
X2487961	6.2958754558349	1.87385759987609	-2.85681422184994	7.27883207780879	1
X2486986	29.0694378194755	1.87385759987609	23.3425133028442	3.85306691675528	1
X2473204	-26.2840316754334	1.87385759987609	-28.0397570840477	-0.118132191261813	1
X2485975	-27.2107370612385	1.87385759987609	-36.7832151931945	7.69862053207976	1
X2475148	42.3569940517677	3.33042485019971	42.5160461792975	-3.48947697772947	1
X2437002	29.4838400011386	0.132879882817637	12.8564361828046	16.4945239355162	1
X2484573	11.6843094247848	2.89545371712488	12.9818863801519	-4.19303067249222	1
X2478553	-16.865227848666	1.62899105838533	-9.03913228896678	-9.45508661808448	1
X2419467	-16.7041099211109	-4.58225018613301	-1.20258581856094	-10.9192739164171	1
X2474767	-58.6384020506525	-4.71485830379783	-55.4799350969805	1.55639135012562	1
X2477595	-5.65127676747814	0.132879882817637	-2.8000098890076	-2.9841467612881	1
X2484380	-62.1104003694866	2.89545371712488	-69.7281323992855	4.72227831267394	1
X2424187	-55.2947489420777	0.132879882817637	-47.5967185497784	-7.83091027511695	1
X2483638	9.00556090292487	-2.4876242537077	21.682921850738	-10.1897366941054	1
X2480253	-5.62737064150303	-4.08110561324856	2.74624749274613	-4.29251252100056	1
X2442854	-21.591786833238	-2.47533986844653	-16.7413870123534	-2.37505995243806	1
X2474171	-27.4744290230365	-4.71485830379783	-31.7526693888061	8.99309866956759	1
X2487916	2.90836649625569	1.87385759987609	-13.7162709744139	14.7507798707936	1
X2388330	-3.00741250958001	-4.58225018613301	16.4868112790278	-14.9119736024748	1
X2485788	-21.1600750709151	-2.4876242537077	-16.6864381501016	-1.98601266710587	1
X2423312	-64.0697521837737	-4.26221909006206	-49.8929871566648	-9.91454593704663	1
X2476328	2.34269532135583	-4.58225018613301	16.1816902913695	-9.25674478388065	1
X2438610	-66.1805068449241	-4.26221909006206	-45.7806163988524	-16.1376713560096	1
X2455742	30.3382853236871	-2.52266982706299	33.3679492180227	-0.506994067272757	1
X2484271	-1.24724143301059	-2.4876242537077	18.0374960054303	-16.7971131847331	1
X2488409	13.0628727095812	2.89545371712488	0.0323989040382644	10.1350200884181	1
X2447497	-14.6245082172937	0.955217388761591	-23.1144941928498	7.53476858679472	1
X2476211	-20.8324325778191	6.0714181472962	-36.376949368381	9.4730986432657	1
X2443085	5.28190423750497	4.78533381750916	-14.6173465214677	15.1139169414636	1
X2485258	-97.7784170648592	-4.71485830379783	-97.1816983331675	4.11813957210633	1
X2388255	43.4348108479921	6.0714181472962	36.2699527291025	1.09343997159352	1
X2480906	18.2068511179037	6.0714181472962	14.4632660098344	-2.32783303922697	1
X2451505	24.0998077001122	4.78533381750916	7.60949912973299	11.7049747528699	1
X2485231	-65.9552817796313	-4.71485830379783	-64.254863952951	3.01444047711744	1
X2476178	3.48350537215183	2.30345496888418	-1.18326150626194	2.36331190952956	1
X2478527	-2.41521467580796	0.967772561508998	11.9789141148665	-15.3619013521834	1
X2485860	-37.9990166234383	-2.4876242537077	-24.6738297458249	-10.8375626239057	1
X2487502	8.82733908102248	-0.465294464962519	11.2635500622044	-1.97091651621947	1
X2477512	-71.0573427147636	-4.58225018613301	-51.8366453958285	-14.6384471328022	1
X2475043	36.3062173330822	-2.4876242537077	23.2848255612429	15.5090160255472	1
X2470001	-37.0325810473858	-2.4876242537077	-37.9959973513236	3.45104055764541	1
X2424221	-64.7915151983843	4.78533381750916	-83.711373835529	14.1345248196358	1
X2485473	-4.40695001487286	1.87385759987609	-11.7206437543207	5.43983613957171	1
X2439928	20.3997158082151	-4.26221909006206	42.2475798563002	-17.585644958023	1
X2446075	20.6599237605534	0.955217388761591	10.4025287497353	9.3021776220566	1
X2487424	61.3264127268428	1.87385759987609	68.2395431401946	-8.78698801322768	1
X2476722	3.9626945258332	-2.4876242537077	-4.42348917137605	10.8738079509169	1
X2488647	-143.052387109724	2.89545371712488	-141.083186223078	-4.86465460377068	1
X2483289	-46.1009429892863	3.82506223718219	-66.5036088288711	16.5776036024025	1
X2394169	20.2670074153625	4.78533381750916	14.8454921119394	0.636181485913853	1
X2475978	29.990624998268	4.78533381750916	10.9500204135184	14.2552707672404	1
X2453466	-29.1528484074492	1.5547437293056	-36.3317515165564	5.62415937980177	1
X2488384	30.6147262282577	4.78533381750916	6.05893793810989	19.7704544726385	1
X2445195	46.2092845551034	6.0714181472962	29.9285959934256	10.2092704143811	1
X2480437	22.8833251212286	6.0714181472962	14.3612876597063	2.45061931422589	1
X2466247	-105.369046851406	-4.58225018613301	-90.4861020026883	-10.3006946625854	1
X2427954	10.3200785517705	-2.47533986844653	10.8232400735288	1.97217834668819	1
X2436518	12.1063906529924	4.78533381750916	-0.605451795391031	7.92650863087438	1
X2456504	-28.1292642788571	0.955217388761591	-36.202232207536	7.11775053991729	1
X2433862	-61.3787318127139	1.90684054187001	-50.9168538761199	-12.368718478464	1
X2486944	-2.56615689665477	1.87385759987609	-8.66175104857918	4.22173655204833	1
X2475708	15.237397975068	0.967772561508998	27.3571501941844	-13.0875247806253	1
X2430747	16.0024129894144	1.87385759987609	0.587310614434115	13.5412447751041	1
X2488103	-50.1763084938973	-4.58225018613301	-55.2473641248926	9.65330581712823	1
X2385164	-8.23945528608169	0.967772561508998	-1.98561154313599	-7.22161630445452	1
X2484332	-12.1446713724146	1.87385759987609	-20.3179773420123	6.29944836972158	1
X2472050	-32.83479660364	-4.58225018613301	-19.9481661360484	-8.30438028145866	1
X2472028	-23.9999773989858	-4.58225018613301	-14.5659173465406	-4.85180986631227	1
X2472183	-21.4018806997399	-4.26221909006206	-3.17764988157754	-13.9620117281003	1
X2473481	-19.2828105395291	-4.58225018613301	3.03247352829493	-17.733033881691	1
X2478076	-20.1716243820844	-4.26221909006206	-3.54382147516135	-12.3655838168611	1
X2424284	-15.4513559267527	4.78533381750916	-53.9512420608229	33.7145523165609	1
X2486922	-11.5277509642593	0.132879882817637	2.30272949136742	-13.9633603384445	1
X2467971	-69.5678304314265	-4.58225018613301	-65.5976112691532	0.612031023859623	1
X2486260	35.3033825505389	4.78533381750916	24.9696557787458	5.54839295428405	1
X2473470	-11.3227099099269	2.78160354612416	-19.157789381858	5.05347592580696	1
X2481994	-19.6998501877601	-2.52266982706299	-17.7223799885028	0.545199627805659	1
X2434045	-0.0315838598152132	-2.4876242537077	-1.75702243326409	4.21306282715665	1
X2476528	30.33922479428	-4.58225018613301	37.4640108085892	-2.54253582817627	1
X2488145	-73.5443274132586	1.87385759987609	-81.9922040907003	6.57401907756554	1
X2475500	-24.0068999282355	-2.4876242537077	-21.8851863051795	0.365910630651812	1
X2485229	-10.41887585541	4.78533381750916	-16.3477757739693	1.14356610104991	1
X2480862	20.1814351763481	3.33042485019971	13.1290423896922	3.72196793645617	1
X2473479	-30.3178745563767	-4.58225018613301	-8.35571395228967	-17.3799104179541	1
X2477604	17.6176573670284	1.6390452107294	17.2090163618623	-1.23040420556336	1
X2481268	20.1795381916746	6.0714181472962	10.612862446929	3.49525759744937	1
X2469907	7.71626963086985	3.33042485019971	1.95668363884976	2.4291611418203	1
X2447812	55.2534378232656	6.0714181472962	46.3521046013283	2.82991507464122	1
X2426779	-60.9056548391452	1.87385759987609	-37.7883930404799	-24.9911193985414	1
X2472317	-2.29556728997481	-4.58225018613301	5.11533044437702	-2.82864754821893	1
X2427338	-3.47715720677445	1.87385759987609	-8.27251035659017	2.92149554993963	1
X2423595	-94.7841952631979	-5.01650177935914	-80.9601122670616	-8.80758121677725	1
X2429851	-10.6515000602133	-2.93566554470917	-3.49483460428866	-4.22099991121566	1
X2445281	63.1582440896713	-0.465294464962519	61.804998692555	1.81853986207904	1
X2475089	-46.0735663057835	-4.58225018613301	-43.7094965321412	2.21818041249087	1
X2466250	-46.6379204201708	-2.00101204774289	-43.7666984718118	-0.870209900615994	1
X2474421	-1.71973492987221	1.87385759987609	-8.02631596367212	4.43272343392381	1
X2485683	35.6208949478283	1.87385759987609	27.0499845709744	6.69705277697782	1
X2439798	-102.669247363983	-4.26221909006206	-83.6903868003305	-14.7166414735905	1
X2485762	39.3778916205986	1.62899105838533	46.5187612915795	-8.76986072936621	1
X2446103	35.5460208710986	4.78533381750916	21.3155703266651	9.44511672692436	1
X2472795	-12.3240005421867	-2.4876242537077	-0.841198550854378	-8.99517773762462	1
X2474426	-28.5169794857455	1.87385759987609	-50.6583201520047	20.2674830663831	1
X2427131	-20.4426344978833	1.62899105838533	-16.4803224869887	-5.59130306927985	1
X2442957	35.2957385854194	-4.71485830379783	44.1827601094699	-4.17216322025263	1
X2481195	35.3081205867747	4.78533381750916	9.7745318799473	20.7482548893182	1
X2473502	-49.2630432374005	-4.58225018613301	-41.3990526902997	-3.28174036096751	1
X2471868	-26.626764642019	-4.58225018613301	-31.839572972201	9.79505851631555	1
X2436813	7.44397232795452	1.87385759987609	-10.9878474345042	16.5579621625827	1
X2484806	-47.5224225117326	-3.14719110163883	-37.035306879595	-7.33992453049888	1
X2474630	-32.9040180023091	1.87385759987609	-50.1101325681898	15.3322569660047	1
X2467419	72.7116327108657	3.33042485019971	59.4720297228302	9.90917813783565	1
X2377948	-29.5422575325091	-4.26221909006206	-7.40409387157243	-17.8759445708744	1
X2473026	-0.294246484145856	0.967772561508998	17.3954653425934	-18.6574843882483	1
X2484500	-0.748767430476875	2.89545371712488	3.06251464169669	-6.70673578929845	1
X2488328	83.7595204578845	4.78533381750916	57.8813378500754	21.0928487903001	1
X2477211	28.1884191563642	3.33042485019971	22.7416413880854	2.11635291807889	1
X2487931	-36.7903697216712	2.89545371712488	-31.9874071855424	-7.69841625325379	1
X2435927	55.945351455038	-4.08110561324856	61.7440196317803	-1.7175625634935	1
X2476444	38.9550076519661	-4.08110561324856	38.485249578505	4.55086368670961	1
X2400497	-23.660586843978	-2.52266982706299	-30.3170276668529	9.17911064993793	1
X2474941	33.1477991319694	-2.47533986844653	36.4701584227153	-0.847019422299541	1
X2487940	13.9347941128522	1.87385759987609	4.20872139295105	7.85221512002504	1
X2482310	-54.3984758320696	1.87385759987609	-66.4027985189904	10.1304650870446	1
X2401913	56.7325702788046	1.87385759987609	44.5596663986134	10.2990462803152	1
X2474516	-13.0719476202468	-4.71485830379783	-2.43265162107786	-5.92443769537114	1
X2485953	-41.3284415990573	-4.58225018613301	-48.0570386164969	11.3108472035726	1
X2472914	9.44129786452438	1.87385759987609	-3.88330067167744	11.4507409363257	1
X2474493	8.17832933359161	-3.28225346730628	6.15524215143032	5.30534064946764	1
X2473798	30.3053457893179	-4.58225018613301	50.2640545352681	-15.3764585598172	1
X2487059	29.5573801372556	1.32105710996028	28.791044620122	-0.554721592826661	1
X2477754	-87.8744645115388	-4.58225018613301	-73.3602111911065	-9.93200313429925	1
X2432655	15.6684801684667	1.87385759987609	17.0379924288761	-3.24336986028547	1
X2472593	-2.41323540906841	-4.58225018613301	10.9928908376369	-8.8238760605722	1
X2484367	-24.9228023519728	1.87385759987609	-31.1648152769732	4.36815532512429	1
X2479197	1.44371130152206	2.71944187555993	-17.2389806523416	15.9632500783038	1
X2484325	-61.1201158763253	2.89545371712488	-70.6735463470086	6.65797675355833	1
X2456525	-54.2349557501884	1.87385759987609	-65.6973797503425	9.588566400278	1
X2475964	56.9453118461733	6.0714181472962	44.800845734785	6.07304796409207	1
X2474198	33.9932245324716	-3.14719110163883	32.3789539893603	4.7614616447502	1
X2474668	-5.79477182152525	1.87385759987609	-24.212768464536	16.5441390431347	1
X2486957	-13.6398481645393	2.89545371712488	-22.8761503292581	6.34084844759383	1
X2429870	-31.9180262982102	-2.79821451682069	-14.9702464235066	-14.1495653578829	1
X2472319	17.7303205391985	-0.465294464962519	17.840396535463	0.355218468698058	1
X2484363	-59.2615371906391	1.87385759987609	-74.6471279442065	13.5117331536912	1
X2483732	17.1793966638405	-2.4876242537077	9.22280964953673	10.4442112680114	1
X2475699	33.1768096291618	3.33042485019971	39.9054705456064	-10.0590857666441	1
X2481270	74.0878410347469	4.78533381750916	49.5002833110732	19.8022239061647	1
X2486253	48.3673121148196	-4.58225018613301	54.9274637925187	-1.97790149156618	1
X2433890	39.8100614439349	1.87385759987609	54.1684192844528	-16.232215440394	1
X2476266	14.8621493688983	3.82506223718219	11.8872658621227	-0.850178730406758	1
X2487854	1.33120688134831	1.87385759987609	-12.2732131925703	11.7305624740425	1
X2429990	14.1390748382482	5.11048956520667	3.84334273360505	5.18524253943653	1
X2430165	-39.5789539000536	-0.891618395574589	-47.1747641581692	8.48742865368999	1
X2477556	-11.9847032884431	-3.4293482743918	5.61449408411134	-14.1698490981627	1
X2423821	-26.8498850391059	1.87385759987609	-29.0916900381257	0.367947399143814	1
X2444630	-83.084384947796	-4.58225018613301	-63.1580020089557	-15.3441327527076	1
X2475592	-3.85823453182793	6.0714181472962	-18.731429726958	8.80177704783382	1
X2475073	-39.4233262582128	-4.71485830379783	-41.5723119854594	6.86384403104451	1
X2390944	-1.61967757439496	2.78160354612416	3.44040240871707	-7.84168352923617	1
X2433916	85.1271298256242	1.6390452107294	88.0753702065382	-4.58728559164318	1
X2487123	-53.6273287428431	1.90684054187001	-48.6241554497686	-6.9100138349444	1
X2485905	-26.5442316193109	2.89545371712488	-22.0999631318575	-7.33972220457839	1
X2486961	-33.6681824974892	0.132879882817637	-17.7931019989899	-16.0079603813169	1
X2486561	-4.38821777879647	1.87385759987609	-17.3860248345896	11.123949455917	1
X2472121	-85.6327026967455	-4.58225018613301	-66.9639904549555	-14.0864620556571	1
X2437083	-49.5902269629822	1.87385759987609	-64.516392760972	13.0523081981137	1
X2475673	-24.5820245580094	6.0714181472962	-34.0395149803539	3.38607227504839	1
X2484197	34.271769910716	-2.4876242537077	39.6798338631223	-2.9204396986987	1
X2485804	35.8944584851467	-2.4876242537077	47.8693089201113	-9.48722618125699	1
X2474813	-38.6615756654315	2.96711924879473	-49.5830655253036	7.95437061107749	1
X2475936	27.8850277284692	3.33042485019971	12.9603148540958	11.5942880241736	1
X2465998	-16.7606858072878	3.57271436710126	-10.4240183101477	-9.90938186424131	1
X2475593	-42.6735278584779	4.78533381750916	-49.4721946069025	2.01333293091517	1
X2477504	-58.6657799911428	2.96711924879473	-56.3107365362036	-5.32216270373383	1
X2473289	-62.0314522784855	1.87385759987609	-70.6194288931011	6.71411901473952	1
X2481379	0.196534852011657	6.0714181472962	-16.4725991914243	10.5977158961399	1
X2436753	-21.5442557958346	-2.00101204774289	-29.7782716186516	10.2350278705598	1
X2477401	34.7342632535243	4.78533381750916	28.3316858220692	1.61724361394594	1
X2446022	2.8277215478904	-2.52266982706299	7.29088043525545	-1.94048906030203	1
X2436808	-13.4796008226785	4.78533381750916	-31.6967755829279	13.4318409427403	1
X2477579	-26.4504718943243	1.87385759987609	-13.2468609030177	-15.0774685911827	1
X2488355	2.00555698396477	1.6390452107294	-1.12005120573669	1.4865629789721	1
X2394117	83.3366002691929	4.48986166476615	77.6156157412726	1.23112286315425	1
X2481006	8.90058576427488	6.0714181472962	1.24617411020798	1.58299350677049	1
X2435652	42.5271172489917	4.78533381750916	37.0383660228641	0.703417408618499	1
X2484855	27.6130813162523	-4.58225018613301	26.2431351384706	5.95219636391474	1
X2444987	32.3451408855309	-4.58225018613301	32.1409206533654	4.7864704182986	1
X2433258	-0.0966934943190516	1.6390452107294	-0.391705085380518	-1.34403361966796	1
X2487929	-16.4058011287623	2.78160354612416	-19.9996948459851	0.812290171098771	1
X2486195	-10.8610760705743	0.132879882817637	-20.3052619538286	9.3113060004367	1
X2484227	32.7363669183699	2.89545371712488	24.2391498636335	5.60176333761157	1
X2475184	106.554367187747	-0.465294464962519	96.4892796139974	10.5303820387116	1
X2444763	-0.663950396945677	-4.71485830379783	6.80293020774611	-2.75202230089382	1
X2472362	-7.65391017238947	-4.58225018613301	9.97012697042405	-13.0417869566805	1
X2431122	-41.0502433250067	-0.465294464962519	-40.3655224283096	-0.219426431734835	1
X2430295	-19.7948131928574	-0.768385503163918	-20.7506768706586	1.7242491809651	1
X2488271	40.0799107062226	4.78533381750916	34.9788630148275	0.315713873885894	1
X2473251	1.3406566786957	-4.58225018613301	2.72856964195028	3.19433722287847	1
X2472516	-45.3029474617624	-4.71485830379783	-44.111481471205	3.5233923132402	1
X2472242	-25.764143094433	-4.08110561324856	-21.9453795355809	0.262342054396307	1
X2440199	-41.9573699631138	1.87385759987609	-46.3729823933036	2.5417548303137	1
X2483963	37.6322378864968	2.89545371712488	36.8316551734962	-2.09487100412424	1
X2486232	-8.88527396161064	0.132879882817637	-14.7768628343509	5.75870898992266	1
X2485744	-21.624178980961	-2.00101204774289	-26.1782744140479	6.55510748082978	1
X2433407	-39.1747497452597	0.967772561508998	-24.3588195263874	-15.7837027803814	1
X2420601	7.90347814399552	0.132879882817637	14.9914398595669	-7.22084159838884	1
X2473306	3.8434490432602	1.87385759987609	-8.00546352382927	9.97505496721343	1
X2477725	-1.582921649943	-4.58225018613301	1.61673941201684	1.38258912417329	1
X2477917	-54.4114375991893	-4.58225018613301	-27.3119245197011	-22.5172628933552	1
X2430867	87.5440274438082	4.78533381750916	77.3949665994848	5.3637270268145	1
X2433077	22.3532422610119	1.62899105838533	18.8501689841029	1.87408221852358	1
X2413758	-12.0636962925389	2.78160354612416	-13.9558225494394	-0.889477289223628	1
X2389024	37.8390253088405	-2.4876242537077	41.8321798719975	-1.5055303094494	1
X2487559	-32.32161837682	-0.0615686271068835	-27.8514603145324	-4.40858943518076	1
X2471796	-10.1673206328356	-4.71485830379783	0.540413734699739	-5.99287606373738	1
X2393136	14.0378862116112	5.11048956520667	14.096017418611	-5.16862077220639	1
X2448997	9.87575941958256	1.6390452107294	0.14806079937082	8.08865340948233	1
X2396904	53.625908719941	-4.58225018613301	53.8817298067699	4.32642909930402	1
X2487970	-25.8288505932313	2.78160354612416	-32.0402337562338	3.42977961687833	1
X2474479	37.118575830324	1.87385759987609	25.1105355875918	10.1341826428562	1
X2419973	62.9199156599551	6.0714181472962	49.1301757435247	7.71832176913396	1
X2474662	-101.833815562721	-4.71485830379783	-117.117676070557	19.998718811634	1
X2429523	-6.4586680852559	-1.48415811976032	-22.1688624046303	17.1943524391346	1
X2440183	7.14808733577227	1.6390452107294	0.234178453718907	5.27486367132407	1
X2485487	-32.8480683880763	-4.71485830379783	-20.9652315307264	-7.16797855355224	1
X2420632	34.2551729220368	0.132879882817637	34.6456688681808	-0.523375828961464	1
X2421000	-27.9614138308167	-2.00101204774289	-24.8585466142457	-1.10185516882818	1
X2485713	-91.6557569986433	-2.00101204774289	-73.094200830728	-16.5605441201724	1
X2419565	22.6025997117499	6.0714181472962	1.2472145703401	15.2839669941135	1
X2471415	-72.0341789968141	3.12402265907655	-81.7665160956446	6.60831443975409	1
X2485915	-92.8127401948171	-2.4876242537077	-100.188618703367	9.8635027622572	1
X2483477	-4.12065902677325	1.87385759987609	-33.4437632172915	27.4492465906422	1
X2474977	-25.7034169925695	1.87385759987609	-32.7351766591634	5.15790206671781	1
X2473724	-8.03749927901367	-4.58225018613301	-2.57744444230251	-0.877804650578171	1
X2485327	56.6325510988552	4.78533381750916	36.7203088096074	15.1269084717387	1
X2424409	-54.2785938590049	-2.00101204774289	-57.5273751507686	5.24979333950672	1
X2384395	24.2315600348973	-4.71485830379783	29.2668286119391	-0.320410273243782	1
X2483446	-14.0351551144184	1.87385759987609	-39.2135601763851	23.3045474620906	1
X2421076	-15.0843959591197	-2.00101204774289	-9.87612371717183	-3.20726019420497	1
X2478053	8.35750344951228	-2.4876242537077	18.3574142271834	-7.51228652396337	1
X2475352	7.12334311337436	-2.52266982706299	-1.19580097188005	10.8418139123175	1
X2423672	-14.0276173689416	-2.47533986844653	-8.08669864637131	-3.46557885412385	1
X2480152	7.12834511829009	4.78533381750916	-0.643150565056346	2.9861618658373	1
X2389484	-12.6749902759875	1.87385759987609	-16.4259574191715	1.87710954330792	1
X2448739	23.190858184313	0.955217388761591	26.1892202067299	-3.95357941117874	1
X2487976	-48.376055044662	1.87385759987609	-57.6617856822036	7.4118730376656	1
X2477135	7.04479582677491	-4.58225018613301	-4.78671516956859	16.4137611824765	1
X2488505	-46.4182881904548	2.89545371712488	-51.7157708004183	2.4020288928385	1
X2474846	-88.9257810449684	-4.22741282140315	-76.3343382267505	-8.36402999681483	1
X2421098	-37.5809144310688	-5.01650177935914	-9.30665468646529	-23.2577579652443	1
X2478679	12.8769455300997	-2.00101204774289	20.3127635852324	-5.43480600738976	1
X2482400	17.1628989841708	4.78533381750916	10.1241442904449	2.25342087621654	1
X2473362	-11.2651761221949	1.87385759987609	-17.3423563977709	4.20332267569981	1
X2486520	-11.1676329829417	2.78160354612416	-17.3552787437	3.40604221463425	1
X2427456	-12.1959439422886	-4.71485830379783	-9.23118557240202	1.75009993391127	1
X2481570	-20.4871913397869	4.87515543970901	-44.9013962439918	19.5390494644959	1
X2427108	85.6178124374709	0.967772561508998	86.9511884917687	-2.30114861580693	1
X2476949	-63.5650675924763	-4.71485830379783	-59.2572594568139	0.407050168135415	1
X2446236	-115.330616737511	2.89545371712488	-114.329661156135	-3.89640929850132	1
X2485297	5.16933037767894	-0.465294464962519	6.18784042111881	-0.553215578477347	1
X2486227	20.4621464876391	-4.58225018613301	33.3023987506197	-8.25800207684768	1
X2413288	25.1257527974268	1.87385759987609	11.4681083647961	11.7837868327547	1
X2476413	-46.6375151290867	-4.08110561324856	-39.5366137785401	-3.01979573729797	1
X2385528	15.6264094735052	-4.08110561324856	5.45631400923547	14.2512010775183	1
X2481238	104.687508735527	3.33042485019971	86.4824747283041	14.8746091570237	1
X2484088	-17.9332888148775	2.89545371712488	-29.14061258649	8.31187005448768	1
X2475774	-29.2796535261804	1.62899105838533	-23.0228709004131	-7.88577368415264	1
X2445869	-58.9978192079774	0.132879882817637	-43.9090022649043	-15.2216968258907	1
X2470570	-11.5618587089458	0.967772561508998	-8.64922358857528	-3.88040768187947	1
X2441479	6.91648217324462	1.90118513146682	-4.63311609028564	9.64841313206343	1
X2433617	-19.2089742031549	1.87385759987609	-15.8582759698621	-5.224555833169	1
X2478422	-25.9976622938902	-4.58225018613301	-14.205244829175	-7.21016727858213	1
X2422797	-42.9579833580421	1.87385759987609	-46.3438794751221	1.51203851720376	1
X2480005	-43.4668498617161	0.602261106113435	-50.9108839007245	6.84177293289504	1
X2443210	-33.9882917249635	-4.01493839672457	-21.2210862685263	-8.75226705971262	1
X2484352	-4.99646962468047	2.89545371712488	-5.31757119156132	-2.57435215024405	1
X2472176	-50.7771185817341	-4.26221909006206	-23.3252506741322	-23.1896488175398	1
X2443020	-16.5866669756404	0.132879882817637	-18.678130118291	1.95858325983285	1
X2469166	-29.97194740408	3.33042485019971	-27.8942272222353	-5.40814503204437	1
X2420823	-49.1342379218816	1.90684054187001	-34.6894513192605	-16.3516271444909	1
X2488322	-28.4119205994559	4.78533381750916	-36.8511786958072	3.65392427884184	1
X2443233	35.9616370328477	6.0714181472962	12.9234974244835	16.9667214610679	1
X2472933	-51.2612009255747	-4.58225018613301	-45.4779316625519	-1.20101907688975	1
X2474068	86.4938737439892	6.0714181472962	75.3317120660123	5.09074353068075	1
X2474519	6.64400477190168	3.82506223718219	-1.34567691890793	4.16461945362737	1
X2478910	12.5270831477729	0.132879882817637	20.3187538100917	-7.92455054513653	1
X2473638	39.8905666304933	-0.768385503163918	28.6014495902394	12.0575025434177	1
X2406221	-7.40068895789523	0.518887676221014	3.54882374177181	-11.468400375888	1
X2484838	-23.0462729307476	-4.71485830379783	-12.0181974452845	-6.31321718166521	1
X2483914	-2.3399371131119	2.89545371712488	4.94550458527744	-10.1808954155141	1
X2488352	36.3596355484441	4.78533381750916	12.7588157650739	18.815485965861	1
X2479160	-52.5623880004833	-4.26221909006206	-26.4277610354586	-21.8724078749626	1
X2486432	-3.51051375319795	4.78533381750916	-15.4710732970049	7.1752257262978	1
X2447387	-82.2255678005538	1.87385759987609	-80.3776880112656	-3.72173738916427	1
X2430904	-27.2740472589336	2.78160354612416	-28.123672754277	-1.93197805078078	1
X2474644	41.1477760436008	1.87385759987609	15.5342087224062	23.7397097213185	1
X2443217	-78.9726507884541	3.23127133950551	-75.766843894926	-6.43707823303345	1
X2466851	26.0057276324181	-4.58225018613301	38.9028431370723	-8.31486531852121	1
X2486536	-11.2852971500355	1.87385759987609	-24.7154458166978	11.5562910667863	1
X2483508	9.11777030673505	2.96711924879473	1.40609711919321	4.74455393874717	1
X2472655	3.19625541830758	-4.58225018613301	18.1406104830956	-10.3621048786547	1
X2478113	37.0495407080376	-2.4876242537077	43.478647863032	-3.94148290128686	1
X2442429	32.6174489502774	-5.01650177935914	29.559053168626	8.07489756101068	1
X2443351	4.1370125761918	-2.47533986844653	2.15270646399659	4.45964598064183	1
X2436612	-25.5888842458232	1.6390452107294	-28.954652394152	1.72672293759957	1
X2446298	-60.2355813891391	-0.465294464962519	-69.1124910950491	9.34220417087256	1
X2469618	85.2040432991206	1.87385759987609	71.7759991346426	11.5541865646019	1
X2478115	27.3435732495511	1.32105710996028	21.9439674826939	4.07854865689699	1
X2483405	-28.7543129235627	-3.14719110163883	-40.4691593809155	14.8620375589916	1
X2413458	34.8591141395969	-2.4876242537077	39.4028558718803	-2.05611747857566	1
X2424151	-57.4189447431666	1.87385759987609	-69.6900451603236	10.3972428172809	1
X2486635	12.6282379467142	4.78533381750916	-10.2893970061311	18.132301135336	1
X2483902	-41.7974426170841	-2.4876242537077	-23.3227246257814	-15.9870937375948	1
X2427340	-32.6239783617386	0.132879882817637	-30.3198960329692	-2.43696221158702	1
X2475998	71.6293499058455	4.78533381750916	70.0395569657671	-3.19554087743052	1
X2480504	35.6194378309426	6.0714181472962	18.6353407183463	10.9126789652999	1
X2436598	-49.0636283690519	1.62899105838533	-46.9726550207953	-3.71996440664188	1
X2480156	34.839699000324	4.78533381750916	19.2655943182656	10.788770864549	1
X2390637	17.1564175911828	2.78160354612416	-4.36706918303492	18.7418832280936	1
X2456812	57.1632991687307	0.576161854189158	45.4399141383354	11.1472231762059	1
X2477265	-15.0350622039699	-2.00101204774289	-18.9782087471293	5.94415859090233	1
X2468151	39.5296722993491	3.33042485019971	37.6968293327284	-1.49758188357901	1
X2437150	28.8903127833062	1.6390452107294	11.3755340288288	15.8757335437479	1
X2436995	-56.7252449127096	1.90684054187001	-59.6110592733994	0.978973818819873	1
X2477318	-77.1867288526741	-2.4876242537077	-78.5783509513704	3.87924635240403	1
X2433697	50.818918377555	4.78533381750916	32.9632593273949	13.0703252326511	1
X2481929	-34.6079887473257	-0.0615686271068835	-31.5608462622077	-2.98557385801131	1
X2482499	-27.0852851909964	0.955217388761591	-32.4869415308456	4.44643895108776	1
X2488001	-43.0254230608388	4.78533381750916	-58.1013028288764	10.2905459505285	1
X2416814	-7.91426067485543	-2.52266982706299	-5.92240103605224	0.530810188259815	1
X2476043	58.7956991429902	6.0714181472962	38.7445947188972	13.9796862767967	1
X2483151	28.2655318551933	2.89545371712488	11.5664748333443	13.8036033047241	1
X2486177	-69.3535550780231	2.96711924879473	-62.6487913649998	-9.67188296181787	1
X2488179	-80.8408679492549	-4.58225018613301	-81.4277897818335	5.16917201871205	1
X2479925	-32.7703026793404	-2.4876242537077	-31.649821271255	1.36714284562233	1
X2478801	50.2540484744593	1.87385759987609	55.1989547890992	-6.81876391451597	1
X2445166	-11.5904339345255	-4.08110561324856	4.89117226931834	-12.4005005905953	1
X2483118	-45.2693796165513	-3.14719110163883	-51.2424036898266	9.12021517491415	1
X2480280	-74.3506376991368	-2.79821451682069	-57.5712416039677	-13.9811815783485	1
X2436875	-13.347483205001	0.132879882817637	-28.8533101298544	15.3729470420357	1
X2196678	-9.75060962154777	-4.71485830379783	-8.0457781469899	3.01002682923998	1
X2178513	0.069063005210019	1.85664428703454	-9.7296204896638	7.94203920783931	1
X2228733	-47.8357683186146	0.967772561508998	-42.8580538105473	-5.9454870695762	1
X2192821	-2.72032997744632	-4.26221909006206	10.3921730962615	-8.85028398364592	1
X2241823	-0.796312599736638	1.5547437293056	-9.06398498462761	6.71292865558533	1
X2161364	-71.1321860043974	1.5547437293056	-71.4646840547866	-1.22224567891633	1
X2162885	28.6163186059008	2.78160354612416	25.6918248528917	0.142890206884932	1
X2247573	20.0091752695516	0.132879882817637	20.3544302683186	-0.478134881584609	1
X2166510	53.980149291697	3.33042485019971	41.3008053688484	9.34891907264881	1
X2192835	17.0047230548686	1.32105710996028	5.74524988340699	9.93841606150134	1
X2372582	50.8821199872478	6.0714181472962	31.8021425678259	13.0085592721257	1
X2372311	-51.9043622478101	-4.71485830379783	-61.2468232905161	14.0573193465039	1
X2343347	78.1118624813349	3.33042485019971	71.2062193511007	3.57521828003466	1
X2373590	-20.3730684727331	-4.58225018613301	-10.8206226376465	-4.9701956489535	1
X2336367	-14.5221304194014	0.132879882817637	-32.5518268456657	17.896816543447	1
X2361087	56.276344332501	4.48986166476615	45.0073947869955	6.77908788073934	1
X2371625	-44.1194354501898	-4.26221909006206	-17.6976217522409	-22.1595946078868	1
X2374320	-37.9466086852661	-4.58225018613301	-17.7674386253444	-15.5969198737887	1
X2364213	21.7388265131815	6.0714181472962	23.7901028104425	-8.12269444455727	1
X2373124	18.5263100526462	-0.465294464962519	29.4954756591816	-10.5038711415728	1
X2373711	58.9519511562083	-4.08110561324856	56.2833442526174	6.74971251683981	1
X2371388	-11.975702815146	-0.465294464962519	-13.4861932382583	1.97578488807468	1
X2352830	0.282307018859864	-0.768385503163918	-1.43916792450245	2.48986044652639	1
X2343402	5.67409373714676	-5.01650177935914	21.1611539623429	-10.470558445837	1
X2348308	101.124694097709	1.6390452107294	93.6955885264391	5.79006036054087	1
X2280195	-19.3375360153093	2.89545371712488	-26.9203519439308	4.68736221149658	1
X2288858	-15.761382433527	-4.58225018613301	-18.1988155481563	7.01968330076231	1
X2298425	-19.8378124620366	-2.67699458480305	-26.4545593146795	9.29374143744589	1
X2374568	-11.4008118393926	-2.4876242537077	-1.97601591854001	-6.93717166714494	1
X2372200	-6.78232491531972	3.33042485019971	-10.7433501414338	0.630600375914457	1
X2274099	-28.1008590570456	0.967772561508998	-18.7828814921451	-10.2857501264095	1
X2372437	17.4617374593567	-4.58225018613301	34.5441643400875	-12.5001766945981	1
X2363130	51.4769915724612	4.78533381750916	31.1281118754953	15.5635458794566	1
X2303608	3.01543291614563	-4.26221909006206	31.1489366996618	-23.8712846934541	1
X2346338	17.0868935394645	-1.48415811976032	8.21582676932678	10.355224889898	1
X2343852	-15.4019596062255	-2.52266982706299	-12.260582160525	-0.618707618637557	1
X2373634	23.2437358366149	-4.26221909006206	32.9660587093903	-5.46010378271342	1
X2317284	-13.3204916117801	-3.4293482743918	-16.2717000280559	6.38055669066762	1
X2341094	63.7825808090456	4.78533381750916	22.6576552818413	36.339591709695	1
X2288901	43.4519158190036	0.955217388761591	30.5819112840563	11.9147871461856	1
X2265740	-79.1340844697979	-0.980267310863389	-67.732958774596	-10.4208583843385	1
X2356353	-20.4472060076294	-4.08110561324856	-15.4123277941862	-0.953772600194605	1
X2348613	26.1537525941511	1.32105710996028	22.9596022868837	1.87309319730719	1
X2296553	4.95806018826116	-0.99384144497028	11.1570065439569	-5.20510491072544	1
X2288418	-7.17623541465435	-4.26221909006206	14.8735133866059	-17.7875297111983	1
X2305415	26.0493510414839	-0.99384144497028	14.0346319325774	13.0085605538767	1
X2356428	67.2623330826806	-0.465294464962519	63.4734052564493	4.25422229119402	1
X2372940	40.7776734934152	-4.71485830379783	45.3334374385769	0.159094358636277	1
X2267888	-10.6184173837173	-3.28225346730628	-1.91486212845486	-5.42130178795624	1
X2280614	-28.050495159216	-4.08110561324856	-28.0558930279518	4.08650348198429	1
X2354109	16.198213191982	-4.26221909006206	39.4130115739921	-18.9525792919481	1
X2344303	29.9818464925399	-2.67699458480305	24.9183142021518	7.74052687519126	1
X2346017	37.1956533674244	-2.93566554470917	35.6903533637694	4.44096554836409	1
X2374515	-10.9652391308667	1.32105710996028	4.66300653112423	-16.9493027719511	1
X2310618	23.7250627701529	-4.08110561324856	12.8746845998568	14.9314837835449	1
X2288830	40.7516443760237	4.11602984018827	27.0267843895851	9.60883014625037	1
X2339152	25.1089457330338	1.6390452107294	14.4357439206536	9.03415660165076	1
X2374039	-59.2875419968601	-3.14719110163883	-60.6460913076083	4.50574041238718	1
X2373815	-23.7353010339022	-4.58225018613301	-20.3222794022022	1.16922855443299	1
X2345896	60.2760410222291	-0.465294464962519	59.6068311942125	1.13450429297927	1
X2565879	-5.7106310904343	-2.47533986844653	-7.41836608398756	4.18307486199982	1
X2542456	-42.0227448051099	1.6390452107294	-45.368227826248	1.70643781040879	1
X2537375	7.50982364261795	0.132879882817637	17.7419718666029	-10.3650281068025	1
X2501599	11.6306455888671	1.6390452107294	11.0398320921802	-1.04823171404241	1
X2571864	17.7472893364581	0.132879882817637	23.4343177313217	-5.81990827768122	1
X2566174	53.0065827683625	0.967772561508998	66.6031615929456	-14.5643513860922	1
X2596677	-75.5522103236903	-4.58225018613301	-58.9589250406814	-12.0110350968758	1
X2568847	0.94237377479554	-4.58225018613301	13.9444382620049	-8.41981430107627	1
X2506334	-50.4876984384209	-2.47533986844653	-46.8678738787284	-1.14448469124598	1
X2562613	-28.2785063557881	-4.58225018613301	-4.26436028631287	-19.4318958833422	1
X2518727	12.2494071105202	1.90118513146682	6.38805956531154	3.9601624137418	1
X2578240	-48.0046642474188	-2.51724415870593	-46.2670021168484	0.779582028135689	1
X2601664	41.6558368764654	-4.26221909006206	55.0720392157555	-9.15398324922821	1
X2500026	22.5398420240883	-4.71485830379783	24.830275295018	2.42442503286834	1
X2565637	9.17503592969586	0.955217388761591	16.9748584385665	-8.7550398976321	1
X2568675	7.0596637392195	-4.58225018613301	12.6899625317801	-1.04804860642733	1
X2540669	-8.54448684332174	-4.58225018613301	8.18898503222611	-12.1512216894149	1
X2594697	39.6054779640661	2.96711924879473	42.0806231797704	-5.44226446449896	1
X2572858	36.0630864811942	1.87385759987609	53.533950611296	-19.3447217299779	1
X2523907	-13.2960845024737	1.87385759987609	-3.20643882274761	-11.9635032796022	1
X2580067	37.3099955012205	-0.465294464962519	51.6077520715907	-13.8324621054077	1
X2596174	-1.69747791484052	1.13632234330236	-12.3521203622308	9.51832010408791	1
X2518636	4.61418884834476	-2.47533986844653	5.89780231771449	1.19172639907682	1
X2582400	-50.4184813871951	-0.891618395574589	-38.3474563890849	-11.1794066025357	1
X2572672	26.022826638615	1.62851646126231	36.0607653677604	-11.6664551904075	1
X2598137	63.4830970053343	1.87385759987609	72.4108513316357	-10.8016119261776	1
X2567354	33.1991732049861	3.33042485019971	22.326505039387	7.54224331539943	1
X2521911	-38.4032969210164	-2.47533986844653	-24.3082407877113	-11.6197162648586	1
X2569760	71.9699435820606	-0.465294464962519	72.3269555496776	0.10828249734582	1
X2498373	75.741298327775	0.132879882817637	82.1139982456471	-6.50557980069009	1
X2542829	-11.2485584367748	-4.26221909006206	9.65201164338996	-16.6383509901028	1
X2561416	-40.6197057671209	-4.58225018613301	-36.6430274499173	0.605571868929488	1
X2534446	34.9165890754745	1.85769095822628	21.2944470353943	11.764451081854	1
X2586746	-6.78636722611442	-2.4876242537077	1.04797315058212	-5.34671612298892	1
X2572808	39.0078286329885	4.78533381750916	30.7168928102721	3.50560200520738	1
X2570244	17.6895275008566	0.955217388761591	11.2492795158831	5.48503059621193	1
X2592111	-33.6317306507445	1.87385759987609	-44.8095418701315	9.30395361951103	1
X2562607	-65.8200322259199	-2.4876242537077	-62.4188757656896	-0.913532206522346	1
X2557393	-33.1824759516227	3.82506223718219	-53.1193318044033	16.1117936155984	1
X2502408	-4.08005244660084	-4.26221909006206	17.6868807353417	-17.5047140918805	1
X2554597	29.1977178246941	0.602261106113435	25.9029788119504	2.69247790663038	1
X2542197	46.2918694388983	4.78533381750916	41.0694434352911	0.437092186098012	1
X2522564	-18.6160547139616	-2.16514734614152	-25.0798969595649	8.62898959174492	1
X2595136	26.8586257913439	0.955217388761591	23.2035048997926	2.69990350278977	1
X2572777	40.986160347043	0.576161854189158	40.3444016411267	0.0655968517271552	1
X2503241	17.4325227280279	4.48986166476615	16.9675096375635	-4.02484857430173	1
X2551178	-1.58995845422669	-2.52266982706299	-7.81487017825588	8.74758155109213	1
X2590919	15.2049434691795	1.87385759987609	22.4739147221851	-9.14282885288176	1
X2574525	-14.7235579715145	1.87385759987609	-29.654744827763	13.0573292563724	1
X2570826	-14.3589244784877	-4.26221909006206	-7.34507952660169	-2.75162586182395	1
X2579678	8.28673006541766	-0.840716548506015	5.42759255468689	3.6998540592368	1
X2564561	-39.6573645079264	-4.71485830379783	-37.6846616605742	2.74215545644568	1
X2550073	25.7950819285447	-4.01493839672457	21.3959930921742	8.41402723309503	1
X2513681	41.0626224592991	4.78533381750916	36.6321360691875	-0.354847427397673	1
X2538960	44.157139376828	0.955217388761591	38.0537862802247	5.14813570784175	1
X2561377	-25.9547981532007	-4.58225018613301	-8.83460252414528	-12.5379454429222	1
X2532412	-35.444542407697	3.18036949243694	-42.1486105464076	3.52369864627379	1
X2565556	22.3333679488587	-4.71485830379783	26.5550764807278	0.493149771928279	1
X2552283	-37.1491738022166	-4.26221909006206	-22.3894903825212	-10.4974643296332	1
X2565179	-44.6962853531848	-3.14719110163883	-45.8229545754112	4.27386032386524	1
X2490871	-25.5834549390754	-0.99384144497028	-11.7095901901655	-12.8800233039395	1
X2574820	-21.4183010953816	-1.55057425861287	-12.593058201541	-7.27466863522772	1
X2564334	-70.5009402350928	-3.14719110163883	-68.0207954012534	0.667046267799295	1
X2594973	-50.1778922991058	1.5547437293056	-50.8490253920708	-0.883610636340663	1
X2565452	106.759109087635	0.955217388761591	103.567302292998	2.2365894058745	1
X2512178	-11.947610149103	6.0714181472962	-17.9481009559748	-0.0709273404242536	1
X2575464	3.79836651500051	0.602261106113435	12.31367188748	-9.11756647859292	1
X2585812	34.7755954558489	-1.55057425861287	50.2022472066111	-13.8760774921495	1
X2503744	-4.8453975192911	-2.67699458480305	-10.3928467045696	8.22444377008159	1
X2557572	97.531837606144	0.955217388761591	106.084293247235	-9.50767302985261	1
X2538767	21.9246590244172	4.78533381750916	10.364821801441	6.7745034054672	1
X2543449	-16.8915194722331	-0.99384144497028	-8.8495728719719	-7.04810515529095	1
X2572501	-17.2853630828652	-1.55057425861287	-4.2501346397867	-11.4846541844656	1
X2514269	-5.4991778075872	0.132879882817637	-16.4637734541726	10.8317157637678	1
X2505070	1.54550500914534	-1.48415811976032	5.67825471835014	-2.64859158944446	1
X2584498	-33.5005217905222	-3.28225346730628	-21.1361918957686	-9.08207642744727	1
X2597855	30.6742330710507	0.576161854189158	26.5209325700751	3.57713864678635	1
X2571964	-5.80652516137127	0.967772561508998	2.96181843088494	-9.73611615376524	1
X2553815	-26.7428682272559	0.967772561508998	-31.4301727794093	3.71953199064446	1
X2565952	15.3399792342938	0.955217388761591	23.9818648522292	-9.59710300669692	1
X2554909	-22.3994990187084	0.132879882817637	-4.50088764217664	-18.0314912593493	1
X2566600	58.9486948377092	3.33042485019971	43.7060966924603	11.9121732950492	1
X2569632	-14.9849922763641	1.87385759987609	-21.1122052278501	4.25335535160995	1
X2586864	-47.7921560687561	1.87385759987609	-50.4010562514497	0.735042582817531	1
X2521809	36.0786303320228	-2.47533986844653	35.44604088563	3.10792931483916	1
X2597884	37.1363621233187	0.955217388761591	26.7638387604824	9.41730597407481	1
X2536918	-50.6946513033781	0.955217388761591	-46.3395818900487	-5.31028680209107	1
X2519902	9.10652988842595	-1.08751061514449	-0.226079334417117	10.4201198379875	1
X2588067	-11.2921310508499	0.132879882817637	-4.65202615321247	-6.77298478045504	1
X2535231	-16.9045541493852	1.6390452107294	-17.6788941992587	-0.864705160855899	1
X2499804	-51.2132854437351	0.967772561508998	-44.8718402202696	-7.30921778497451	1
X2555773	-17.5479441299799	2.71944187555993	-11.8928184645446	-8.37456754099521	1
X2567788	16.9347873084449	2.90191523767151	6.67548816761936	7.35738390315405	1
X2598293	5.4816413547619	0.576161854189158	-1.69382114347068	6.59930064404338	1
X2599236	-4.99560835718808	0.576161854189158	-13.2157825374601	7.64401232608277	1
X2496607	-6.50124996051126	1.32105710996028	-6.0886592004593	-1.73364787001223	1
X2508470	0.115576078150077	-4.26221909006206	34.7805387793758	-30.4027436111639	1
X2516121	-34.3538349961988	-1.55057425861287	-15.4018860442983	-17.4013746932876	1
X2600487	8.25192531637441	-0.840716548506015	13.4398481436178	-4.34720627873742	1
X2577361	85.8006798583333	4.78533381750916	76.7484455129026	4.26690052792162	1
X2565354	-50.0151708364671	-0.768385503163918	-45.6620527145498	-3.58473261875322	1
X2493097	-78.9406773975218	-1.55057425861287	-62.2789746124708	-15.1111285264382	1
X2600777	6.56298444522421	0.576161854189158	11.1285489264834	-5.14172633544826	1
X2565276	62.1708547791018	1.87385759987609	34.0160080692666	26.2809891099588	1
X2579280	-50.0656922037775	-2.4876242537077	-47.4672236172911	-0.110844332778555	1
X2593987	2.11118373506978	4.78533381750916	1.48420589506892	-4.15835597750839	1
X2571683	-39.3553854531024	-4.26221909006206	-22.758607336859	-12.3345590261811	1
X2565864	-41.716101295278	-4.71485830379783	-39.6783977646905	2.67715477321017	1
X2524350	-33.4833879214804	-4.58225018613301	-11.2000021376417	-17.7011355977055	1
X2495391	2.76359261299141	0.132879882817637	3.43680584557287	-0.806093115399033	1
X2509171	62.0234006158229	0.132879882817637	63.8691874676086	-1.97866673460348	1
X2553263	-6.8063048278693	2.71944187555993	-7.5287692598556	-1.99697744357356	1
X2585869	-3.46780985306487	-2.47533986844653	6.04791322576793	-7.04038321038637	1
X2570659	14.0673700517087	0.132879882817637	18.9753555181267	-5.04086534923577	1
X2581426	-26.7374932507977	-4.58225018613301	-29.517691970197	7.36244890553239	1
X2532380	26.1379073249293	1.90118513146682	17.5285108714221	6.70821132204042	1
X2582406	-11.9526159362646	2.89545371712488	-12.4605157083829	-2.38755394500652	1
X2564583	-9.11520119913483	3.33042485019971	-11.3510747931395	-1.09455125619507	1
X2583040	35.0547733984152	1.6390452107294	32.4340854078226	0.981642779863253	1
X2550811	36.0030745796557	-2.75093077805125	30.2674288838151	8.48657647389199	1
X2506641	-32.5591284326782	-4.71485830379783	-30.8310847442538	2.98681461537338	1
X2600741	43.554324232931	0.576161854189158	48.6797282314326	-5.70156585269082	1
X2564531	-36.7963299897818	-3.14719110163883	-40.6081712436513	6.95903235550835	1
X2542905	22.361395842659	-1.55057425861287	43.8133691506799	-19.9013990494081	1
X2549527	1.01793878843172	1.58436363430383	-2.32359551677987	1.75717067090774	1
X2500722	-26.7847939960093	-2.47533986844653	-16.5845717438562	-7.72488238370658	1
X2537298	-41.4334896732195	1.87385759987609	-58.0937835676521	14.7864362945564	1
X2541484	48.5546487201777	3.33042485019971	40.7625976500203	4.4616262199578	1
X2542715	27.1267200806517	6.0714181472962	32.4938544967097	-11.438552563354	1
X2515919	-39.1832848393826	-1.55057425861287	-27.2584929219601	-10.3742176588097	1
X2513318	-20.662015285734	0.132879882817637	-29.7462868840443	8.95139171549261	1
X2495818	3.66991646190956	1.87385759987609	-4.96334546873121	6.75940433076463	1
X2584516	-6.22642116804427	-2.4876242537077	7.76563856899758	-11.5044354833342	1
X2508161	-12.7967123722876	0.132879882817637	6.07542564861945	-19.0050179037248	1
X2599606	27.7078878902337	0.955217388761591	17.1872743573149	9.56539614415719	1
X2570200	23.8686393616465	-2.52266982706299	28.9757009802613	-2.58439179155191	1
X2512843	16.3345485050348	-1.55057425861287	15.5554149275075	2.3297078361401	1
X2596702	48.9148303322498	0.0570494912869621	36.9521992309682	11.9055816099948	1
X2510703	20.8709813869457	-4.26221909006206	44.4413619747873	-19.3081614977795	1
X2521740	55.5375522761837	-4.26221909006206	61.3229868031	-1.52321543685395	1
X2524873	-63.5819435732988	-0.0615686271068835	-65.0155312570236	1.49515631083185	1
X2517013	32.6391472570185	-4.08110561324856	59.438160362071	-22.7179074918039	1
X2558147	31.354534588182	0.0570494912869621	39.5953800840693	-8.29789498717432	1
X2503372	23.9990330774243	5.11048956520667	17.6971862126394	1.19135729957824	1
X2578404	-55.9203264089665	4.11602984018827	-53.3214394571193	-6.71491679203561	1
X2597799	-43.4385011019815	0.602261106113435	-49.8924493408131	5.85168713271851	1
X2544382	-22.1789091925138	-2.52266982706299	-16.947150555821	-2.70908880962983	1
X2598163	-30.8734600492229	0.132879882817637	-25.7464358215326	-5.25990411050779	1
X2560176	-19.286491275586	-0.99384144497028	-17.9088923206723	-0.383757509943506	1
X2504282	-48.7599335164535	-4.22741282140315	-46.3021326732089	1.76961197815867	1
X2496359	26.7713194794778	2.89545371712488	3.00493521166933	20.8709305506835	1
X2597278	-16.7271874717628	-4.26221909006206	3.56638317516839	-16.0313515568691	1
X2585814	-52.9380022022781	-0.768385503163918	-38.2899365225976	-13.8796801765165	1
X2567826	35.5578563570461	0.955217388761591	40.8007294179629	-6.19809044967847	1
X2581344	6.19054062575793	-4.71485830379783	-11.4163823717956	22.3217813013513	1
X2533562	6.29472408617824	1.5547437293056	-9.94304942312617	14.6830297799988	1
X2596234	24.6374307268112	1.6390452107294	11.703781624829	11.2946038912528	1
X2515278	-5.98969143164958	-0.840716548506015	10.8407143177384	-15.989689200882	1
X2574268	6.03797910449394	-4.08110561324856	2.76271552980543	7.356369187937	1
X2584937	37.3404206477839	4.78533381750916	22.5821326692006	9.97295416107408	1
X2518791	-97.1375073002839	-0.768385503163918	-100.258733941947	3.88961214482672	1
X2512462	76.0345974291049	6.0714181472962	69.6681939469584	0.29498533485029	1
X2590862	4.99476290809528	2.89545371712488	-0.922715129816173	3.02202432078655	1
X2593318	7.93113356691083	0.955217388761591	1.10991582911499	5.86600034903411	1
X2492844	-35.4376365937896	-4.26221909006206	-15.2831698865596	-15.892247617168	1
X2564916	-67.4578235110961	-2.17080275654471	-61.1556926287467	-4.13132812580486	1
X2564357	10.7106592131769	-4.58225018613301	22.2172465187632	-6.9243371194532	1
X2552963	-9.36125136646329	-4.58225018613301	-4.66155251425998	-0.117448666070279	1
X2553589	46.19123758332	2.89545371712488	51.3299647067201	-8.03418084052497	1
X2572209	33.6342620476303	1.87385759987609	39.3301214309864	-7.56971698323205	1
X2596291	29.8984891398767	1.6390452107294	30.5203434674842	-2.26089953833718	1
X2500140	46.5341415599696	-5.01650177935914	58.1762386095193	-6.62559527019097	1
X2510010	84.4399862070735	0.576161854189158	77.2555693731962	6.60825497968823	1
X2552664	60.1912286624451	2.71944187555993	64.7603278418958	-7.28854105501078	1
X2601028	33.9259567940247	1.03850167719514	38.2869687282656	-5.39951361143627	1
X2600146	13.6445684679191	1.62851646126231	-4.85513630275736	16.8711883094142	1
X2496034	-15.4109050028038	0.132879882817637	-24.2030122189834	8.65922733336193	1
X2513836	15.1317931319943	1.6390452107294	6.75777377669779	6.73497414456718	1
X2595718	0.993023427680606	4.78533381750916	-4.53027638430493	0.737965994476253	1
X2589810	63.5767826892262	2.89545371712488	58.8989295792538	1.78239939284757	1
X2536690	105.261798344458	2.90191523767151	102.572172748012	-0.21228964122594	1
X2563807	-11.4311795552291	-5.01650177935914	-3.95584965412639	-2.45882812174344	1
X2577975	52.1777498879973	-1.55057425861287	59.9081596881141	-6.17983554150403	1
X2585241	106.261705588695	4.78533381750916	93.4367216622411	8.03965010894497	1
X2553370	64.8784422818067	-2.52266982706299	69.1493901873657	-1.74827807849605	1
X2556083	113.799791891584	3.33042485019971	111.731236822017	-1.26186978063264	1
X2496051	6.75047986837307	1.87385759987609	-4.01548648133214	8.89210874982912	1
X2581711	-48.6480628487234	-3.28225346730628	-32.9270128854819	-12.4387964959353	1
X2595230	-34.4229115886241	1.5547437293056	-27.5360558367679	-8.44159948116183	1
X2518871	3.04816951076788	-2.47533986844653	5.0422428706146	0.481266508599964	1
X2596419	44.1324056595923	-0.155424933391623	39.2862642575396	5.00156633544434	1
X2577388	5.6567808160907	4.78533381750916	1.69769224448881	-0.826245245907361	1
X2598789	28.4876713930403	1.39499330320848	7.12895763910088	19.963720450731	1
X2493738	-21.5559484130901	-4.26221909006206	-6.0285918435742	-11.2651374794539	1
X2596606	-119.978643792293	2.89545371712488	-120.841336313137	-2.032761196281	1
X2541431	51.1821012214528	0.132879882817637	49.9536909151971	1.09553042343817	1
X2541376	-48.5749640316058	-4.58225018613301	-32.6464733494537	-11.3462404960188	1
X2553878	2.24648458232986	3.12402265907655	4.03625842346474	-4.91379650021134	1
X2562677	-3.92701680177915	-2.52266982706299	6.65711428192228	-8.06146125663832	1
X2500696	-26.550425379364	-4.71485830379783	-11.5249780556323	-10.310589019934	1
X2571585	-6.77144212311721	2.89545371712488	1.34315138247802	-11.01004722272	1
X2587281	-78.5486969139311	1.87385759987609	-65.2368670730065	-15.1856874408006	1
X2572543	-19.1070145530413	-4.26221909006206	1.66790306239712	-16.5126985253765	1
X2528729	7.07076047514413	-4.08110561324856	10.8122292241358	0.339636864256827	1
X2586280	29.5974341250429	-2.4876242537077	34.9536482695124	-2.86858989076197	1
X2565779	-30.3143844785727	-4.26221909006206	-13.3558188146974	-12.6963465738137	1
X2540787	10.6199867081278	-2.47533986844653	26.7803977421	-13.6850711655256	1
X2517040	19.0677798994786	-0.465294464962519	24.7148920640879	-5.18181769964694	1
X2532305	7.93699471817928	0.955217388761591	3.44654456490243	3.53523276451519	1
X2510237	48.4771492422047	-4.26221909006206	59.7001925712504	-6.96082423898374	1
X2493017	-4.77393407956414	-1.55057425861287	-0.298135963397473	-2.92522385755376	1
X2493691	25.3858682885605	-2.52266982706299	35.4712323597689	-7.56269424414551	1
X2565140	-48.2576824363983	-4.71485830379783	-50.9011179631889	7.35829383058837	1
X2575400	31.1903227084212	-4.08110561324856	20.6129138072906	14.6585145143789	1
X2517115	20.3833764969366	1.87385759987609	-0.758953898074373	19.2684727951349	1
X2565268	26.5309605663512	4.78533381750916	19.2767046645868	2.46892208425515	1
X2586489	-89.0564026162569	-4.58225018613301	-84.5662231544912	0.0920707243667944	1
X2493482	-47.6098028500208	-4.26221909006206	-22.0122344040814	-21.3353493558773	1
X2506293	-30.2750489905135	-2.93566554470917	-27.7778638515242	0.438480405719948	1
X2599020	36.5121246101963	0.955217388761591	36.7578436868522	-1.20093646541764	1
X2494017	-7.33145738982042	-5.01650177935914	11.3074228537721	-13.6223784642334	1
X2523551	14.8905221188494	-0.465294464962519	16.3592328201715	-1.00341623635962	1
X2599431	92.3385350003257	0.955217388761591	101.663303913197	-10.2799863016331	1
X2582285	-13.6425626009792	4.87515543970901	-16.1481529411171	-2.36956509957103	1
X2560823	-60.7948937815123	-4.71485830379783	-49.3389926034137	-6.7410428743003	1
X2565468	40.2006123915589	-0.768385503163918	34.771234578027	6.19776331669577	1
X2541495	56.3031156726587	0.967772561508998	56.017771381504	-0.682428270354363	1
X2562305	-47.6358879273195	1.87385759987609	-44.66501137912	-4.84473414807552	1
X2592351	66.0802792343499	0.602261106113435	64.3758773531576	1.10214077507865	1
X2502156	-132.734021716094	-5.01650177935914	-106.718278734354	-20.9992412023801	1
X2565003	-71.8685542079179	-3.4293482743918	-44.7232011130209	-23.7160048205051	1
X2600517	64.3905571548922	1.6390452107294	72.3740513499943	-9.62253940583128	1
X2568576	-2.14222137706516	-0.155424933391623	8.27643399518123	-10.2632304388547	1
X2596465	-27.1915096441216	-0.155424933391623	-37.3873389005596	10.3512541898297	1
X2599156	32.0108263185195	0.955217388761591	35.0834133126996	-4.02780438294158	1
X2586819	54.4959883700822	2.89545371712488	51.7719833675266	-0.171448714569171	1
X2503660	76.2847726066781	4.01041926090465	62.0277702070806	10.2465831386925	1
X2588934	37.4732120047348	1.87385759987609	22.8566344961262	12.7427199087325	1
X2571203	-13.0275998991324	-0.99384144497028	-11.1532427097887	-0.880515744373493	1
X2585133	1.62553051524564	4.78533381750916	4.1670322621075	-7.32683556437117	1
X2559918	26.5104889343542	0.602261106113435	27.8471759913036	-1.93894816306274	1
X2595001	-51.7207528150136	1.87385759987609	-43.657569696741	-9.93704071814842	1
X2525011	-42.727920110918	-2.52266982706299	-39.1085604575928	-1.09668982626201	1
X2550213	-51.9936459699251	-4.71485830379783	-32.9248628951995	-14.3539247709278	1
X2537227	-0.136542861466686	-4.58225018613301	0.775027538985353	3.67067978568105	1
X2549808	58.8367547239443	-2.75093077805125	57.4285165420852	4.15916895991063	1
X2599646	75.3879048788907	-0.840716548506015	93.1587839596404	-16.9301625322437	1
X2579325	51.1440970462279	0.955217388761591	46.4217900589404	3.76708959852619	1
X2577635	14.6854729828439	6.0714181472962	-4.01512499014219	12.6291798256899	1
X2550948	21.3071135508041	-0.246925650829338	15.5879567789073	5.96608242272638	1
X2497955	-41.3908468620926	1.32105710996028	-45.5693679564074	2.85746398435455	1
X2584290	0.517114393367647	-0.465294464962519	0.890810031678226	0.091598826651851	1
X2523444	-11.3966512089133	-4.08110561324856	-9.07652480858581	1.7609792129212	1
X2510159	5.04030797579888	1.87385759987609	7.52002996089523	-4.35357958497248	1
X2597302	-50.97899671702	-4.58225018613301	-36.1037098947356	-10.2930366361513	1
X2494092	7.9717852327186	0.132879882817637	7.51448373417021	0.324421615730756	1
X2553050	74.2148735286532	0.967772561508998	80.5548191221621	-7.30771815501812	1
X2499921	3.49558102501418	-4.71485830379783	14.7924647609539	-6.58202543214199	1
X2590865	22.6989152558092	1.87385759987609	14.0739554531601	6.75110220277303	1
X2600161	-12.3427760418528	-0.99384144497028	-4.60005971077059	-6.748874886112	1
X2539689	-32.6785061724114	0.576161854189158	-30.5232930629577	-2.7313749636428	1
X2570657	-11.3020652847423	-4.08110561324856	3.46000805931208	-10.6809677308058	1
X2562209	-34.7248173195686	-4.58225018613301	-24.3479871407218	-5.79457999271382	1
X2497482	31.4568397906228	1.87385759987609	12.8358868383569	16.7470953523897	1
X2536487	71.6347121223252	0.602261106113435	62.1967119116684	8.83573910454296	1
X2524849	-22.6443062683959	-2.52266982706299	-20.8453304284967	0.723693987163788	1
X2510070	56.2988123808826	0.955217388761591	48.3243000023286	7.01929498979212	1
X2575193	-5.40101747788351	-2.52266982706299	-3.71456093084634	0.836213280025875	1
X2497741	-5.69407227719263	-0.99384144497028	6.8283196453117	-11.528550477534	1
X2551777	73.3410940188885	0.955217388761591	63.721256880317	8.66461974980946	1
X2596766	38.1946607228357	-4.58225018613301	52.4966158110122	-9.71970490204329	1
X2582064	53.5863049266424	-2.4876242537077	57.8226189497131	-1.74868976936325	1
X2497879	1.41244615458686	0.132879882817637	10.4139225797402	-9.13435630797087	1
X2596321	1.22030430619695	1.6390452107294	0.196976737139917	-0.615717641672415	1
X2565465	34.4133419788561	-4.71485830379783	39.6365449929487	-0.508344710294668	1
X2579958	18.0968172479031	0.955217388761591	9.22455932916169	7.91704052997988	1
X2597221	3.79148295164745	-4.26221909006206	21.0063301386626	-12.9526280969531	1
X2595070	-25.7024253028074	1.39499330320848	-30.6191060873076	3.52168748129175	1
X2563628	-25.9665217268583	-4.71485830379783	-25.7633252448204	4.51166182176007	1
X2565798	53.6747353964035	-4.26221909006206	65.8505662919821	-7.91361180551643	1
X2593563	36.7238130423128	4.78533381750916	30.1058615027012	1.83261772210261	1
X2569226	-56.9516848406839	-4.58225018613301	-36.1354319646525	-16.2340026898984	1
X2510005	42.7800244751625	0.955217388761591	34.4641600718488	7.36064701455213	1
X2538515	28.8258988739936	0.955217388761591	27.4368388073111	0.433842677921089	1
X2586139	6.77736703311797	1.87385759987609	11.6970043670544	-6.79349493381253	1
X2599310	105.098746574925	1.62851646126231	102.697392503209	0.77283761045372	1
X2570089	-30.5273464935725	-2.4876242537077	-31.6196411786184	3.57991893875353	1
X2588465	62.40929190289	1.87385759987609	58.1985332643688	2.33690103864509	1
X2596107	7.52191075226818	1.6390452107294	5.84005565269294	0.0428098888457922	1
X2511762	34.5270190706273	4.78533381750916	16.2696930178303	13.4719922352878	1
X2588962	-18.2736183784413	0.132879882817637	-5.99355395880018	-12.4129443024588	1
X2575345	-50.3757211583446	-0.99384144497028	-33.6546598295162	-15.7272198838581	1
X2573451	-6.83053715675734	-4.26221909006206	17.8208471891707	-20.389165255866	1
X2504654	61.9399902807795	6.0714181472962	50.0820066446929	5.78656548879054	1
X2523833	-57.0887717002637	-4.58225018613301	-49.7119156351538	-2.79460587897724	1
X2531573	33.5007744291112	1.72417997865044	28.3479820600356	3.42861239042518	1
X2573350	-5.12724462396362	-4.26221909006206	28.6259326405614	-29.490958174463	1
X2565056	64.258116471535	1.87385759987609	57.563510206818	4.82074866484085	1
X2549811	-22.132189109647	4.01041926090465	-36.3649957485326	10.2223873779807	1
X2562402	-31.9085930585466	2.96711924879473	-27.5534455031256	-7.32226680421571	1
X2586729	-42.9829505568025	-2.4876242537077	-31.8243984293978	-8.67092787369688	1
X2503429	15.2703303081473	-2.67699458480305	14.4024180337145	3.54490685923576	1
X2498049	20.0939954526617	0.955217388761591	2.21224665354859	16.9265314103515	1
X2490459	-6.95032306344727	-4.58225018613301	3.48214730847192	-5.85022018578597	1
X2595938	37.1429432835295	1.62851646126231	22.1210929282634	13.3933338940038	1
X2530640	-24.4051182649857	1.72417997865044	-22.2339560571493	-3.89534218648688	1
X2586559	-40.8074423809409	-2.4876242537077	-26.7974594532564	-11.5223586739767	1
X2554197	20.454735457981	2.90191523767151	19.6093083349786	-2.05648811466917	1
X2535861	5.39278850941933	0.789734420705249	6.16899334395416	-1.56593925524002	1
X2596346	75.3324374667709	0.576161854189158	63.7305768680456	11.0256987445362	1
X2580260	60.3325043016259	-0.155424933391623	54.1769097326444	6.31101950237316	1
X2534512	-17.6639646305461	1.85664428703454	-11.7894707684763	-7.7311381491043	1
X2496812	5.52211963746866	-2.4876242537077	0.970422333626823	7.03932155754955	1
X2570878	7.82000186831718	-4.58225018613301	4.29627265177381	8.10597940267643	1
X2587565	52.1866373223576	2.89545371712488	51.2940008114158	-2.00281720618281	1
X2566186	-23.1119641076584	-4.26221909006206	1.89613722592032	-20.7458822435168	1
X2529917	-11.0724470137252	1.58436363430383	-18.0232559366649	5.36644528863573	1
X2505404	-1.84821341355967	-1.48415811976032	-10.0846277760438	9.72057248224438	1
X2588718	27.8567033805297	1.62851646126231	16.3544032425069	9.87378367676037	1
X2591115	-61.8586992993542	-4.26221909006206	-38.0752806916619	-19.5211995176305	1
X2569358	-44.4158756419416	-4.58225018613301	-39.5846643224501	-0.248961133358636	1
X2584938	38.4564020710096	4.78533381750916	22.2387283943005	11.4323398591999	1
X2547417	-25.437231287817	-2.59519927808096	-13.7159159748847	-9.12611603485117	1
X2539774	31.9408549252826	0.955217388761591	25.195329698506	5.7903078380149	1
X2552827	77.6392811231936	3.33042485019971	73.7131144628102	0.595741810183684	1
X2595725	30.6445168183103	0.576161854189158	24.5302409350067	5.53811402911406	1
X2550461	32.3544364368933	1.85664428703454	41.351075691998	-10.8532835421393	1
X2586969	-41.9325058573657	2.89545371712488	-37.7901605620566	-7.03779901243386	1
X2549383	44.2563842557464	1.62851646126231	32.0814474461081	10.5464203483759	1
X2526543	78.6569400844334	0.602261106113435	68.9341880032016	9.12049097511825	1
X2508128	-44.8192271502792	0.132879882817637	-30.0507895586703	-14.9013174744264	1
X2589300	4.1836481122655	3.82506223718219	-7.56119329800691	7.91977917309025	1
X2497131	-58.654833468091	2.89545371712488	-55.4817337179147	-6.06855346730107	1
X2509661	-5.41685904032927	1.5547437293056	1.4289242694601	-8.40052703909501	1
X2519458	-46.5724097656587	-0.768385503163918	-51.2491570797286	5.44513281723388	1
X2531600	-41.5163982022583	-4.01493839672457	-26.5967887855846	-10.9046710199492	1
X2543107	61.800019533573	1.90118513146682	60.4086580509357	-0.509823648829433	1
X2513110	-43.9285599416569	1.13632234330236	-49.0576896988748	3.99280741391549	1
X2552500	23.1658506405613	0.924796786372702	14.1901770979034	8.05087675628506	1
X2548112	48.045392748065	0.967772561508998	34.9153367063954	12.1622834801607	1
X2575304	-7.93418925194265	0.602261106113435	-19.412816535814	10.876366177758	1
X2587480	-0.923649780641962	-2.52266982706299	4.78918888217397	-3.19016883575294	1
X2511142	13.1544808076522	1.85769095822628	14.8050209392938	-3.5082310898679	1
X2504902	-13.430085284911	-4.22741282140315	-9.02634825766541	-0.176324205842397	1
X2519013	-5.19617251167925	-2.67699458480305	-1.68431338524035	-0.834864541635884	1
X2552278	15.4196549211157	-5.01650177935914	31.280307729955	-10.8441510294802	1
X2491260	14.5480997544776	3.33042485019971	8.41331735544056	2.80435754883726	1
X2551947	-15.5547106070388	0.132879882817637	-15.3336356061724	-0.353954883684051	1
X2574045	-2.12148041307249	-4.08110561324856	2.29270159262934	-0.333076392453339	1
X2536730	33.4230424344795	0.955217388761591	33.5704058107014	-1.10258076498326	1
X2515716	-21.8988878681887	-1.55057425861287	-13.4712677028641	-6.87704590671176	1
X2599430	77.477761386084	1.62851646126231	77.7992608654192	-1.95001594059785	1
X2540207	53.304388165081	2.30345496888418	53.5661611907136	-2.56522799451689	1
X2582232	57.3612031488859	1.32105710996028	43.7786995634828	12.261446475443	1
X2600236	19.9510388874842	-0.99384144497028	26.6421248106725	-5.69724447821807	1
X2536356	9.70526595373053	0.955217388761591	-7.38691776654433	16.1369663315133	1
X2498236	69.5839060854315	-1.48415811976032	62.2315409330836	8.83652327210839	1
X2570031	-50.9954545658207	-2.4876242537077	-44.3640088907432	-4.14382142136966	1
X2597873	-6.08252998000625	0.132879882817637	0.95669430176404	-7.17210416458775	1
X2599155	4.10623748242521	-0.155424933391623	-0.148976531345368	4.41063894716221	1
X2529138	-1.8163991425411	1.87385759987609	-14.8984899098617	11.2082331674445	1
X2500078	31.7714097026661	-2.47533986844653	38.7790743709123	-4.53232479979966	1
X2555722	-24.8068194965567	3.33042485019971	-23.08868941095	-5.04855493580624	1
X2571921	22.6465808450073	-2.00101204774289	33.2419273732534	-8.59433448050326	1
X2504180	15.4940952023533	-4.22741282140315	25.0926080103874	-5.37109998663088	1
X2518032	4.6725455268151	1.03850167719514	5.08871573924705	-1.45467188962714	1
X2599652	29.6312264043076	-4.58225018613301	41.6089359804699	-7.39545939002903	1
X2601529	35.1743172450955	0.576161854189158	40.1540122993876	-5.55585690848157	1
X2571997	51.4918483711169	-2.00101204774289	58.0423156864816	-4.5494552676217	1
X2539662	20.4362180802825	0.955217388761591	13.4574098500746	6.02359084144611	1
X2560378	-0.710503280014549	1.62851646126231	-3.54430842372134	1.2052886824445	1
X2590663	31.5756314725016	-0.0615686271068835	37.731653568244	-6.09445346863534	1
X2579837	8.55502755303484	0.602261106113435	2.47096512334935	5.48180132357214	1
X2598118	13.3117678783868	1.6390452107294	23.3313019429961	-11.6585792753386	1
X2560758	66.8297957969926	0.576161854189158	68.1139702562993	-1.86033631349603	1
X2575725	68.6868146584862	-0.99384144497028	88.7905961285457	-19.1099400250893	1
X2516439	-22.518336106876	-3.14719110163883	-34.965311478117	15.5941664728798	1
X2570529	-37.647765279771	1.87385759987609	-37.052724038783	-2.468898840864	1
X2601357	63.9224280333336	0.955217388761591	61.8395137196277	1.12769692494422	1
X2564623	29.6664828765188	-3.14719110163883	28.8304194995008	3.98325447865691	1
X2557087	16.6825528181802	4.78533381750916	4.97561115320369	6.92160784746724	1
X2571126	-45.4383959255797	-4.58225018613301	-23.2268136257484	-17.6293321136982	1
X2590204	-12.4192931991023	3.33042485019971	-14.7097936370744	-1.03992441222755	1
X2574335	-81.484886894478	-2.00101204774289	-80.232092057998	0.748217211262956	1
X2518310	0.961202635968188	0.576161854189158	3.92912296198864	-3.54408218020966	1
X2593406	49.3165282270311	0.955217388761591	42.8595400465116	5.50177079175782	1
X2585597	10.23184018618	0.132879882817637	11.8654738370741	-1.76651353371189	1
X2570480	36.5706696502757	-4.26221909006206	42.6686154045108	-1.83572666417295	1
X2491603	-48.064752390408	-4.58225018613301	-37.5608197927522	-5.92168241152286	1
X2552861	65.3981514214351	3.33042485019971	45.7111595067748	16.3565670644609	1
X2598844	20.5250335470049	0.955217388761591	19.3190897260362	0.250726432207	1
X2601265	-12.3024479155973	-0.465294464962519	8.08108288579402	-19.9182363364289	1
X2508413	-29.6998407392438	0.132879882817637	-12.620224757132	-17.2124958649294	1
X2575445	28.0159426604114	1.87385759987609	35.5997962721146	-9.45771121157934	1
X2589702	18.6475423647142	1.32105710996028	25.7903008409331	-8.46381558617913	1
X2579223	-41.2591645964437	-2.52266982706299	-47.5546043814381	8.81810961205747	1
X2568402	44.7594594955536	-4.58225018613301	54.9846429556555	-5.64293327396866	1
X2575486	-76.2139974558849	1.87385759987609	-64.1925225946516	-13.8953324611094	1
X2598715	72.7083044541443	0.602261106113435	68.4130961828939	3.69294716513704	1
X2573043	8.08650894349498	0.132879882817637	26.1817949698358	-18.2281659091586	1
X2570760	48.9811076543072	-4.08110561324856	53.7365378736858	-0.674324606130154	1
X2575998	-6.77355298365196	1.39499330320848	-4.04511532365065	-4.12343096320982	1
X2572057	2.95612764342536	-4.26221909006206	21.8590386236663	-14.6406918901787	1
X2577560	-1.85049155202348	-0.465294464962519	0.567068559150035	-1.95226564621106	1
X2595248	-35.9977267764538	1.87385759987609	-26.7751457405898	-11.0964386357401	1
X2579058	-14.3476843192107	1.87385759987609	-19.6366484795719	3.41510656048512	1
X2574883	21.2424945764958	0.576161854189158	17.2803237515895	3.38600897071721	1
X2520257	-51.1189549455194	1.87385759987609	-50.7592513167654	-2.23356122863009	1
X2542846	-11.3309773263751	1.6390452107294	7.7392944285852	-20.7093169656897	1
X2554656	53.3333763754761	0.955217388761591	59.5223838747884	-7.14422488807369	1
X2574501	35.9641462437276	-2.4876242537077	44.6436097483801	-6.19183925094479	1
X2508512	-9.03566964853345	6.0714181472962	-21.4499103591184	6.34282256328865	1
X2538803	26.9842707235067	4.78533381750916	22.7420980116374	-0.543161105639808	1
X2546608	35.4540075918481	0.576161854189158	36.4722295136529	-1.59438377599393	1
X2573069	12.3586039188762	0.132879882817637	32.3162047134588	-20.0904806774001	1
X2545307	31.8342885812085	0.576161854189158	14.0338268842528	17.2242998427666	1
X2573387	-38.4126851242144	-4.26221909006206	-15.4538242237394	-18.6966418104128	1
X2531919	12.906105812674	1.85664428703454	0.154019793229952	10.8954417324095	1
X2550995	34.1614992066917	-5.01650177935914	33.1039177304178	6.07408325563309	1
X2508246	1.00348107408511	-4.58225018613301	10.9853151094469	-5.39958384922874	1
X2550714	8.80462310934168	-2.67699458480305	8.93971330517903	2.5419043889657	1
X2510683	27.5920537200356	0.132879882817637	47.7454916320364	-20.2863177948183	1
X2552009	-49.3930569101704	-1.08751061514449	-40.6690609525321	-7.63648534249402	1
X2508020	13.6631477796097	3.12402265907655	26.2340675604015	-15.6949424398683	1
X2570398	16.8243637756173	1.87385759987609	15.5734886201221	-0.622982444381004	1
X2524241	22.7739050895103	-2.52266982706299	22.1921098107367	3.10446510583657	1
X2505935	9.58291892604609	-2.75093077805125	-0.882742274141475	13.2165919782388	1
X2563360	7.42051336564093	-4.26221909006206	20.6499025685766	-8.9671701128736	1
X2523346	1.84984966183533	-0.840716548506015	12.2807042427729	-9.59013803243161	1
X2588391	32.1537852098939	1.87385759987609	20.3444142834836	9.93551332653434	1
X2504964	-29.8806370042293	-3.14719110163883	-20.81122941143	-5.92221649116031	1
X2565771	-47.163088687728	-5.01650177935914	-25.6125027704599	-16.534084137909	1
X2557464	54.9577879342962	2.90191523767151	50.1945261057474	1.86134659087741	1
X2581911	25.4262886068346	-4.71485830379783	24.4530743397066	5.68807257092567	1
X2597825	26.2616688074903	0.576161854189158	28.7535832623651	-3.06807630906384	1
X2564842	26.9199549966512	-0.465294464962519	35.8788074580146	-8.49355799640082	1
X2570501	21.6112931766258	-0.99384144497028	17.9821297690403	4.62300485255569	1
X2599336	64.807503310036	0.576161854189158	72.2743429972281	-8.04300154138128	1
X2601747	14.4504655530987	-0.155424933391623	15.4543952489132	-0.848504762422861	1
X2597451	25.9745441579408	1.39499330320848	21.35474072044	3.22481013429246	1
X2556150	61.9231123348681	-2.52266982706299	71.5148782490624	-7.06909608713142	1
X2568348	-7.97279027604073	1.87385759987609	6.41478596500195	-16.2614338409188	1
X2517972	-28.1333902030587	0.576161854189158	-19.4983117875343	-9.21124026971369	1
X2506639	28.6720336161121	-4.58225018613301	37.6458746161001	-4.39159081385515	1
X2572429	9.19568158330869	0.132879882817637	11.3257435813096	-2.26294188081861	1
X2572175	28.7626740960609	-4.58225018613301	41.8436196689726	-8.49869538677864	1
X2545305	-40.9421298723582	4.78533381750916	-61.0147525334885	15.2872888436209	1
X2574042	-0.721286241591515	-4.08110561324856	9.47681962505117	-6.11700025339424	1
X2497385	-26.0738900123311	1.32105710996028	-41.9793557618931	14.5844086396015	1
X2537072	25.3813119987341	1.87385759987609	11.5125191884662	11.9949352103919	1
X2566938	33.610732813571	3.82506223718219	32.1194415599557	-2.33377098356691	1
X2598600	-56.8098364301799	0.602261106113435	-61.6111807058002	4.19908316950675	1
X2523569	71.4552102281253	6.0714181472962	49.7180805273733	15.6657115534563	1
X2569836	-1.41658783444264	2.89545371712488	-5.39357447788001	1.08153292631243	1
X2512554	21.8544403392674	0.955217388761591	14.2164140171904	6.68280893331537	1
X2525757	8.77957003472279	-2.52266982706299	18.6314417939001	-7.32920193211433	1
X2557549	92.9234338256262	2.71944187555993	91.8603269693602	-1.65633501929386	1
X2556253	21.0986722208898	2.71944187555993	18.9655738557394	-0.586343510409612	1
X2541284	31.0922524466685	2.30345496888418	35.9537501472131	-7.16495266942878	1
X2565955	4.19117332876822	0.955217388761591	12.4084351679522	-9.17247922794566	1
X2496907	37.8219491743368	2.89545371712488	30.0737247783553	4.85277067885668	1
X2551996	-30.7279470963709	-4.01493839672457	-23.5364890161331	-3.17651968351316	1
X2592460	33.1768166550264	0.132879882817637	28.7004606259816	4.34347614622718	1
X2560452	30.4346848379763	2.90191523767151	27.1985563894946	0.33421321081019	1
X2545382	-37.4513354189393	-3.4293482743918	-26.5761724285434	-7.44581471600393	1
X2514543	-20.6048697289755	-1.1048686392168	-19.6312289769935	0.1312278872348	1
X2498293	13.6927337960129	-0.768385503163918	0.312805311456075	14.1483139877207	1
X2492654	-23.9452091510617	-4.26221909006206	-21.3317070201258	1.64871695912618	1
X2601067	68.1040128010721	2.58782976825121	67.2547369947551	-1.73855396193394	1
X2498086	-48.0369646846547	0.132879882817637	-37.5961173485233	-10.573727218949	1
X2551130	30.035110972034	3.18036949243694	19.0325230252197	7.82221845437732	1
X2542813	-49.3726773644343	-4.26221909006206	-24.0562627792793	-21.0541954950925	1
X2571037	-12.1947385629952	-2.34780790936109	-1.03353036063551	-8.81340029299864	1
X2522370	-27.4977262865881	2.30345496888418	-30.6581665404689	0.856985284996459	1
X2520345	39.4898964571839	-2.47533986844653	41.5034298963474	0.46180642928309	1
X2564002	-25.3352483108113	-4.71485830379783	-13.1820596481608	-7.43833035885274	1
X2596375	42.2801294874914	0.576161854189158	20.5021174365785	21.2018501967237	1
X2508751	60.2529479556057	1.32105710996028	57.7491003328544	1.18279051279108	1
X2511698	-47.9089313956204	1.85664428703454	-39.5825723723827	-10.1830033102722	1
X2563667	34.4608480085023	-4.58225018613301	47.6198593445571	-8.5767611499218	1
X2550279	-8.14245985512054	-1.17653417088665	-11.2891487406245	4.32322305639054	1
X2567397	-53.0986186213693	3.23127133950551	-59.6531117259388	3.32322176506398	1
X2591075	28.3441459771645	-2.4876242537077	43.7595671207051	-12.927796889833	1
X2519828	-23.4691066444811	-3.55310021179052	-29.6195306120252	9.70352417933471	1
X2557701	3.82612110263097	3.12402265907655	-8.96641674069728	9.66851518425163	1
X2555761	32.1448468379468	3.33042485019971	32.371968315874	-3.55754632812683	1
X2545720	-19.1126457101442	-2.52266982706299	-13.5460739671423	-3.04390191593891	1
X2588510	93.8561287059805	0.955217388761591	93.8061858619885	-0.905274544769641	1
X2513268	-12.1580243209872	1.6390452107294	-13.8192602908288	0.0221907591123283	1
X2592594	-48.5585183770067	0.132879882817637	-41.4409720774151	-7.25042618240918	1
X2599882	64.678839563921	0.0570494912869621	64.0322775165566	0.589512556077202	1
X2540195	21.9285782620562	0.967772561508998	17.6342680692721	3.326537631275	1
X2516322	-49.6215643890486	-2.52266982706299	-39.1344990354024	-7.96439552658319	1
X2539671	43.1689053553819	1.87385759987609	26.8583781872383	14.4366695682675	1
X2568942	26.9069586015769	-4.58225018613301	30.3543883352736	1.13482045243623	1
X2575910	-40.637032624495	-0.99384144497028	-32.5185250086638	-7.12466617086088	1
X2589089	34.6169617613571	1.87385759987609	25.7215574523695	7.02154670911151	1
X2540091	-37.7879103300735	2.30345496888418	-36.1864929019079	-3.90487239704967	1
X2541277	9.05718811481748	6.0714181472962	9.99451418618902	-7.00874421866799	1
X2535984	24.7633924759093	1.85769095822628	15.4469617943999	7.4587397232832	1
X2296553.1	4.95806018826116	-0.99384144497028	11.1570065439569	-5.20510491072544	1
X2288830.1	40.7516443760237	4.11602984018827	27.0267843895851	9.60883014625037	1
X2303608.1	3.01543291614563	-4.26221909006206	31.1489366996618	-23.8712846934541	1
X2371625.1	-44.1194354501898	-4.26221909006206	-17.6976217522409	-22.1595946078868	1
X2373124.1	18.5263100526462	-0.465294464962519	29.4954756591816	-10.5038711415728	1
X2374515.1	-10.9652391308667	1.32105710996028	4.66300653112423	-16.9493027719511	1
X2317284.1	-13.3204916117801	-3.4293482743918	-16.2717000280559	6.38055669066762	1
X2373590.1	-20.3730684727331	-4.58225018613301	-10.8206226376465	-4.9701956489535	1
X2288418.1	-7.17623541465435	-4.26221909006206	14.8735133866059	-17.7875297111983	1
X2373634.1	23.2437358366149	-4.26221909006206	32.9660587093903	-5.46010378271342	1
X2468151.1	39.5296722993491	3.33042485019971	37.6968293327284	-1.49758188357901	1
X2471796.1	-10.1673206328356	-4.71485830379783	0.540413734699739	-5.99287606373738	1
X2469907.1	7.71626963086985	3.33042485019971	1.95668363884976	2.4291611418203	1
X2462865.1	-19.6290838472032	-2.4429968296262	-18.1423371362063	0.956250118629276	1
X2446298.1	-60.2355813891391	-0.465294464962519	-69.1124910950491	9.34220417087256	1
X2400497.1	-23.660586843978	-2.52266982706299	-30.3170276668529	9.17911064993793	1
X2481581.1	7.73387726986374	4.87515543970901	-22.8436830491649	25.7024048793197	1
X2456504.1	-28.1292642788571	0.955217388761591	-36.202232207536	7.11775053991729	1
X2433577.1	-4.38491876537631	-2.4876242537077	4.99383459842539	-6.8911291100941	1
X2474613.1	-29.5492603318949	1.87385759987609	-41.7018221628119	10.2787042310409	1
X2390944.1	-1.61967757439496	2.78160354612416	3.44040240871707	-7.84168352923617	1
X2472516.1	-45.3029474617624	-4.71485830379783	-44.111481471205	3.5233923132402	1
X2471415.1	-72.0341789968141	3.12402265907655	-81.7665160956446	6.60831443975409	1
X2423821.1	-26.8498850391059	1.87385759987609	-29.0916900381257	0.367947399143814	1
X2447387.1	-82.2255678005538	1.87385759987609	-80.3776880112656	-3.72173738916427	1
X2475073.1	-39.4233262582128	-4.71485830379783	-41.5723119854594	6.86384403104451	1
X2434065.1	-40.5023002278837	2.89545371712488	-53.2568979590895	9.85914401408104	1
X2377948.1	-29.5422575325091	-4.26221909006206	-7.40409387157243	-17.8759445708744	1
X2419565.1	22.6025997117499	6.0714181472962	1.2472145703401	15.2839669941135	1
X2486520.1	-11.1676329829417	2.78160354612416	-17.3552787437	3.40604221463425	1
X2429480.1	-8.4791444238974	-4.71485830379783	-16.5475261640239	12.7832400439242	1
X2467419.1	72.7116327108657	3.33042485019971	59.4720297228302	9.90917813783565	1
X2478115.1	27.3435732495511	1.32105710996028	21.9439674826939	4.07854865689699	1
X2455742.1	30.3382853236871	-2.52266982706299	33.3679492180227	-0.506994067272757	1
X2470570.1	-11.5618587089458	0.967772561508998	-8.64922358857528	-3.88040768187947	1
X2420552.1	17.3936785099924	-2.4876242537077	26.198705865845	-6.31740310214495	1
X2484838.1	-23.0462729307476	-4.71485830379783	-12.0181974452845	-6.31321718166521	1
X2473798.1	30.3053457893179	-4.58225018613301	50.2640545352681	-15.3764585598172	1
X2430295.1	-19.7948131928574	-0.768385503163918	-20.7506768706586	1.7242491809651	1
X2435652.1	42.5271172489917	4.78533381750916	37.0383660228641	0.703417408618499	1
X2486478.1	65.7387893781479	4.78533381750916	46.656699446056	14.2967561145825	1
X2445166.1	-11.5904339345255	-4.08110561324856	4.89117226931834	-12.4005005905953	1
X2419587.1	28.710203234823	-1.55057425861287	53.8289613598676	-23.5681838664318	1
X2474198.1	33.9932245324716	-3.14719110163883	32.3789539893603	4.7614616447502	1
X2409479.1	7.83975490594756	0.967772561508998	10.5699348067709	-3.69795246233209	1
X2472028.1	-23.9999773989858	-4.58225018613301	-14.5659173465406	-4.85180986631227	1
X2416814.1	-7.91426067485543	-2.52266982706299	-5.92240103605224	0.530810188259815	1
X2469166.1	-29.97194740408	3.33042485019971	-27.8942272222353	-5.40814503204437	1
X2474668.1	-5.79477182152525	1.87385759987609	-24.212768464536	16.5441390431347	1
X2478679.1	12.8769455300997	-2.00101204774289	20.3127635852324	-5.43480600738976	1
X2469618.1	85.2040432991206	1.87385759987609	71.7759991346426	11.5541865646019	1
X2475089.1	-46.0735663057835	-4.58225018613301	-43.7094965321412	2.21818041249087	1
X2476528.1	30.33922479428	-4.58225018613301	37.4640108085892	-2.54253582817627	1
X2466851.1	26.0057276324181	-4.58225018613301	38.9028431370723	-8.31486531852121	1
X2474977.1	-25.7034169925695	1.87385759987609	-32.7351766591634	5.15790206671781	1
X2479682.1	13.9010488967499	-4.08110561324856	26.9822985133753	-9.00014400337672	1
X2429990.1	14.1390748382482	5.11048956520667	3.84334273360505	5.18524253943653	1
X2389408.1	29.9892422125692	1.87385759987609	25.9672333771372	2.14815123555596	1
X2467971.1	-69.5678304314265	-4.58225018613301	-65.5976112691532	0.612031023859623	1
X2427108.1	85.6178124374709	0.967772561508998	86.9511884917687	-2.30114861580693	1
