<Trait>	Trait_1_H2_0.9	Trait_2_H2_0.9	Trait_3_H2_0.9	Trait_4_H2_0.9	Rep
X2910931	24.8713761279438	0.797894671907437	24.3796883390317	5.54006316644604	1
X2910932	-1.47457286318204	-2.63270696807061	6.51746802915038	0.285788142535631	1
X2910933	-13.7864279941635	0.613043275202289	-22.108150762166	2.83871343185423	1
X2910934	-7.42338606166319	-1.25172743939986	-9.58482307138514	1.8572642209268	1
X2910935	0.444816675821257	4.14943897539776	-6.31846325419835	-3.27588587533945	1
X2910936	14.0440793380198	-0.0901834121810157	15.0244788108783	-4.70109102210437	1
X2910937	-5.55989713710164	1.04775891324223	-1.50728399343157	-8.088292576072	1
X2910938	-22.3422201073725	2.37425008162985	-26.4022851257615	-7.18138996670082	1
X2910939	9.9339860632834	-0.11691991865562	12.3057352349992	-8.5163607940281	1
X2910940	17.2267223586314	0.526723058668603	11.6213697976025	-1.122612603773	1
X2910941	1.55866845070769	0.479348012583671	-3.85557926795513	-1.85932202863981	1
X2910942	-27.8403423648896	0.424872801854218	-19.0802806107974	-6.08784489829469	1
X2910943	-21.9013361746444	0.2798243706126	-16.490221369484	-1.72647792619805	1
X2910944	-2.11698638999111	2.28215540154671	-3.57320437923318	-4.19312769422058	1
X2910945	-19.2303125961999	-1.36275749859086	-25.1773295788469	-1.1546929950665	1
X2910946	-6.05175705444287	-1.475474646912	1.21022625118865	-10.065983481802	1
X2910947	-31.0847338245566	1.46540967232338	-26.6324695462437	1.72166655719087	1
X2910948	5.42348596728664	0.881145281824853	3.54879839275218	-1.04656523576382	1
X2910949	-21.6416518511572	-2.67799585545209	-14.6315830323217	-7.75039920265471	1
X2910950	-10.7805768803117	-2.20863322652928	-9.32856547560999	0.84196840419736	1
X2910951	-20.4049820870847	-0.476965770811645	-7.84563638576377	2.6941315996318	1
X2910952	12.5417364841008	0.396160726338716	17.5312357669775	-13.2000284500121	1
X2910953	32.6221048252005	-0.142648779860393	27.4427933289155	3.66812657029737	1
X2910954	-10.6906839961691	1.587838114272	-1.81752819593059	-3.14511214171507	1
X2910955	-6.24002241414838	0.540090996420791	3.36547514747204	-9.28736064600042	1
X2910956	-26.1559309214208	0.0736281912509904	-18.4447463611247	2.31237246130131	1
X2910957	-2.52342013408541	-2.57118345949318	8.79478639027402	-2.55928745291923	1
X2910958	-2.18644607825048	0.672796873597049	1.34231792521028	4.00154055001585	1
X2910959	-9.48348649900366	-2.04222586670002	-2.7280715423423	0.357560797227941	1
X2910960	-10.4024370586256	0.57120592089527	-3.67229265093336	-1.60118351390378	1
X2910961	17.8000981094506	-1.12416432735585	28.9135510935034	-7.51121947735718	1
X2910962	6.63361662479435	1.19363018864374	6.81672039499311	6.43015039234314	1
X2910963	32.7794390543575	0.732407564237096	32.2032120697875	-5.51296866691696	1
X2910964	9.50064641589009	-2.26432631129958	2.6829592050068	8.51381863620054	1
X2910965	9.24952545710603	1.74209088573536	11.3245890074986	-3.07169307043302	1
X2910966	18.2245703498934	1.34674030942699	25.7552626218226	-0.253600551562173	1
X2910967	26.1321118277902	1.3702938053361	37.9144605995889	2.22921603958451	1
X2910968	8.48140607805665	-1.49592548346522	-7.21861815626685	7.84210527266682	1
X2910969	28.8770815073381	1.32967660252709	27.7932028433156	-2.41870683965188	1
X2910970	27.0665432796214	5.42162695391726	23.7779659056511	-0.826795944202033	1
X2910971	30.7763284772404	-0.155956549004825	19.8617167312052	9.07230141851314	1
X2910972	-0.745841640011193	1.95654625113456	4.94592643986354	7.05728306006786	1
X2910973	11.751468075214	3.14575404924914	14.1608387952303	-0.979779403370293	1
X2910974	17.1800947184794	0.931405221377887	12.4685759990982	-5.24677969291345	1
X2910975	1.06287681351968	1.37315507771795	-2.55960871005101	-1.47048251793169	1
X2910976	17.0071897547368	-2.79935705993668	5.31397024657816	11.4352247303774	1
X2910977	-1.34371623380798	2.23517967006007	-2.36697448499951	-16.5185682463076	1
X2910978	3.29108349329318	-2.27705762778257	3.45750237415001	-0.204806902894927	1
X2910979	45.5861107796889	3.29133796351993	32.4394082174064	7.88880922427202	1
X2910980	57.4397982202438	4.09877981229954	32.7533152243919	11.1072018523785	1
X2910981	6.2555811185596	-2.6783854793083	12.3644907570187	1.43293242350487	1
X2910982	19.5278725962134	3.37243711335603	7.13299531700053	5.00263537270613	1
X2910983	25.6418444835906	-2.9585574420363	24.9338456987819	1.62138073215843	1
X2910984	59.3429171506997	-2.96281731869154	37.283740068841	7.77019881787113	1
X2910985	-14.2646643632111	-2.85342514537397	-6.15479809034988	0.530572063798676	1
X2910986	-14.088178863586	0.727209070023125	-15.5538814460072	-2.8459801338502	1
X2910987	35.9025149988113	3.38778954436796	25.1181508089768	5.36445223238172	1
X2910988	4.99920475393777	-2.52666168970518	1.75768080536152	7.29573032890152	1
X2910989	67.6967695682975	3.97164851102076	48.4707107497893	2.84715671852128	1
X2910990	-12.4692873370158	2.99768450555572	1.69714378234235	-2.37579222721313	1
X2910991	28.1714527834999	-0.116519424072026	18.6485493373659	-0.57669203999774	1
X2910992	45.9864277108031	-1.67754603661719	31.3812227929888	7.64794356641214	1
X2910993	-8.40153359160528	-2.01592455403402	-9.69539508774008	4.1707052206368	1
X2910994	22.5384694130848	1.40794455520074	13.968564931266	7.08955191320133	1
X2910995	17.0858226837142	0.237704220560245	15.4044836956476	-1.69642524402335	1
X2910996	-25.0186890465549	-3.06265329293428	-14.3827840821791	3.84600937599544	1
X2910997	38.764399373113	1.29395635770113	24.3291192056841	7.45725384589118	1
X2910998	-7.56818575079522	-2.86817951942491	-7.34281537672043	-0.418259972327857	1
X2910999	23.9837119500779	0.01372265899525	12.8890024593782	3.49112673819972	1
X2911000	13.0819265328585	-0.103617804111896	-9.12346101044712	4.5072345299487	1
X2911001	-0.372343187646042	-3.44549379409381	11.3268936339252	9.67083631667728	1
X2911002	3.30504837103345	-0.416387266602809	10.4529132790841	1.40067659498004	1
X2911003	24.6567002461431	0.670752188186346	12.6340303722953	12.2645483409727	1
X2911004	-4.34310864540001	2.91862465605826	5.22807629849388	-1.1724254213476	1
X2911005	23.2736616051733	0.931915524387419	20.4767007153162	-0.998419484021529	1
X2911006	18.6982915029348	1.60013319161768	9.59894087379995	11.2036811749137	1
X2911007	7.18953392395173	-1.36460697084967	2.8751015770228	-1.55454129798774	1
X2911008	19.8746088978266	-3.01547484459063	-0.744706792058647	5.27734052055354	1
X2911009	1.39485666081792	-3.96814678982666	0.847300558457631	10.1311113830379	1
X2911010	-8.45338828282032	1.59940679454684	1.10600471883936	-5.05106576366263	1
X2911011	3.54402097409696	-4.06856771704091	-2.96882173085247	4.35217268160583	1
X2911012	10.2929446232883	2.52828386182936	8.53702393553809	1.2663527950182	1
X2911013	16.163122656903	-1.6703475939048	28.8331046451893	-5.2996600063407	1
X2911014	30.2212182221465	-1.56246160891929	0.0255269695660578	9.15823560420163	1
X2911015	26.9630539114089	3.29513122205196	22.9821618720417	1.59201056147752	1
X2911016	-27.3368007138822	0.135428215633947	-38.1425401268048	0.98944206097685	1
X2911017	15.4855411198453	0.187112664296414	15.7083277948724	0.0349044542837249	1
X2911018	45.5123191199907	0.812401610389967	36.7619859205386	0.826458810027177	1
X2911019	-38.1881910024745	-0.679803471782235	-36.4943903761276	-4.51832821504021	1
X2911020	-11.2486375512222	-1.50833216666803	-2.93771562754223	3.06889474026121	1
X2911021	-7.23245300310169	1.07339832769904	-11.5812967594397	-2.95161069705654	1
X2911022	23.2231856579764	-2.69399248787931	26.1427263549114	8.00711882629989	1
X2911023	-13.452530267311	-1.23973816949164	-20.17560503347	-5.58541732186238	1
X2911024	3.69660695481706	3.09464136233424	-1.59501091495254	-5.63947116504401	1
X2911025	-1.17565153131051	3.10375262046008	-4.01133892646739	-4.00095577549313	1
X2911026	-19.4956118707316	-1.49159226604536	-8.73664314376357	-5.50956002367823	1
X2911027	-3.43411223956182	-2.56668657118764	-6.11318895649557	6.00154114971651	1
X2911028	-21.6935271265392	1.72849078335613	-27.6264767402164	-11.543582716122	1
X2911029	-21.9549895542382	3.76135591594582	-15.3079862967242	2.06011779015045	1
X2911030	-10.6509151255826	1.88188368920389	-7.3186287513854	-1.50184876154959	1
X2911031	6.20162017909115	-2.4431878823468	-18.2107749380409	2.67130199672586	1
X2911032	27.4199140444293	3.90241957146551	24.2182017947552	-1.79525603373444	1
X2911033	4.1626294677148	3.7042495819595	13.8348102214316	-2.99418039462586	1
X2911034	16.675896346284	-0.968337442009747	12.0215419107874	5.0863972068404	1
X2911035	-28.7656792106151	0.135826849573997	-24.2570443886399	-7.95122564227109	1
X2911036	-16.5632323409449	-0.39952248075791	-3.62350956780587	2.2126939915349	1
X2911037	2.84489546619777	0.530731309406345	-0.977964384518398	-0.720867253227161	1
X2911038	-11.340429493288	0.279026131600887	1.07095752108034	-8.62363826295173	1
X2911039	17.4421630797288	-3.49390832076276	34.3565735188572	3.990711452326	1
X2911040	18.0121501311829	1.45411810545256	7.41689132818586	7.2013211177318	1
X2911041	-11.649016038326	0.526466194410707	5.42405366042996	-14.3525695159067	1
X2911042	-27.2488453851419	1.19409300996657	-18.9152476891937	-6.88372521142905	1
X2911043	60.8663718660485	-0.0944447668619619	42.9204350367775	-5.69234822838506	1
X2911044	17.5553494728658	-0.193202962014512	2.74979082280097	14.2797719683251	1
X2911045	-39.1319647700268	-1.79854904188429	-38.7437515550254	-2.23301870563657	1
X2911046	-26.0939550534345	2.6831473837203	-27.5045911989263	-2.52356846312093	1
X2911047	16.2292333389816	1.36897657189833	20.2924392386456	-0.793564130902942	1
X2911048	3.81713809426371	-1.82435380662216	-9.91168699789683	5.28990260546863	1
X2911049	22.2593742522072	1.0170993289276	10.4132108052607	5.41558943733675	1
X2911050	12.4379384529529	-1.39560917771175	3.56965791204586	-7.22498361447035	1
X2911051	29.5522543726582	-2.27802658767573	21.5361124270806	13.9190705375374	1
X2911052	-33.5103540253118	2.18543156079646	-17.4865479142255	-9.69411888896723	1
X2911053	-3.03145745489818	-1.80710869620102	1.93273048958314	2.84744063862908	1
X2911054	-5.45783083663552	-3.1015379923063	-7.80356964693601	-0.0486998604886282	1
X2911055	0.268619732061596	0.0490493910173064	3.85136787359128	4.58771113698184	1
X2911056	11.9372634073207	-4.22444537899367	17.3810772912537	4.04656624780223	1
X2911057	-4.04681785736868	-0.760934753589515	3.33778416321598	5.01357716945977	1
X2911058	23.1388584161791	2.06069865886029	23.7347583285877	-2.41178191523875	1
X2911059	5.9516663647726	-3.21097877949097	0.376331774052646	0.523800217896918	1
X2911060	-3.84189169879123	2.08329802327527	-11.2206308666359	-5.63771924272351	1
X2911061	25.7764199578113	-3.65442788617581	16.0604590652969	4.83875918538858	1
X2911062	-34.5810857611906	1.67526046839248	-24.6309785406904	-1.6462083987488	1
X2911063	15.2080679831448	-2.98296893978327	15.0788185427243	10.7886597270432	1
X2911064	-8.13074429428246	2.56232991013806	-11.9925395236134	2.31362295942706	1
X2911065	13.0122343295517	1.34420646834534	-1.10369059339056	4.92276526859512	1
X2911066	-34.8967578303891	0.398177781747787	-38.6222216155826	-3.16968800674749	1
X2911067	-14.9561234513079	-1.85295084693675	-27.4554555277216	11.9353888026396	1
X2911068	13.4740382216394	-2.26806145280224	17.5101170903877	5.85589784637143	1
X2911069	-10.1169350158087	-3.44649016980613	-10.8188219003069	8.82526127443443	1
X2911070	21.3712927139239	-3.34150854329121	14.0111403473746	4.96351356286603	1
X2911071	22.3903121578738	2.16213436376649	-12.6125308222879	14.1974419190522	1
X2911072	40.0547130787207	0.438248791693427	23.2164688181323	8.34495855104552	1
X2911073	17.4438801431911	0.570342633173789	1.73079866893953	3.14532887066327	1
X2911074	28.3950826268744	-1.12402002600394	15.6817629913833	2.8376556790334	1
X2911075	19.8631835324392	-3.59128349289009	20.3494697757272	-1.12595993832835	1
X2911076	-16.5403233374302	2.64196380674996	-25.2491971159278	1.8979391621458	1
X2911077	30.5130546137945	0.477784181198878	30.5760849224903	-9.99226156820863	1
X2911078	25.6182316505698	1.64496235254191	11.5610694784254	1.3757175634163	1
X2911079	-21.8663283946562	1.67429830517166	-28.7884479737164	5.10777087977663	1
X2911080	-2.44622407313449	-3.31956551344143	12.924451479362	-4.03375197083337	1
X2911081	23.190118208305	1.17102311808186	27.4537439974776	-0.119302622471921	1
X2911082	16.0973328939413	-1.95748455852674	6.05868265011407	1.70177189317564	1
X2911083	-18.3991371087228	-1.8825494034293	-17.0905352816366	-3.44483499349316	1
X2911084	-10.6720160041216	-1.29384208791213	-22.6862167612624	1.04476802576727	1
X2911085	10.393312949205	4.37285194732515	-0.449717084653466	0.568128985710747	1
X2911086	37.8906492991755	1.35791419710327	30.2072158434375	4.22893608965716	1
X2911087	-10.1842346643983	-2.45913736331342	-10.865673462275	0.0952764534810233	1
X2911088	6.60946161213822	-2.2048248142772	13.8403142751432	0.997227119854596	1
X2911089	5.90385157590255	4.04973352481459	-2.6214812273374	2.96575132719863	1
X2911090	23.9310388638346	0.718485203255041	7.39935225420233	5.73955847950807	1
X2911091	17.6240475357026	2.79756128692223	4.15071290548388	2.70464943477169	1
X2911092	4.76683934858916	-0.42501996521771	5.86792967124992	-7.08530901242979	1
X2911093	-30.7806579939527	0.289782684077357	-30.9478686159096	-0.360729410010807	1
X2911094	-0.0790579252713366	-0.791273828454969	11.9253758368144	-7.0425461160513	1
X2911095	3.4551062516488	1.06973513042134	10.1030460446312	7.66123124015398	1
X2911096	16.3050646366533	2.65129485005761	20.2163545297774	0.757985701935552	1
X2911097	-10.0849406615107	0.152239501362681	-6.16108958235916	1.79785535738343	1
X2911098	-17.3589800237231	2.84393502311722	-13.4402072792849	3.48073150352914	1
X2911099	-9.43613359290645	0.574906730877254	-13.8605446750842	5.96106893850344	1
X2911100	9.45913634074046	1.28797050451503	7.04278866304056	9.54873381385734	1
X2911101	-11.4001507718243	2.5306172059186	-0.757712799098667	-2.7815975956787	1
X2911102	0.565934531039404	-0.658995536416471	12.0654235888097	-4.5440934108768	1
X2911103	-0.33055928654267	2.76380384455057	1.36628224371088	-14.0112196863625	1
X2911104	28.909141080802	0.896088414712802	38.2782308416902	2.33451142728506	1
X2911105	24.8120324165309	3.77671731657176	18.3759093901826	2.46163320524492	1
X2911106	-4.49393196604642	1.59308482839646	7.06678170390253	-6.15693194097776	1
X2911107	1.0453834962796	-2.51525590491392	3.98070880556052	-3.48790236403228	1
X2911108	22.2482412988542	0.825636215692774	12.9690963044354	2.8340846336273	1
X2911109	10.9674684357502	-4.50853379598315	23.2019341162254	8.2552877521098	1
X2911110	1.70216030515113	-1.19530236936416	1.07016713556329	1.604649741178	1
X2911111	23.6134746805902	0.529143017416365	30.952447256841	-9.9291600826452	1
X2911112	-9.22978284658097	-3.41111699897666	3.30282822207748	-1.82670221489508	1
X2911113	12.6866612728202	-0.216888696895706	0.878988776132639	1.70987987265814	1
X2911114	14.8582507519812	-0.425721340983062	24.2321187280829	0.41726642025901	1
X2911115	21.5719282382653	0.0240285545340914	28.9878366193873	-2.63935073360282	1
X2911116	6.10009251410006	-0.176007322900143	13.4715698220994	0.102617663962596	1
X2911117	-11.6525819342958	1.83931366385459	-19.6125327931171	2.63706376154135	1
X2911118	-1.81548943278118	-2.94203977423063	6.09115551744391	-3.89527957935532	1
X2911119	5.13145456523567	1.93331865648463	22.1930214842724	-12.3409404971701	1
X2911120	12.5483131995241	0.218123239960755	14.6390397816646	-8.72560328386731	1
X2911121	9.79814826940025	0.177870395821063	2.85753870802259	1.05141850885177	1
X2911122	-4.18639834114007	2.85853422387682	-2.38568217172119	0.264964746023087	1
X2911123	-23.2949773158419	-0.88906080954675	-35.6288530778896	8.58581968746506	1
X2911124	23.0621190090859	-0.615265378493656	23.4777713478107	-5.91951124863304	1
X2911125	-29.0129140857749	3.67699539351028	-28.2647542189331	0.311795787963384	1
X2911126	1.33290404444043	1.61333532953389	3.29315991014199	1.0482569547083	1
X2911127	3.08438540144466	4.56513343077557	-3.16900823175513	5.92208785916652	1
X2911128	-14.9233706042008	2.4167986345928	-2.08848549938053	-11.5024467359977	1
X2911129	3.88737493557795	0.615331864868817	3.67688415800817	0.496919145027292	1
X2911130	6.93620714663839	0.253285036401222	-5.62131691213759	-0.679535139344773	1
X2911131	-1.59154272712368	3.88360201903298	1.85213636605525	-11.9049182827928	1
X2911132	6.20813662919978	0.546488229310997	-4.42600283490029	14.5748058873893	1
X2911133	10.5507635163094	4.31937067874626	4.1414015878328	-0.0677607245983459	1
X2911134	-23.0352327865194	0.0646773973878441	-23.319636904639	-9.02917940142764	1
X2911135	27.7792920029291	-0.582883947700694	18.5031064436622	-1.36904239452474	1
X2911136	15.9159024413808	-2.84715821208624	17.4953365697777	5.26727448057057	1
X2911137	-13.1642920848567	-2.6769476909025	-19.2300805911086	-0.933415244930786	1
X2911138	-16.2472064476634	-2.25608878560234	-12.6247623351555	8.81019231089293	1
X2911139	-49.1330177410864	0.282443962751417	-39.3778232513734	-1.38616680120996	1
X2911140	8.62219718062729	-0.0658411292420401	19.0220789830639	-1.49485720440599	1
X2911141	12.4415937848378	1.68822253944299	22.6213818846488	-0.870035445033014	1
X2911142	16.8740563985809	1.67263644017017	6.86157767813045	9.25619848657655	1
X2911143	-23.8434737540546	1.51579583713056	-14.622855246702	-1.01426690522015	1
X2911144	-4.37822282956479	2.99978246880316	-1.00884132376661	2.55755637803575	1
X2911145	-7.41894232749685	1.0378650892175	3.39928976925143	-7.75324554144996	1
X2911146	-21.1523636631575	-2.89751958599106	-14.8743075601957	3.48892167571847	1
X2911147	12.2278183497357	3.77118731249447	13.2679871311326	2.86486726046908	1
X2911148	-8.77420674380626	-2.47878071623576	-15.3106701376029	-0.837734532472299	1
X2911149	0.793466572699932	-1.93224940638685	-3.18030111343911	-1.17673976561299	1
X2911150	11.2289165895532	0.546844184289583	1.60824360251648	-0.14420998153645	1
X2911151	-6.17067737780023	-3.08282806990276	-3.80260053184987	1.82091559886304	1
X2911152	1.44682354784134	3.85364631683508	-21.6525064010088	7.39943239065084	1
X2911153	-23.8175645605331	0.291176486640622	-21.7733750135481	-4.68682300672628	1
X2911154	-0.606992419192482	1.55923826689305	11.8511468196947	4.00799435785928	1
X2911155	-30.9342957416057	-2.31183576084162	-35.5335675979994	-1.94306612862856	1
X2911156	12.8043189832321	1.35726188101852	25.0154627902959	-3.97775640902152	1
X2911157	-1.69544153831886	0.344319118011442	-1.9797282697576	0.620366337341976	1
X2911158	15.3459673081506	-1.7609037923692	4.79002834367711	9.39448414197026	1
X2911159	-44.0574728888698	1.78152174071442	-53.1025612938513	-2.75527612780939	1
X2911160	-6.01568648125324	-2.58503237193541	-1.40038699681468	-2.76059076886658	1
X2911161	-10.761505502801	2.30170300002371	-7.4948499548652	-1.69126687249602	1
X2911162	-18.5452762587957	0.130199173892316	-10.196198394064	-2.76781724226595	1
X2911163	4.77840677269497	0.906759360522653	25.7000033641987	-10.2116050297409	1
X2911164	0.441922685030987	0.807493140690817	-0.130010341405587	-4.65870036400149	1
X2911165	-1.54269873601085	3.08629602309748	-9.0537238421364	-1.38909532575983	1
X2911166	-1.56202970314403	-2.59586984542444	-7.76589744884158	5.30638378245911	1
X2911167	-44.5068858925464	1.03059639891276	-41.5455878769755	-5.71854784164719	1
X2911168	18.5820337114827	0.882647977037408	-8.11934778285657	3.43511749523	1
X2911169	3.74588342962227	-2.54121564113627	5.61895605224558	6.46561179540811	1
X2911170	18.7556954894249	2.61535972443323	12.8381289888317	4.04099522283568	1
X2911171	-8.00736255164943	1.06676626885247	-2.7497506203604	-7.00139867304122	1
X2911172	-13.7932164258491	0.474494091282645	-31.5667524374801	6.73295235199954	1
X2911173	29.1711921503004	-1.96458560333281	39.0798243271969	2.97170866892772	1
X2911174	5.10126530141585	4.58827698328948	3.77805587715954	-4.23953747923525	1
X2911175	-8.02364962832336	0.597066824363932	-17.5471900753724	7.20349497074923	1
X2911176	10.7987521500266	4.32480423200186	7.54895142003665	7.15853088966165	1
X2911177	6.90570013752407	4.55390466565897	2.84346526254543	-0.687408698889636	1
X2911178	29.7798362203843	-1.14135392732864	13.2758634060215	6.3922436471138	1
X2911179	15.3506328521225	0.138512404113911	15.1864819868544	3.44966186786185	1
X2911180	-2.2752805627896	0.432233208530546	0.292499819917288	-1.58695369827005	1
X2911181	3.6404709762993	-0.469727684395872	14.4140990290684	-5.16747040334462	1
X2911182	14.7372499816066	0.543069981264077	9.30956862796814	1.52326566098239	1
X2911183	20.865018054951	4.45477253373196	17.5535411138	4.07516992190477	1
X2911184	1.87329382376406	5.12673069672628	-13.0113605663915	5.43236272362356	1
X2911185	18.1708379081465	3.63300257078014	-6.19399219554263	6.4189057353356	1
X2911186	-44.0312211413472	3.27741320563015	-48.9713879776243	2.55052218281406	1
X2911187	-11.6919469260815	3.78203872056662	-13.0186489376019	3.01940871186493	1
X2911188	0.98020056809161	0.145008878644057	9.75871425349587	-1.05425735324063	1
X2911189	6.45700481784126	-0.82345422841278	11.6436606796828	7.12446428797525	1
X2911190	-67.5121286159593	1.23496876595176	-63.9603103197576	-9.34085292169615	1
X2911191	53.0553809196015	0.837396556101211	34.186738347849	0.0793668803876088	1
X2911192	34.0130404742666	0.288907686488095	19.0546645293568	9.81443072764842	1
X2911193	-23.1451320203289	1.75941211466778	-15.319318000147	-0.750599103534453	1
X2911194	6.8954267699055	3.57584684537803	4.05535953333122	-3.659249467153	1
X2911195	28.4991265613611	-1.9734115503343	24.358293903011	9.28359602284932	1
X2911196	11.9217116290442	-2.43445695062818	8.49275650546318	11.8078280295314	1
X2911197	0.792081002343468	-1.72527550086743	10.2845330440971	5.93642712163993	1
X2911198	17.4805836567013	-0.629001027153513	-6.26775501470186	16.4307132380932	1
X2911199	9.98771754331569	-0.147670936531506	16.1106977995402	9.49414475202573	1
X2911200	-39.6638079516169	1.28194507448825	-23.6254232336588	2.57925375048007	1
X2911201	3.33147836088798	0.279910026574772	4.42638034581742	-1.73300587142764	1
X2911202	11.7578726013561	-2.20849506748502	0.0782907442144203	8.3529507653226	1
X2911203	35.2322982537763	-2.48239194621003	14.8839433365994	7.19399440543493	1
X2911204	13.8989901979776	-1.91486525625873	2.15872948948541	7.28236799829013	1
X2911205	16.5829730772378	-3.03585455655612	2.13576612732262	7.12367958130227	1
X2911206	9.31682831439954	0.814023576436471	11.665632920921	2.42847116737945	1
X2911207	-5.68333012374679	-3.66622253292921	3.39332165380599	4.34293182399823	1
X2911208	11.044198775065	-1.95400296773577	-2.77376626319085	7.31801691224027	1
X2911209	-6.5241532831868	-0.64659315012045	-6.20187205724078	10.9094561519589	1
X2911210	-13.5377710968033	1.31977928152218	-20.0109850738822	-3.01409509713664	1
X2911211	1.70008431681343	-3.66042043647947	1.84640688350501	4.51464700278292	1
X2911212	5.04763902368582	-3.13773150560936	6.89822315271243	-2.22938892311126	1
X2911213	-2.76661128461642	-5.04577441410763	6.19374620806439	3.64792427965105	1
X2911214	19.0692203790297	-1.07265450176159	22.6562982857153	8.29515953046792	1
X2911215	-11.9295231808823	-0.103220805914295	-15.745531429225	-2.69084132975647	1
X2911216	2.84292856814259	-1.39227624215261	8.08030781594212	-2.38800763358034	1
X2911217	40.4971602681335	-3.95952700984887	48.4458653267893	6.20550077167579	1
X2911218	16.9057798697655	-0.130608229888206	25.6236345883223	2.92681519723623	1
X2911219	-17.0898269241931	-1.59533166419444	-19.0411777724288	0.365655616790283	1
X2911220	0.271977279198734	-3.81833177548753	0.813209469355264	-2.21631013713143	1
X2911221	21.4835059402917	-4.72968274720347	21.0363411311805	7.76381762749851	1
X2911222	2.48666696689198	1.15983279976395	5.7454841762199	3.23683592201921	1
X2911223	28.9611261827642	-0.0420198654312974	25.8692350197337	-3.0841605676289	1
X2911224	9.01384688894067	-1.00034918380131	6.32165324880646	-1.38743035210686	1
X2911225	13.2323498840778	0.43179717869209	9.72973331497903	10.1329149316648	1
X2911226	-13.137620981585	-0.0470357130135844	-4.46174890822873	-1.9279550889917	1
X2911227	9.30944018495246	-2.58506641019585	1.96176845516277	8.20332530129022	1
X2911228	-8.94730461350981	-0.338606379946816	-7.32694700676312	-3.24978840877299	1
X2911229	-6.46958126680864	-0.335946613226738	0.471057792177557	-7.74237193534673	1
X2911230	16.4017804625279	-2.57873660538857	11.4788611018595	5.65601359277701	1
X2911231	12.583159977872	-0.0190806843423021	6.50676963838376	2.21697288054106	1
X2911232	4.4123236198587	-2.88528067233366	7.82512777627501	6.15454873995776	1
X2911233	23.576479838716	-3.1181273674848	20.1584050699615	7.18087395000748	1
X2911234	-36.8743080505528	-1.70420084783268	-24.6787961979945	-5.27305935527396	1
X2911235	-2.81278371020531	-3.18973298936825	-5.43806950203239	0.933932077989973	1
X2911236	-39.4249036878968	-2.13746909238098	-23.0600729400173	-1.85377188690858	1
X2911237	-14.5568207676449	-4.07686702688198	-6.60918499841094	-5.82977837752981	1
X2911238	9.23496125755763	-2.22131736214857	-3.74903839810619	10.80445002156	1
X2911239	8.75840503993902	-2.81392092850157	11.5727587430186	-0.976981231232399	1
X2911240	0.679105508914399	1.09028632435517	10.8160727629201	-7.76333551142347	1
X2911241	5.59998660633214	-1.39356465077317	1.32457650031078	-1.53232520869647	1
X2911242	3.83497779184443	-3.12724794309658	-3.86218279316595	2.97394515611298	1
X2911243	8.384397334349	1.16834437075616	1.11592110354439	9.8931335558521	1
X2911244	15.8773826825948	-3.73162530602165	24.0275919535406	4.40222228536115	1
X2911245	-0.528840196773365	-2.82427919682736	-9.45793886486635	6.96460504748987	1
X2911246	5.12422724703383	-2.17770310419196	-6.22442039480063	6.45923339152242	1
X2911247	3.30767930870723	0.605904647767687	-6.27271221703949	9.33398500608262	1
X2911248	-10.4047918660142	-2.84757523528659	3.06913782140992	-6.28657879338061	1
X2911249	30.15885243879	-3.33665097626299	30.6172068152547	4.11274899801897	1
X2911250	41.6383633130608	-4.0616049459924	27.89700008609	3.73887076692392	1
X2911251	-25.9470284547615	-3.02680190912626	-23.0693045854237	2.08722811413992	1
X2911252	-32.9844163944124	-0.644856523188398	-28.2416709888234	-4.5841114165542	1
X2911253	1.02929431262204	0.382086950157111	5.17509279235987	2.05284930974593	1
X2911254	-25.6644741042319	-1.63785168968748	-20.6329605233992	-4.60676631227144	1
X2911255	7.75800784298303	-1.75586298395201	13.8988766627083	-5.32246591135309	1
X2911256	-27.3503481924442	-2.90898431349708	-8.37897886281035	-5.59453131090849	1
X2911257	-0.529370231355387	-2.56559001585541	-7.33464168420722	7.84598256509423	1
X2911258	3.20813335320997	-2.60148069851604	0.13986332961852	9.41756504997413	1
X2911259	3.62043913539457	-3.51023237993165	7.57674253041981	-1.96467262125905	1
X2911260	-10.731903371564	-0.397679073568111	-16.1764682079855	6.21601910955798	1
X2911261	12.8019641703077	0.3126578508968	12.2082523882069	-0.611668441894369	1
X2911262	23.2848267948272	1.63677626714607	21.2446996744696	-3.41213653478664	1
X2911263	1.05591441736571	2.55136646614906	-12.4009251609425	7.11322091984925	1
X2911264	-2.08972955652954	-1.80614363523556	-6.47588566844975	2.41215624407856	1
X2911265	-12.7623884668602	2.09704934512262	-10.8046558133197	10.6841829200973	1
X2911266	-46.8368252582914	1.09558534523187	-26.6485536851296	-10.2874847749369	1
X2911267	-16.1654515112532	0.629783085182375	-25.4444612224559	-0.49782032389684	1
X2911268	-18.9288585110355	3.37813307388969	-12.1782033363863	-5.40978158418039	1
X2911269	3.76767739228797	3.27236792975891	-0.513917359797949	-2.43563098744641	1
X2911270	5.92738984409528	-2.51117371931346	9.70457677787064	7.32868254555859	1
X2911271	2.38594000442513	0.379969125250281	17.3194619662062	-6.31896243353951	1
X2911272	-4.37444100531017	3.53584989222418	-18.4834391360578	4.93469316492178	1
X2911273	1.74364958669329	-2.35645732389334	4.71653519852443	7.18611826137466	1
X2911274	-32.3312354157854	-0.46489155762281	-13.4345068325938	-2.28127842479059	1
X2911275	21.7487341444208	-2.61995014051132	46.1566407699954	1.48062869287981	1
X2911276	-13.1977933753882	-1.19965499965293	-33.1741350634502	5.61333218677058	1
X2911277	-21.5834738725728	0.432604277392377	-14.5244245358752	2.84523574915939	1
X2911278	-22.2529359266124	1.03875872992046	-8.85944545261807	-2.14800431971717	1
X2911279	-7.81815305107341	0.746908307422489	4.13998710900247	-2.63583673609105	1
X2911280	-1.87969100966749	1.35276120080839	-12.6337372543696	8.53936291494645	1
X2911281	3.5073458650743	2.24842737827414	7.94912699489977	-3.41454140932266	1
X2911282	7.64458640708507	0.0907564271161675	16.811936548203	-7.59459993669605	1
X2911283	10.2158644712799	0.455109977838832	10.471513095626	6.08922851974702	1
X2911284	0.0150749465535789	1.24078128164514	-2.43238832042008	-4.5199259755466	1
X2911285	-0.494193453642546	-0.0520109338243867	5.03358258088783	4.44389085979324	1
X2911286	21.9431954335562	2.51915393049358	5.91810098995225	-0.589349176131572	1
X2911287	32.6576604063098	2.48176806714838	16.26101227592	-1.64333497309457	1
X2911288	-22.7822322905599	1.59788625514633	-14.1736672155053	-6.33844934143848	1
X2911289	5.82656375395787	0.686918716785916	10.7207061256822	1.77729189417958	1
X2911290	24.1580804918133	3.51875853864621	28.4962655779478	0.454921478120632	1
X2911291	1.36415754889163	0.796274445931606	-2.39237889340123	1.24971396783105	1
X2911292	1.618513449749	0.441432370938406	8.14502318451133	-2.40322931087605	1
X2911293	1.94123823468701	4.1274897354568	-19.5332799550815	-1.87494188247881	1
X2911294	-1.2073455314311	0.355751155729942	-8.40938601527383	2.93382530044891	1
X2911295	-18.3228121126894	3.6871281881199	-25.9561152718022	-1.47304593749631	1
X2911296	-39.8835966672555	-0.613912860317722	-27.4833786030995	2.25015842721755	1
X2911297	-6.70673082211004	1.28566136218647	-7.81144253511655	-0.199574039104892	1
X2911298	32.5750786292996	-0.00141001272275065	37.8843819015694	5.52208154333087	1
X2911299	20.2549444002994	1.99588898207525	5.1355856196371	2.45796245590712	1
X2911300	-29.1536467875017	-0.517477835837119	-8.40540760629727	-1.36711368592398	1
X2911301	-1.976267802828	0.97701482755903	-8.49962958931184	-5.3367942743284	1
X2911302	-1.45422758728654	3.9143248868986	-2.06979600653139	1.07605195330681	1
X2911303	0.177116863833182	0.262953099660597	-2.53753768642771	3.18412746862517	1
X2911304	2.18611996861996	2.75479877887419	-12.6552078953934	2.92723241233541	1
X2911305	25.3882946278654	-1.07381807365059	25.1891143398286	1.93600413770519	1
X2911306	-20.8424398554574	1.27064435945072	-40.064461106486	-0.113185362674079	1
X2911307	6.88698731076847	-1.32944913251796	18.9544322122735	3.58611072767155	1
X2911308	11.064541582257	-2.98101871047916	14.7435740125586	-2.25596700156987	1
X2911309	48.6779031009565	1.16217562328657	11.0355215672982	2.02326423791845	1
X2911310	-2.69581976463861	-2.49274954367409	0.55279087389929	2.98061238299215	1
X2911311	-11.2036632887576	-2.40340237375304	-6.60135088703368	0.208288030880396	1
X2911312	-1.05888618440786	-4.25668267130817	-10.3962862410884	2.79208696969818	1
X2911313	2.95193225985504	0.464685682461948	-7.01626295270339	-0.539139638298881	1
X2911314	-6.83835975330332	-1.42703848382393	-5.97839477533052	2.4978836639185	1
X2911315	-23.5588371238798	-1.84275096564961	-24.0746653260611	9.35921233356705	1
X2911316	-1.9213632866866	-1.26755265690817	-4.49001756522763	6.9715099123676	1
X2911317	10.0160319242572	3.12023442069093	9.39378256050454	-7.74085150368902	1
X2911318	-34.6326929751361	1.75248748852236	-28.0121057252602	-3.89560427949971	1
X2911319	7.05846406895688	-1.2381658149981	19.7246534082295	1.11541342371545	1
X2911320	-20.6697632243756	0.682365456553313	-18.1224406909391	3.77672148490582	1
X2911321	26.8931855614011	-2.97936363240796	16.398094943299	3.1091004462702	1
X2911322	5.2544341565098	-1.66515667520243	12.2592796082682	9.83941590230553	1
X2911323	25.1465799511539	-1.27518769534475	3.29696716287416	10.2880492631942	1
X2911324	25.2635303494981	0.989829818934296	31.360342509935	4.35003396643896	1
X2911325	10.1628283886666	-2.44093148074951	-8.72591137126783	9.41645649364005	1
X2911326	15.9174040314023	-1.27913289185228	10.3052653516457	6.44517864603924	1
X2911327	-9.41511938805754	4.94581141442181	-2.77677525646281	-0.0749861787839146	1
X2911328	11.6923815610732	0.739518706140179	0.729868951743169	5.53132396540887	1
X2911329	1.12089428417433	0.247945285797818	-8.46591885665523	7.81409845305964	1
X2911330	-0.0382906844485502	0.590064023524491	-8.94957557941736	11.2183420158238	1
X2911331	11.2077478736	-0.00802252734558734	3.86688290558549	4.03875773753757	1
X2911332	-2.85872483311669	2.77587299710134	-3.22673816159521	-7.3455425350582	1
X2911333	12.1086923379887	3.86645696168313	3.35420612938995	4.69037783355739	1
X2911334	4.05728446458634	2.89385454070039	-9.84893386504445	3.7335798308965	1
X2911335	-2.45974549574946	-0.71800124187174	-9.56883623649981	6.35927388094794	1
X2911336	39.2265545316813	-2.22824890401306	42.0885549516701	0.755930559694075	1
X2911337	28.7169339580051	0.662018105721007	26.4586722476987	3.59235397000628	1
X2911338	-9.49795170785268	0.345810597040672	-11.8476137569356	4.28973912634743	1
X2911339	12.6938268877	-2.22120854591542	33.2953301258172	-5.91195387591143	1
X2911340	-7.79599408638983	1.76870053316867	6.07357498664514	0.204038856197944	1
X2911341	0.0546006500885827	-0.218570814352043	1.36786848977817	4.21151098496792	1
X2911342	39.9981186618097	1.65343039233001	26.7234966662996	2.37527260053566	1
X2911343	3.09238978801932	0.404220211520422	-0.0207150819271797	-0.0434041235274141	1
X2911344	-0.296440950542788	-0.857111233651155	-7.67441994893444	-1.48055558370579	1
X2911345	-9.49190631324783	-2.48026629835412	3.4312139852008	-6.68487593216287	1
X2911346	-34.6954768790855	-0.324276339297612	-21.4893186488765	-4.36010759496272	1
X2911347	24.7889361287267	-0.477779625488009	23.9812327564369	-5.32346021464915	1
X2911348	-18.4059010462454	-1.43292263279669	-22.3139721372784	0.0144219757836772	1
X2911349	-9.69556439026608	-1.83008094011321	-10.6429863974217	5.70038601433416	1
X2911350	-7.60540629090056	-2.12077851489542	-11.896781293472	0.021385176328574	1
X2911351	-15.989239662798	-1.33070949279194	-31.718911618535	8.00911770736671	1
X2911352	44.6346117643097	-0.64969785693661	55.3232114210289	-4.72999674322635	1
X2911353	-13.4135670126831	0.742360850475714	-4.33311255573834	-3.27783591844051	1
X2911354	-17.2409370386065	-1.60577917412057	-14.2041932669537	-4.38709233567225	1
X2911355	-24.2788129032357	-2.6772746060404	-2.27754438286316	4.09485652933389	1
X2911356	17.3448166702692	1.90033436360319	15.1109581595475	-0.843906509183109	1
X2911357	-19.6794296578011	-2.13677718338603	-17.4675088354958	-0.91302563732666	1
X2911358	-15.6092776824784	-1.37531358988928	-2.70128118461622	-6.80368437117856	1
X2911359	-5.53869542347786	-2.11256891009473	8.23107844167983	-2.9170999324748	1
X2911360	-5.97005668792394	-2.0545669844343	-1.24762201843185	-15.9433982512656	1
X2911361	6.8380654414498	2.40930732684295	11.8699917217362	-5.47524437480496	1
X2911362	-9.08035269574112	1.46733688389366	-11.4585123325733	0.703792754952622	1
X2911363	23.7521528869613	0.140816433953032	32.099443766199	-2.46872241900284	1
X2911364	9.5713390109708	-1.84624082966046	6.17806255780033	5.21120563533098	1
X2911365	8.23992882363731	3.04763187862258	6.96513000731852	-2.04665241214718	1
X2911366	6.50567791460675	0.184917333340426	6.18351605605875	-7.63875811821882	1
X2911367	-18.8049355188179	-0.943435790834592	-10.7834892836425	-4.36214350576485	1
X2911368	-25.6641877449269	-0.32155420325418	-9.19681000239401	-2.28500305370569	1
X2911369	3.95142017889147	1.76040213921419	-10.3554433324535	-4.02104134397201	1
X2911370	8.71087542147879	3.69359806242159	21.1411891689962	-3.35906442171027	1
X2911371	-2.71157271750442	1.04427596145383	-8.15043773299435	-5.58198330275559	1
X2911372	1.1811027560162	-0.207623343567442	-6.53106247630001	-8.86121138015453	1
X2911373	32.7591406346147	-2.84079599862977	29.5470893387706	-8.78297882579874	1
X2911374	-5.52801919531413	2.79130089939254	-2.28707149765069	-4.7504442216939	1
X2911375	-32.0587002246688	1.38181628789002	-30.4873619539234	-7.69296003849592	1
X2911376	0.64434769503558	1.64578139920397	5.81339407166878	-3.31038164407472	1
X2911377	-5.80003063389137	-1.89926438922339	0.451424798470274	0.366470237173233	1
X2911378	-23.4958446040306	-0.112169149213351	-21.8668102462719	6.42316354273925	1
X2911379	-10.336052921068	0.82175846449568	7.67663074185614	-7.18860130642227	1
X2911380	11.8576218917077	-0.0787643455893904	16.1573686782677	-1.38894108910153	1
X2911381	-30.5475473356155	-2.50246691039824	-23.6668317597451	-5.57164827305008	1
X2911382	30.1838192953696	4.68858198390109	25.0191484852156	6.24043486789036	1
X2911383	-33.1789515691903	1.27208999272199	-8.95551483322872	-4.49270952663221	1
X2911384	22.4788926521659	1.29364877788777	16.8436579813814	0.822073628788794	1
X2911385	9.39144730953815	-3.69687423656196	6.54295755013062	0.339333763592521	1
X2911386	-2.72589541127948	-1.84527046399988	-7.74073277156392	-1.04570944788525	1
X2911387	-15.3746009526818	3.71510310599791	-18.0005728923225	12.6968647467357	1
X2911388	-7.78570760568811	1.41303525416305	-7.14418402166679	4.08142228691061	1
X2911389	-30.6879560458999	0.328847759391688	-42.2110880972656	-7.02285772175078	1
X2911390	35.9747684083474	2.26752840295364	23.0796857976034	8.03528245247694	1
X2911391	4.47242746757901	0.851563177980276	9.96160888621719	-2.59503436243741	1
X2911392	-1.58824604358017	0.250262040715945	0.415859473764562	-5.76017685152704	1
X2911393	11.6915322963632	0.922287427496954	14.7814040462775	9.28696123063621	1
X2911394	51.8321574051422	5.65678048750064	30.6674920554964	7.0968616758627	1
X2911395	58.6264503995533	1.14228599736684	50.9404530198466	9.55832278104117	1
X2911396	-28.9515595157871	-0.955557029396967	-42.7986493212944	-1.22225326597423	1
X2911397	-11.742273809294	-0.421906435724299	-20.2181754332224	-1.67706108129691	1
X2911398	14.9241331479168	5.6234592832011	16.9004413178376	-9.60941585410995	1
X2911399	-7.64295443912165	4.35964821464967	-13.0597444376982	6.60527361929206	1
X2911400	-14.2235898899975	4.43592061396385	-5.37632260135003	-6.19904255722944	1
X2911401	-36.5539123467952	1.31241644882228	-22.9287529067606	-7.81381667479365	1
X2911402	13.6274881132655	-0.211622346261528	33.0676161971691	-12.7380226368474	1
X2911403	3.09405381726379	1.44286489499715	19.2537397644084	-9.21794728304859	1
X2911404	2.43066737887677	1.8256230226474	-7.16611730977147	-3.64655666010605	1
X2911405	-19.7431594515097	2.31345181202006	-8.44914174972677	-6.66465260858973	1
X2911406	-15.9285589244841	0.0761218045521754	-19.4451906344542	-8.31513998559452	1
X2911407	0.983788373681633	4.2602673501185	7.02055171615137	-4.42740332608731	1
X2911408	-13.5847781034952	2.96538327610134	-14.1046862837126	-1.21592511519301	1
X2911409	4.31507918941164	3.12204781433865	19.8094189943803	-5.68209066229809	1
X2911410	26.5105782402705	0.461009309509964	19.4143395277044	0.811792919101883	1
X2911411	5.45539382736435	-1.24426646010721	3.18177627051988	-0.756752528541094	1
X2911412	-12.0803502277435	-2.83463857374012	3.96194124315642	-7.64931818898272	1
X2911413	-1.63840050397362	0.551758339072257	0.674091024851432	-7.18038080400356	1
X2911414	11.0124665569589	-3.18432489563415	1.1354832318965	-0.0541810688624754	1
X2911415	6.12960700558794	0.0592268095891642	7.24006617378866	5.36365200298995	1
X2911416	-1.59335910417999	-1.40071883969942	7.89640723111552	-5.94390480882902	1
X2911417	16.6600357300887	0.672682340832384	27.5325058495095	5.80105821220891	1
X2911418	-4.83783930368563	-0.962526784205441	-15.4580380888951	-0.334927200934296	1
X2911419	-21.1502779963105	-0.311258923927919	-27.6979061920066	-2.48914035568433	1
X2911420	-34.8960119416493	-0.495367981080723	-19.0480015155875	2.90906382048779	1
X2911421	21.6302114902083	1.57727174790705	12.6072185899126	-3.72021951043935	1
X2911422	-14.3366971632039	-0.610665469836798	0.406699255697037	-6.22800457489153	1
X2911423	-7.65175243887463	2.11746937766342	-9.74472239405145	0.403409512257864	1
X2911424	12.4685960767553	0.53137499843724	17.6856943494746	-4.26609271326606	1
X2911425	-28.9964852106587	-1.94986985173945	-26.6455852274869	-9.59281190900319	1
X2911426	-16.7037318611208	0.0678355636782989	2.39509189844423	-13.7579922448686	1
X2911427	8.27138021902042	-0.616522710128985	9.86593283526746	0.152732973471553	1
X2911428	0.060808539451676	2.64025105086516	-3.07390537490321	1.22403150868571	1
X2911429	70.9548569300234	2.5971106699793	56.5448192514721	-0.513706066618943	1
X2911430	11.0191494208899	2.10272171531196	19.6818793716335	-1.53228810569569	1
X2911431	-20.5816674195816	-0.0795527928915235	-9.75237698657125	-11.9264537580898	1
X2911432	7.38798072739053	-1.24640831631435	20.2837095566604	-8.33520400849866	1
X2911433	14.8596655781712	-3.24333695685904	12.5473504962279	10.1649633528523	1
X2911434	28.1507743051598	-3.22942174075513	31.9922677025598	1.61369113100553	1
X2911435	-10.351951105841	-3.05128408132906	-1.11916968633603	-0.263725347114379	1
X2911436	22.9489484245449	-2.80409266781404	12.8509728751801	-0.0257273412764737	1
X2911437	8.45384994472372	0.693095317870208	12.5980509756542	-7.24364985759558	1
X2911438	-4.75620259437027	-2.56735043550591	-1.72263844853875	-2.60947752025588	1
X2911439	-12.8574486185232	0.301754412869306	-17.0147691685966	1.53701391391913	1
X2911440	-3.81767034452948	0.36561115930408	-5.36379669923655	-4.0716069561309	1
X2911441	6.15620613769103	-2.48506936632987	9.48537764933409	6.17307372391056	1
X2911442	-18.6530650803611	-2.14172895030544	-12.5981938676017	6.67908005115532	1
X2911443	16.8675096032424	-2.20055796229441	-0.508569217928384	8.75927283848126	1
X2911444	-9.83840819651673	-1.48713862822986	-11.4216016329149	-0.84522720176121	1
X2911445	16.9778662656724	-2.90475680437894	20.2896417387582	7.78047220708865	1
X2911446	1.1169676152708	-2.78286317341554	14.4212663346169	-0.787466981479742	1
X2911447	-7.91920716906983	0.193529736690893	7.75553149852638	-2.76366037678508	1
X2911448	-7.98913603189638	-2.01211351297849	-8.7161192822931	-0.559410563685308	1
X2911449	-7.69278263624077	0.729087473722542	-8.07073874782061	-4.47922109894118	1
X2911450	11.1736747424345	3.68598887482105	-2.08911343742361	-6.59962655602793	1
X2911451	-15.8035153195666	-0.263468729182217	-15.7466078282945	0.669866205366059	1
X2911452	44.5950487074782	-0.346689513616879	35.3523835223194	4.05117370395188	1
X2911453	-28.4607780587553	0.196658542077114	-10.8314713990209	-7.3759365654239	1
X2911454	12.0978951073518	1.3387174402893	23.9777896658751	-9.80377330823923	1
X2911455	-3.33185036069304	-0.146210071620842	5.63393693319405	-8.12093327515489	1
X2911456	21.9079372825015	0.592788798886813	14.0108019072459	-0.72770093844663	1
X2911457	15.0785445596174	-2.8304124333734	-0.234167159567267	1.37891064969989	1
X2911458	21.0584286843956	0.00651117558150285	10.5148274562071	4.2295983669127	1
X2911459	0.661469199586275	3.3949188472918	-8.21775688621568	1.18068030446894	1
X2911460	-4.21657921090142	5.75654927869594	-25.9928557620371	-8.14773835668449	1
X2911461	-7.21727119165448	-2.17883024494726	-3.85006038642237	5.21551470780173	1
X2911462	-20.5141243982079	-2.0188212066776	-5.75091175054775	-9.80789553699017	1
X2911463	-16.219042169001	-2.03769996258456	-2.60795734199084	-1.0681216801089	1
X2911464	28.801628939691	0.353841044609211	17.8427013383891	0.388037290635136	1
X2911465	36.4383647594616	-1.60268352702071	41.4204583770639	-2.1077668737324	1
X2911466	-4.27371801981045	-3.54779335129019	-5.75268608686187	-1.15723519782169	1
X2911467	-18.5132337621944	-2.09381312887356	-13.3656422320694	-5.01054740485072	1
X2911468	-1.04548356149969	-3.5727393947669	13.3914112476747	-6.65774769876057	1
X2911469	11.8691022286578	-1.02367502719181	24.081247222525	-2.47992115105495	1
X2911470	9.92639690121118	0.793961361314618	3.48396161075296	6.87300274708081	1
X2911471	7.10326871897399	3.89556433488673	15.4324760662499	1.99079202004652	1
X2911472	-6.57467886928135	-1.1582244270453	2.51418475107872	-2.84090741954242	1
X2911473	36.3156938569996	3.69742354360004	14.9574173873223	1.77820561834058	1
X2911474	-30.0642265742835	-1.19776137376054	-33.282728756552	-2.05087761283275	1
X2911475	-25.665789871195	0.982599625745113	-8.02043360916007	2.3224494043084	1
X2911476	28.0202662519212	0.0354671993507657	20.8805059338828	10.719805432437	1
X2911477	43.5537669611911	-0.147666003036684	30.8788971492971	5.40931508125861	1
X2911478	-3.71982586854698	-2.13093283456508	-5.80562227570191	3.90743053633678	1
X2911479	29.9053010632301	0.212880278543243	57.932948127766	-4.45730184319871	1
X2911480	30.8131287318212	0.562857989177922	20.8910394077795	1.78642670334007	1
X2911481	-5.27684771266398	0.218510759268266	-9.17746064270446	4.87757584974384	1
X2911482	-9.90610268513745	-2.31146945121477	-11.2863485664249	12.0265477285577	1
X2911483	-3.18366138109849	3.08597808317878	2.32743564014241	-1.437199038959	1
X2911484	11.2637907651157	0.807281418262411	23.6795137742498	-10.8448943712342	1
X2911485	-11.0790116655792	-2.26577359639086	-16.9415389045325	1.15296844070263	1
X2911486	-3.10297384563996	0.467759632702217	-9.03884392656003	2.48936001334164	1
X2911487	4.09331852063246	-1.41696112028799	9.98463982757506	-3.46938966948816	1
X2911488	4.74875805500556	-0.34190793776915	3.09588355402813	1.67778160089433	1
X2911489	36.5014446011319	2.10681235426187	29.1079126310918	3.08669832658652	1
X2911490	-19.8968530812007	-3.34676317782622	-18.6801977157574	2.92579969594451	1
X2911491	-10.344888725545	0.743839262990102	-8.8453278039706	-5.14940624653967	1
X2911492	34.3660155276079	-3.41531151956067	36.4528244523486	0.769856893202225	1
X2911493	18.3059254612437	-2.47212822907114	32.1544617941001	-4.37257231555339	1
X2911494	-8.13700378087245	1.38837529228454	0.175289015011299	1.28243147128408	1
X2911495	-4.52719256471264	-2.0060774125586	-22.3733550573618	-2.85936850197972	1
X2911496	-0.605138227882137	-2.12957079842401	-11.7330264007252	0.496681362010016	1
X2911497	23.599160239912	1.93241428327648	28.7316715723176	-5.24202766645485	1
X2911498	0.472607714936347	2.40315759041589	1.00382482256162	-3.30390811604067	1
X2911499	5.33637243502478	-2.03183534865476	-10.3213108780692	8.68001873794258	1
X2911500	-7.89040132321414	2.30177099140295	4.9762289763659	1.16467174386374	1
X2911501	-0.226704930304668	5.23963526803448	-9.84461249955154	3.89348447217494	1
X2911502	27.1513605938588	1.25337412539073	9.02453258503917	-4.07719756574675	1
X2911503	6.16828556925359	-2.36122578315287	0.801270445107125	-2.14733302846629	1
X2911504	-27.6891439969604	-0.167075074315577	-22.5177537774	-1.06274957035098	1
X2911505	-14.690164786266	1.34805112580827	-5.88844057917462	-1.76315008933819	1
X2911506	-67.2325592709987	6.46704094530053	-61.0550322506542	-0.992363818964748	1
X2911507	13.9428969599215	3.25899572028982	21.1493559396295	1.15106273075223	1
X2911508	-0.778794060084412	-0.181070006843783	2.18238066880522	1.2286255411589	1
X2911509	8.68105580345941	-3.60276639891844	29.2077585189241	2.66047373244093	1
X2911510	35.3889819808806	-0.941896651833572	16.1890739731816	7.02469811952618	1
X2911511	-6.57159598093888	0.856159925190364	-16.9251783438501	-3.16362310163819	1
X2911512	36.9525505083623	-1.96677551301946	41.7892766866837	1.0242534212695	1
X2911513	-33.9005133150935	1.58862520798554	-28.9364249282702	4.16055739243927	1
X2911514	8.69706767788753	-2.79620749635935	18.1659486458018	1.99737459157023	1
X2911515	9.58429864858985	0.79479594794922	-2.31335143369621	5.45500195130706	1
X2911516	-18.5822173140158	-1.4883069191009	-16.748302195457	4.03093114845564	1
X2911517	-0.771131828968347	0.968619512183008	-4.05390611060477	6.76113938215773	1
X2911518	8.47430734292334	-1.81499283697063	-4.87233260887721	7.35609286351317	1
X2911519	-26.1345502824296	-1.58144970272207	-29.6068442619116	-1.9422170034337	1
X2911520	20.2497488482044	-0.548471002808103	17.6118142083839	-0.0931807818609185	1
X2911521	8.40143820743893	-2.12902247164079	4.26969469266968	5.1063715497561	1
X2911522	-6.56781633959613	-1.37489854094255	-3.54310395908062	4.02758214829601	1
X2911523	6.38970309426269	1.28264804633827	2.92339297709163	3.21504091691451	1
X2911524	-0.745024839818486	-0.0273678247392473	-11.4231499658625	-0.974357241064942	1
X2911525	-19.2640263794732	1.12598546893212	-19.4108259163178	2.02578367473088	1
X2911526	-3.17362240372341	0.798957573343808	-12.0832045888706	8.51779448453324	1
X2911527	-14.9676888894523	-3.14939814893981	2.18033018926352	-2.75024357650736	1
X2911528	-8.4281343890189	-2.11666137446878	-19.2626692668428	6.91889019400789	1
X2911529	-2.77518504520495	-1.36475687557749	15.0997235599366	-2.47971476376952	1
X2911530	1.51593207776941	-0.922017909466962	7.74314816807331	6.37427895542145	1
X2911531	-36.9252122640937	1.6322179002661	-37.8721585105587	2.7550450564967	1
X2911532	-24.9446025312609	-1.65949921284457	-23.9614972919979	-4.85170814510343	1
X2911533	39.7036488758018	-2.77239807426441	38.4706779459442	11.400305964625	1
X2911534	-20.7466885061424	0.0101540556087305	-35.2804227113109	0.0700860419103946	1
X2911535	0.501326026745312	1.10032537815189	0.0306408498054624	0.484620573986756	1
X2911536	-10.9980422790083	2.01766394312596	-24.420201940111	7.45111117512008	1
X2911537	38.1926167066415	1.81550070830448	10.6538183711425	6.73370448259502	1
X2911538	-19.9046366321118	-0.947627639574753	-16.3818876592655	1.06788048104044	1
X2911539	-5.68252352457018	-3.08990194264273	13.2132416225851	-2.70316015111222	1
X2911540	-12.9860651603564	0.577817772624746	-14.8296866777359	0.952602523457912	1
X2911541	-18.2825649192718	2.69293965602841	-23.8492196008113	10.7584068999285	1
X2911542	-8.27883345685928	4.27564693236823	-17.8746840380019	-0.619472254455576	1
X2911543	7.58604138832108	2.54684946201055	-16.4529547524816	10.9083181448896	1
X2911544	-22.330628389147	1.32659475888081	-10.8571521293318	2.31383760133261	1
X2911545	1.88297987035892	3.58551845840268	-12.2518428114938	3.41750104926416	1
X2911546	-11.7518300507294	2.23496134854455	-15.9101383892213	-0.360992186536152	1
X2911547	2.82472110163287	3.95153139905746	-8.63999202784456	12.6330509995906	1
X2911548	13.6399092771337	-3.11930984035251	12.6069638414479	5.05056002346088	1
X2911549	-12.7785700367394	-0.0380048274975185	-11.0029969555055	-3.55750703555448	1
X2911550	-4.93508436913407	0.677255253048091	-26.9667310581628	3.83640161994118	1
X2911551	-3.06378039291031	3.17877741624733	-17.760075076757	8.46951481040836	1
X2911552	-0.305746371139888	-3.60099640268791	4.63582893346312	2.80870624646414	1
X2911553	18.5914691638289	-0.0396015650937556	20.901374811012	2.6152022386231	1
X2911554	28.3714950438712	-0.337124277237856	17.50011034935	15.8878479199692	1
X2911555	-11.7334911152334	1.74122605086235	-20.8870428327992	4.75177011401402	1
X2911556	-10.7552681048369	0.128054094920847	-11.3421972986711	-3.75971959658965	1
X2911557	-8.81963007039656	2.55443521392867	-4.32204338587499	6.87190162737581	1
X2911558	-11.6046207006201	1.06208792125655	5.53770978935354	-11.9971582489778	1
X2911559	-8.80234009938302	3.25552003048857	-21.8316952989847	7.94364330588587	1
X2911560	21.2270090714325	3.81514438306059	15.5070673702272	3.10159405064503	1
X2911561	0.193264566254147	0.487288297098015	12.8778148894819	3.24927194703488	1
X2911562	8.64280048197262	1.58426996990037	22.4691865840619	4.54523895904638	1
X2911563	-10.1075653610608	4.14983744612662	-26.6848615299517	8.8433077598996	1
X2911564	13.3461935521547	1.00317611214793	-0.22153263169591	-1.54885423933157	1
X2911565	31.2377863068594	4.18696696864411	6.12465596236405	6.09736446993116	1
X2911566	12.182534906295	3.15298061176507	0.541640341067874	2.12481665984787	1
X2911567	24.8093052342843	4.23432228429425	7.52848180990945	3.78584953289558	1
X2911568	-37.2436284279825	4.84904373563164	-42.8732235231603	6.24620173540279	1
X2911569	-1.89980977942805	1.48486316991734	1.57183347083596	-0.876512191078417	1
X2911570	-12.7907218180635	2.52460708426289	-24.0657758140001	-8.59594606026839	1
X2911571	14.4937242016976	-3.34754751739772	25.5290571169219	0.544309089078841	1
X2911572	16.0579517354679	-3.29871728063882	22.0947471904949	-3.29229975300096	1
X2911573	20.7519599406391	3.6496915033533	13.2044700041041	-2.10135558306559	1
X2911574	2.3658486805141	0.0337026652841962	20.157114955161	-11.2533082801651	1
X2911575	26.3816362448542	-2.70147776485481	11.0009219097181	5.81242111489333	1
X2911576	-0.695775277793849	-0.104917894410435	-6.89709535573949	-0.292035775292705	1
X2911577	8.21663328532218	-2.87084319887926	18.9479851027182	-0.0784865769595564	1
X2911578	2.78208664466299	4.47127392021212	-6.05637392990002	1.50814934026985	1
X2911579	3.49982464356674	1.81326138462522	-2.53511785909475	-0.762347731636991	1
X2911580	4.92363681951252	-1.15314467884906	4.76513427590534	-10.2294383785576	1
X2911581	4.10812809821328	3.86500665097437	6.35964182825525	-0.941700719487283	1
X2911582	-4.02451947433927	1.15979921341808	7.20191577306486	1.14808232946706	1
X2911583	-4.54432964042162	-4.00902883135117	9.65481375908806	1.27997314161812	1
X2911584	17.6792170254651	-3.692270638466	21.0103963888936	1.22019312455314	1
X2911585	18.9681800452103	1.3074621243236	24.4389263397693	-5.59261795297465	1
X2911586	6.2664900624757	-0.561232397602706	20.4996406507489	-4.91499457865008	1
X2911587	-24.611471547135	-2.31530209855598	-34.4699167148285	-0.531603772885475	1
X2911588	14.5636216433353	-1.10992114506042	13.6914926104024	0.0294813537836743	1
X2911589	1.65863532042478	-0.977730610185296	13.3871695148851	-5.09199748029514	1
X2911590	-28.4489971102012	-2.5311572999195	-17.6572725111639	9.57759686069048	1
X2911591	-3.34251336372252	0.729456587965923	-2.99574400949844	-1.06061908613167	1
X2911592	12.0105289536236	0.728457093188056	-1.07484387536444	2.36331932281062	1
X2911593	36.0048159560151	-2.76377645332306	39.0693113779046	-0.734208003208902	1
X2911594	18.7122536969848	0.193241217079319	10.1145585634355	3.34986334884866	1
X2911595	22.1026511148308	0.0380694712410195	17.2009069479547	4.76817451437228	1
X2911596	-19.7307664837911	0.357440523706386	-14.6096107039856	-1.69631695568337	1
X2911597	30.1631331179618	3.49584761320742	29.0331900797468	-0.211532025755125	1
X2911598	-5.11843714081347	1.86158163347463	3.82111457159275	-9.33751287242258	1
X2911599	11.1944575682151	1.24256976361666	8.63794207830746	-5.5688452877828	1
X2911600	-22.3827611750419	0.798123651824374	-22.6782367314123	1.38282976459556	1
X2911601	-31.4338593188882	0.3334624142802	-23.0787531976677	5.20117133558952	1
X2911602	-9.7043763321632	1.37427480051253	-6.41812720181046	-3.36861711331284	1
X2911603	-12.0144300523153	4.60335818272797	-20.0177971091724	2.17317841099193	1
X2911604	0.478366585405351	0.998669521585697	7.64949993728888	-2.73426661007208	1
X2911605	11.8423774358751	5.36377694877266	-4.01937279284256	4.25871374393456	1
X2911606	-14.9927296514234	1.84149040623307	-26.5940872535547	2.81900827059768	1
X2911607	30.8153648367659	1.70635472032419	4.03443048054256	0.189178955417078	1
X2911608	-21.5377411659427	-0.112600655272661	-15.534713386618	-0.883194627154158	1
X2911609	1.52636241286493	2.43411453452414	8.21271805753868	-6.0004616176951	1
X2911610	13.9348211450677	3.48581963394635	11.8837564225301	-2.42761138553516	1
X2911611	20.1676532531736	0.760124177975881	17.9409406438364	3.28417223498315	1
X2911612	6.72204378219289	0.397271179531798	13.3649132681205	-3.63245998401458	1
X2911613	-18.7676655093634	1.54598287244382	-14.16043587104	-7.39292903973859	1
X2911614	-0.554256442834348	4.32164840115571	6.95878788645996	1.78401721708213	1
X2911615	11.5180130152899	-2.50407875905032	22.27770909949	-3.79427428260549	1
X2911616	4.78610598827901	-3.40346415706187	9.76200378617547	-10.7483062129352	1
X2911617	-17.4245553887996	4.21061376339197	-3.12883228730652	-10.7228344766062	1
X2911618	17.9075641029105	1.01437809118876	34.1313274722839	-9.98223918860988	1
X2911619	-10.1681786768598	1.76996348030949	7.57950922476529	-9.52916139422009	1
X2911620	-15.5861726801728	-3.24575598183807	-16.9596662517322	-8.95483063655315	1
X2911621	12.1444639225017	-1.77825691355351	5.80776081341295	7.90291589376575	1
X2911622	13.4890405846277	0.10399577197978	-5.05791646615299	3.21043251866502	1
X2911623	-3.65334126952728	3.94182709596162	-10.2017884626665	-1.62840331938511	1
X2911624	41.9048042395727	-3.74826871178062	44.1390768772612	-3.25921214803969	1
X2911625	-20.7865117223502	-2.47368542397608	-12.9009803442216	-1.51755266292798	1
X2911626	-4.38933719509696	-0.382906700514252	-6.89887307028812	-12.4345577793423	1
X2911627	-24.5666072355863	-2.19412436193569	-15.9021153159183	-3.42305325733429	1
X2911628	9.23250668563345	-0.152075765694406	26.7418239152152	-3.17523271362788	1
X2911629	-5.36108149796432	-2.62519658461959	6.8018240379373	-1.807682183003	1
X2911630	-2.56749193948903	4.01246292157719	-15.4277898938075	-0.487539463057566	1
X2911631	4.24080099984863	4.70073610931942	0.156164794169813	-0.81152828511251	1
X2911632	-33.221352523115	-3.15641069334416	-14.7690398022387	1.35801077607043	1
X2911633	11.0252166881673	0.3471724005159	18.0067936262143	-2.70221779634365	1
X2911634	3.73698485490953	4.53551439959995	-2.96557236653526	-1.39416407049821	1
X2911635	11.6094089350945	-1.27252285518087	19.9250876060361	-1.70540144169222	1
X2911636	-28.1250394252324	-1.06522132401853	-11.6736022453164	-10.1046943280974	1
X2911637	18.4872740041268	-3.47117480029906	-0.884276155156547	17.3635408571604	1
X2911638	0.422028460205574	3.95429440362797	0.322225418235233	-1.85514684604749	1
X2911639	15.4811640126578	-2.61395553763903	19.6689107504043	-0.925757851539809	1
X2911640	12.3769711305426	-1.01966844769757	-0.128898363109496	6.81497461590723	1
X2911641	21.0287980961953	-0.327157507697824	17.5801392137813	4.20750404088109	1
X2911642	26.3096404725652	-3.18403661314362	10.1817441876087	15.5587765299722	1
X2911643	-1.60704403623227	-2.55102353336913	-2.3694497413192	3.11346165926385	1
X2911644	-1.03529835279412	-2.69281748304131	11.1649102977385	8.38785544769891	1
X2911645	-1.80453304583485	-2.3018233023235	-2.34809977818955	10.6948654548484	1
X2911646	-7.78269815259898	0.185291666433488	-9.98259843907674	6.04886723120962	1
X2911647	-30.8732182091814	-0.0866896119793906	-24.7892347352955	-2.52327725657774	1
X2911648	-0.583941940934613	-2.06375244296508	18.5996000405421	-4.54748984362147	1
X2911649	-2.55661054281679	0.65859096401038	-5.52911102509076	-6.25635584243359	1
X2911650	-23.9282645145127	-1.26763219577112	-14.9466369765267	5.1922684947576	1
X2911651	31.6808957027806	2.85893214448634	30.4712443219286	2.09012773712351	1
X2911652	31.5538311393908	-0.96554176797953	38.8930025493862	-5.00528179885138	1
X2911653	-4.36600658942835	1.40136993611104	0.796685349624242	-6.84810972569483	1
X2911654	22.9933803193244	-0.163008890034609	16.0440387263682	-1.70809324614175	1
X2911655	-3.02226561747035	0.41293955992541	-7.04498607495645	-0.464625840405399	1
X2911656	2.3638623390338	-1.10843577434735	7.66887911383684	-2.45757365672728	1
X2911657	11.2282972923445	-2.26715578688766	19.9311781682508	1.77474311233433	1
X2911658	-29.6524832128333	1.0560000425404	-46.7294698374018	5.62226982024719	1
X2911659	-13.8625067855972	-3.39171968558924	-15.8296478180495	0.286146477376884	1
X2911660	-31.671764696233	-2.59160201608836	-25.9967621122988	-11.312675250446	1
X2911661	-34.4249971679612	-2.71448334619499	-33.9338238007272	8.43662769427053	1
X2911662	27.9519506234386	-1.61947671376984	15.902516462021	3.6039992824439	1
X2911663	-8.55767291721397	-2.68847122198905	11.7026310132032	-3.98467199668008	1
X2911664	-10.6743730255743	-0.0639219748706405	-14.2819718060235	-3.18090811709437	1
X2911665	0.164309861529723	1.12514353562714	0.374449682019507	1.89359895907386	1
X2911666	25.970132999731	-2.26162752552557	28.8910786601665	1.85604563214715	1
X2911667	-11.6797015472283	-0.196924731392012	-16.9536841022925	1.49577805818001	1
X2911668	4.77352786081452	-4.563270236909	8.31966393067254	2.77668410547638	1
X2911669	-0.984755054596219	-3.12658051863886	-8.49684137769889	7.93167378470505	1
X2911670	23.3590072418946	-3.08874287900978	20.9159317468994	7.51117626523799	1
X2911671	36.3985434901632	1.47318535856931	14.0197323928226	5.0242175495836	1
X2911672	9.27520532651806	-1.37487579976512	14.708787075749	-2.3394794392937	1
X2911673	15.2181801775619	-1.45748346303021	-4.53436789259281	8.39031741115289	1
X2911674	-4.76673076625413	-2.42782314929867	8.00848744623164	-6.81776039201444	1
X2911675	-17.5930661289169	3.01582650667868	-37.0073934423716	5.68890212642375	1
X2911676	-15.6003867397544	3.05768703833511	-14.1605570218966	-8.53755107871368	1
X2911677	0.0110663965841533	0.0478685021103582	11.4799115970737	-3.07692428469082	1
X2911678	18.2889630172116	3.57708592271584	23.7412380868309	-2.61981625845105	1
X2911679	-3.10488122269558	1.23918130918004	0.842509801686818	1.03591839516407	1
X2911680	-12.2477689710254	-0.491898447012278	-13.9967639986824	5.25707369816682	1
X2911681	9.83090837410723	0.0096163570386411	1.68131370956023	5.30660265033514	1
X2911682	2.28256091154013	-0.59740282599446	2.56564002658355	-7.05667832164346	1
X2911683	-20.6682241972884	0.634585609021237	-12.0082601148775	1.65191116646575	1
X2911684	6.41006791932521	-0.961012131467673	10.4608552035116	-6.30968902825986	1
X2911685	-15.0633473771175	4.52188636511815	-17.2048456451886	10.5081438933246	1
X2911686	32.4376542033444	-2.50005816970858	34.2610338220436	-5.24967688371769	1
X2911687	11.7923367045833	0.0881475419000886	6.47603243407812	4.92077668933346	1
X2911688	13.0117340972564	2.56762912351432	10.6471120479634	-0.795641417313604	1
X2911689	-6.32445195455598	-1.70880539745386	-3.97534324073631	-0.306071067930967	1
X2911690	12.2720919639182	-1.71030337024857	17.1123804172091	-0.657225951936837	1
X2911691	-24.4942016488636	3.50006525825035	-14.7188850556793	3.36544966480853	1
X2911692	-0.177236009864986	3.51592867689687	5.76393309291486	2.70027057386576	1
X2911693	2.88414893463459	3.69377649780996	0.570636041193144	-1.110635314134	1
X2911694	-8.82927460930926	0.528264775232121	5.53501276310728	-10.4530296628951	1
X2911695	-3.33571042330212	0.467257510136595	-8.66403385088423	-1.6092913590433	1
X2911696	28.5439462748355	1.90873469599958	15.2352631230624	1.60094746904097	1
X2911697	-30.6872443079434	1.85562845225823	-25.4451227086047	-3.05091323197456	1
X2911698	-32.581283312952	1.50151358572727	-30.8222772663186	-3.71662022216693	1
X2911699	-24.3625789253195	-0.938035583303496	-24.4820730273228	3.54510715000885	1
X2911700	-24.0967550972426	0.58895110022826	-27.6110366757552	0.106144535301027	1
X2911701	-45.0323941632387	3.37744624918087	-44.3588668076468	-2.29131141973503	1
X2911702	-22.9921643056987	-2.50624557812835	-8.03918259982875	-11.3817586877839	1
X2911703	-17.3676319519713	3.73182428137377	-17.4637831382343	0.883869578910845	1
X2911704	-19.948134748276	2.7947871521419	-19.4378758304012	-4.52946452016349	1
X2911705	18.2900515567236	4.44950820949179	5.79567076679616	-2.48456121919259	1
X2911706	-29.6981367502765	0.461341367902776	-12.7328017344405	-9.01658716423779	1
X2911707	-8.32422590639017	2.73799206599112	21.4936658644304	-10.9536430529324	1
X2911708	-13.5141964038872	-0.00370717043257204	-21.7888949672181	6.25196625813608	1
X2911709	-0.444836054213914	1.24592124101642	8.58284305000731	-5.9504493535656	1
X2911710	14.6058274181528	-2.9284834298349	-0.476055868678932	6.52254112858268	1
X2911711	4.77771658819025	0.625126676092615	7.96282278706442	-2.06472889343049	1
X2911712	11.4059160904381	-0.540817263868914	-7.54804770054576	1.98573450579245	1
X2911713	13.4864414941948	0.46285868153435	13.3566039968056	1.04464028407503	1
X2911714	-22.5002383275936	1.47538262448433	-15.2517960297051	-3.89619990675247	1
X2911715	-3.92720964223603	0.106494584921248	-0.100434619718197	-2.85818892983742	1
X2911716	-19.3053805285562	2.86782798383687	-14.3392735198053	-11.2042268192718	1
X2911717	31.3320587758008	0.870551921518813	26.7673690531307	2.48839208434934	1
X2911718	-40.773748896932	-0.0300605066419315	-21.0965403556542	-4.29977533991561	1
X2911719	-29.1906593973695	3.34455616977315	-37.4954563350813	0.24042561280753	1
X2911720	-2.32182877279688	4.1209862032896	12.5584662104645	-9.6071222281157	1
X2911721	11.47544972886	2.63025435919255	6.53429133475262	3.90736963366519	1
X2911722	2.7972173576163	0.571651748249017	-6.48359370360899	4.01900561119681	1
X2911723	-3.16808994449478	3.90966586531005	5.53489743235116	-2.86944888623901	1
X2911724	36.0282231188402	3.29282036592997	29.8870860347739	-2.66581589057928	1
X2911725	-2.20121235806962	3.03852264287841	-9.66082732170794	-5.69581864846654	1
X2911726	-12.9363898340236	3.05511369705601	-16.2549011015982	0.869105044850568	1
X2911727	-1.41882741867485	-1.27775925283745	17.3201635880307	-1.99836244644431	1
X2911728	8.36524741196834	0.443269356487817	9.81575908016088	-0.587474915489016	1
X2911729	7.48259211312637	-2.2789603063895	2.61748942745043	-0.589325029904032	1
X2911730	24.2163248515758	0.0657010060965528	28.4174039522633	2.04601994936264	1
X2911731	26.1444901112334	-0.0687496662070302	20.5196497604365	2.61978317920444	1
X2911732	-29.5026370786425	-1.75128974627432	-22.4852857880918	-8.89151136058515	1
X2911733	30.4467400366615	-0.654228981759778	35.3858470187406	-0.0371576559282608	1
X2911734	-4.23523119292638	-2.30549432990452	-1.01082690808339	-4.98174185494212	1
X2911735	-25.0681104016627	2.01868805911719	-28.2634543677993	-5.84742143194385	1
X2911736	-31.4804023478483	-0.0512448951191411	-30.6359652222997	-1.35164449948373	1
X2911737	-86.7413532574998	-1.20067127732956	-80.590035915636	-7.70259650362275	1
X2911738	-7.02558830694571	-0.0253037417028469	7.46102755315043	1.51784329997176	1
X2911739	28.7411460357466	0.0637118989207235	45.8851533572178	-4.7500806374997	1
X2911740	-4.37590773638128	-1.25174875219783	-3.414883070499	2.43410550486408	1
X2911741	-14.5901735464762	0.0914878368986749	-11.9154652995644	4.23065947797584	1
X2911742	-7.32592390345405	2.01850705140893	17.4015686842793	-20.9482778466136	1
X2911743	4.01311706263462	-0.470545325481827	0.591095946761897	2.92519904946776	1
X2911744	-21.2225413632669	2.39235489850638	-32.8337441110554	0.236190212393818	1
X2911745	-6.70510598979531	-0.97873912300086	-10.896364401064	9.88782804105771	1
X2911746	-6.65890022642454	2.47444358639865	-17.3273115361792	0.218738377002079	1
X2911747	15.7304395937082	-2.98759911726088	14.7985269276024	9.36032617502586	1
X2911748	17.9559773168014	2.11837593364562	3.79452185422539	-1.00882896920273	1
X2911749	9.9201624818332	2.90413104120052	12.0467632877107	-4.25044409308639	1
X2911750	-20.4278823260791	-3.67573188261831	-5.28037878516958	1.15547277759981	1
X2911751	-13.1056744643567	-3.38212212933135	-14.7335042355895	3.37134096910265	1
X2911752	-0.773216474003702	-0.341011387397549	-8.49704474224312	1.29140786263756	1
X2911753	-19.8735344821107	-3.70531819470443	-20.2466180988587	-0.98561944691776	1
X2911754	14.7013377480305	0.595735280732159	25.153970200021	0.462923487088182	1
X2911755	-9.80746170150022	-3.26516095260642	-12.250532818962	-6.64936453766428	1
X2911756	5.40079282144872	0.220443661173262	8.42862507996204	-3.21551021454591	1
X2911757	13.8789623451116	-1.86288496402189	1.59315774662345	-2.77719259690301	1
X2911758	2.35051119022946	1.04536868041428	23.5548893939352	-0.966918456599758	1
X2911759	20.2460089758843	1.21354626568868	18.5025262406368	10.6984728850481	1
X2911760	21.9562526923799	-4.69164156991618	13.4624205624523	10.802871470471	1
X2911761	-11.8520485232994	-1.77145386623125	-4.06037283674402	-5.65322774671008	1
X2911762	12.1738860877393	-1.83084315133065	8.9446820837735	6.93649707671614	1
X2911763	-23.8968032100299	1.93548361451408	-16.3174549783316	-6.11124562772466	1
X2911764	-19.8445067935044	-0.271548118701011	-35.7534407341579	2.51135836831075	1
X2911765	-6.51110303399858	-3.55246032179005	-2.21920431484884	6.69831468117682	1
X2911766	17.2636193003114	-2.96547753577693	5.21099974206958	4.02398843022675	1
X2911767	-17.3028083184955	0.26047766464748	-23.3967187531285	-1.51223227000129	1
X2911768	-3.61398724574418	-3.84887230128947	-9.10569307770191	-2.40306649494687	1
X2911769	-25.3213263720149	1.61561171451777	-33.2732405016946	2.01010861285293	1
X2911770	-21.1205787268852	3.13437946746936	-32.6030837134823	6.00347090852237	1
X2911771	19.8830450294649	-0.222613939075395	2.29483661362589	14.1493519396098	1
X2911772	-20.7527998747901	-3.21256320707592	-10.0289408407225	2.7249781768555	1
X2911773	-21.6531822035596	1.58627421091647	-33.3038204657747	9.43885498381799	1
X2911774	7.43121645312104	0.0502617792099532	6.80865383952209	6.0637993081675	1
X2911775	36.6530176236601	-2.10007332498255	24.0727484596825	11.9419661922383	1
X2911776	-3.01559896310013	-0.90993156480979	-9.07820780359862	-5.7065663468408	1
X2911777	8.54077746764178	-0.042488922581214	6.4985632221992	0.885800194913965	1
X2911778	3.50058197915453	-2.7883877637908	2.62530069047036	-0.246178402449451	1
X2911779	1.73195533264216	0.850948813700247	2.27413619472829	-1.70699365710901	1
X2911780	-27.6223512717909	-2.61545024500749	-22.7718377233472	-5.36928350115527	1
X2911781	13.7638454541151	1.05217017310372	22.7514958421235	-4.3708096854115	1
X2911782	-11.0145032853307	-1.84431538609051	3.7865520495027	-0.865553323618259	1
X2911783	-1.39422111262637	-1.71605840713876	-4.39062660782688	-0.557455006819763	1
X2911784	13.9158082824238	-2.79580433704045	11.2126304972197	-8.51268453315173	1
X2911785	18.2185536751868	1.3335491718691	25.4394514254474	2.34322223813133	1
X2911786	14.8791892584293	-2.2154071165558	19.0478841316638	2.38395291181664	1
X2911787	-10.2486022527832	1.33978796327887	5.15141334545636	-1.5894108606934	1
X2911788	-13.0444166029056	1.91115859682087	-5.22730689815211	0.562036964603789	1
X2911789	1.28859037706392	0.725885868453657	1.29324277853213	3.74489802615507	1
X2911790	-2.84989550809392	0.29700127604269	-0.0493530125604293	-5.65788244122828	1
X2911791	6.1158257604982	-0.351079585876777	22.5616352297898	-8.926233362911	1
X2911792	-4.63187598691361	1.71369322283778	-20.5769681720698	-4.00895104124871	1
X2911793	-2.84600904129703	2.95206110760901	3.73206304703993	-11.4873807375127	1
X2911794	-12.0665153228167	-1.23226335334697	-6.73059891852875	-1.61302927473323	1
X2911795	-52.4943694046822	0.333144689209436	-45.4948427828781	3.93456041009638	1
X2911796	17.0442019008153	4.87476911835492	19.8237995203722	-1.2540077553683	1
X2911797	28.2417279025631	-3.23715851047469	10.6790220369598	-2.13058692903135	1
X2911798	-1.91691646471631	3.48075305298064	-6.23053139054458	4.74617282082868	1
X2911799	-24.751101346403	0.118336864469271	-28.0656204609893	3.09287376351668	1
X2911800	-43.7023675263136	-0.803540203548945	-42.2669564016262	0.0175793670111259	1
X2911801	-47.6310074943345	-3.18658280382205	-36.13475644565	-6.67869610254389	1
X2911802	-10.963640085746	1.76777481819064	-16.6864154975289	1.47452699618798	1
X2911803	-23.9993368974487	-0.0979392710580212	-11.1602416208809	-0.188758170852858	1
X2911804	-20.7937604269662	-1.12484188981772	-22.8750989061925	-1.40517670735881	1
X2911805	-21.2365720463519	-2.26948957548876	-14.128962494837	-4.9948342219018	1
X2911806	-18.3942719370343	-2.42241734546846	-14.5002993838841	0.330762661867898	1
X2911807	-0.28612997691739	0.659883780952056	8.43407923725421	4.63339171309786	1
X2911808	-8.24029718468904	1.50471742276225	-1.18035659023672	6.96111246163875	1
X2911809	5.34092182874693	-1.76454181067794	0.769502089606013	6.54249919179053	1
X2911810	21.3444690671714	-2.27216194551024	3.16356887403162	3.23405490905884	1
X2911811	5.80386034093259	-1.88171132871272	4.16367626771719	6.13203024986999	1
X2911812	-16.5478907145461	-2.81923804739619	-1.78709728380507	-2.43061007562048	1
X2911813	-2.48762376269358	-3.05661839624887	10.0620451699983	5.73259416678519	1
X2911814	8.57662440543373	-3.31345597710185	10.9085034311395	-0.409137388928039	1
X2911815	22.2393004361218	-2.43366292923958	33.7308039657533	2.36843155413504	1
X2911816	17.3641648345975	3.16497332126262	9.96521695219532	1.88629595936858	1
X2911817	16.4788658480783	1.05480394797174	3.77495731910899	10.674797338697	1
X2911818	14.0453612159717	2.72030157825749	6.17832663735647	-3.85465272747025	1
X2911819	-32.4123370892984	-0.146718441040513	-32.9024188596667	-3.43038141233855	1
X2911820	-26.9134774436614	-1.43689676127567	-19.7195015312	-4.91679393199626	1
X2911821	-20.0983824932001	1.39922082141459	-12.1971394652807	-6.0401866817706	1
X2911822	5.84237161405952	4.26682085202147	13.6411526208438	-8.49736621597678	1
X2911823	12.6980497508036	2.4667085857116	9.79624073974322	7.19082542015602	1
X2911824	36.5800164494265	2.40292831323965	42.6413780755086	4.45863873759244	1
X2911825	9.99397162129833	1.54615108385231	34.9206709240882	-6.20467020138647	1
X2911826	-40.5290259297068	-2.3674308225223	-16.5579107661353	-16.1607508917045	1
X2911827	-33.8567373496746	-2.02790971683479	-21.484466708205	1.92896312893642	1
X2911828	2.95972312386411	2.55846558284991	2.61814602290309	5.29917100860433	1
X2911829	9.3498004455273	-2.40475815905333	-1.03753591996239	5.78823740609688	1
X2911830	24.594080816241	0.0924919132151584	-2.29426193355044	3.62328045448794	1
X2911831	11.1610714583794	-0.0038201887947531	9.60972933296449	0.667223667810566	1
X2911832	-22.2687515329779	-2.72695677988702	-8.69077377806409	0.753350762485493	1
X2911833	1.5527347880726	-3.0218719039387	9.76406531894893	-1.56850478953503	1
X2911834	-8.27233499272889	-0.438675979610894	-6.34551778071224	-9.86953459034178	1
X2911835	-0.648481598960824	1.98507933890299	16.3263904447713	-2.47385365644566	1
X2911836	7.12502257036631	-2.13550898733121	9.55957660161774	-5.82975827653286	1
X2911837	-18.00425899326	1.33293515007557	-27.6317810931371	-11.0539561116333	1
X2911838	33.0594385584236	-3.7901308582663	47.0530087818199	-9.78712226036554	1
X2911839	-21.4917580585026	-2.22424296561297	-1.01216281645913	1.54221984774459	1
X2911840	15.087519383207	0.997227344587679	18.2574445671627	3.15148987739067	1
X2911841	-30.6249103615757	-3.69052400723187	-18.3835451835744	-9.73512061451835	1
X2911842	-21.1205693557695	1.25719629429612	-30.0871701821915	-9.6628897089944	1
X2911843	-21.0536508179152	-2.92075615502947	-14.3849103505624	3.74033435725164	1
X2911844	9.34226869462515	-2.21965468262763	-5.2009752999363	2.04548214532774	1
X2911845	-31.0431550902199	-2.89548671267849	-30.4433198145246	-6.6603254461418	1
X2911846	2.56139370391958	-1.2177652625371	12.4545642777937	-6.54271086884351	1
X2911847	-29.972303811382	-2.02925530630309	-27.5358403345138	-4.27873697105895	1
X2911848	-50.3127414562679	-1.1390210248191	-57.4810595680282	-4.4855644351679	1
X2911849	18.0536801738303	-4.19097492116776	31.9288455600147	-14.3422610745104	1
X2911850	-4.54930887157639	0.429000412560976	2.50868250725787	-5.02925977609241	1
X2911851	30.0797774127815	0.471336992284778	28.0400972976172	-1.64699483079918	1
X2911852	-36.0105661327788	-0.350165680263272	-31.7617012852149	-7.89953866712863	1
X2911853	10.6712692938389	-1.80304406787131	3.86479610475504	-10.7101751334792	1
X2911854	35.1956271570951	-0.481478200455738	27.1571255303697	-3.01316569926179	1
X2911855	6.92436402003556	2.94598898713591	13.7056176829112	-5.9251011718524	1
X2911856	-15.0501380877505	5.60208895001886	-8.91892829522146	-16.4931461519826	1
X2911857	-23.3731179309415	2.38878085667945	-20.8254612152819	3.23080389526638	1
X2911858	-17.9850727787724	4.55231088928041	-18.0680662523336	-0.935973424375325	1
X2911859	-25.6551148538375	3.85406673238994	-16.3862182809928	-7.92702886050972	1
X2911860	11.3091061471466	3.59699484378138	10.9246597776345	-0.590510202506482	1
X2911861	19.6606345866025	1.0079846261333	22.0068107759231	-2.35832580591844	1
X2911862	-0.305458554350347	-0.676862032136802	-2.21351239355349	5.43725047523072	1
X2911863	16.6118954273151	-3.76292632981259	7.77055459203087	8.12586309864668	1
X2911864	-36.8286108613929	0.833036305533041	-35.8336515539489	-2.81663837414606	1
X2911865	-17.9031895558349	-0.236373004732081	-29.6672835224199	4.23509888704489	1
X2911866	-5.35355226973176	-3.00577605616733	-30.0793638332331	7.97518525112757	1
X2911867	-18.1323697524466	0.165342046204453	-13.9883617346998	6.06370233771537	1
X2911868	0.0861718036768329	-2.14742200522157	-3.62375709273044	7.57300656162399	1
X2911869	8.33975491631787	-1.59982773853373	4.37580649651176	8.88265455505437	1
X2911870	-7.04082392654386	1.27859383809042	-6.20210603312466	-6.36650121119606	1
X2911871	-4.16789106462582	2.6023666106212	-2.04853117489228	-4.12265741016474	1
X2911872	17.9972740703698	0.381509066981804	18.5841823640666	9.68389543661868	1
X2911873	20.5118880333056	4.14344445577787	11.7971269474834	-1.92643395652331	1
X2911874	1.8123224605241	1.15348846822684	21.8225327480094	-3.90605996887028	1
X2911875	-6.96056554574742	-2.12583165033695	3.55428007006679	-6.26255652295674	1
X2911876	-6.5929782657227	2.30832921395492	-12.4578212638029	-2.44469212884806	1
X2911877	18.4231186504769	-0.0023619489488467	-3.21937582640372	4.46423906541457	1
X2911878	2.94271745864843	0.0533193047522055	-0.808395721819439	-1.17564866146656	1
X2911879	-3.38707690685802	-0.499429777976254	-8.4130246911039	-4.22198559218117	1
X2911880	4.09693222378903	4.43169029040997	-19.2305939188541	5.42853812814892	1
X2911881	-19.165956276776	3.17461629961566	-17.0726599990967	-0.609626132928841	1
X2911882	-9.76753748336697	1.2122925048208	-20.7977791715255	0.0555775672497963	1
X2911883	6.6758467484095	0.498041673117436	0.615897311679707	-0.805144663771727	1
X2911884	-16.4738898731834	0.158697629192598	-5.30324755980396	-13.6742946104174	1
X2911885	4.52617176747974	-3.06485188194152	0.450752555245171	-0.40797630193693	1
X2911886	-13.2918403126365	-3.65802541058339	-7.49223180214033	6.08057622692593	1
X2911887	-6.02739013026851	1.21293170945387	-14.6961610310803	7.85617529241741	1
X2911888	24.611410248689	-1.41747881572717	7.74965685065987	6.49526833926191	1
X2911889	-0.95960471025417	-2.13265027200526	-0.968606835850279	-0.931148305833576	1
X2911890	-4.16322340598195	-2.84338106712675	-16.8100754878367	-7.79323637013724	1
X2911891	-0.668369492346233	-2.87479424110732	4.75437283174146	1.1659850226317	1
X2911892	-16.9332384972573	-2.75601602686123	-13.9079704791078	-7.1992880514075	1
X2911893	-31.2543672584053	1.25833387983349	-34.8016144460673	3.23511518795721	1
X2911894	1.4887612713964	0.312335188597693	-4.44103587132614	-1.23356735725021	1
X2911895	8.80843709914316	1.17406911234202	0.172991971083357	-8.28857043525536	1
X2911896	-5.19366031438426	0.255283008489589	-12.5678763248633	3.23550159372774	1
X2911897	-6.14833247236753	-0.209105776461277	-0.441319832190622	-14.9202905867475	1
X2911898	-12.1942271044247	1.40779433975081	1.46472298766032	-10.7628955359601	1
X2911899	-11.2346874281542	1.31920458101032	-3.53938581877931	-8.22717336305071	1
X2911900	-32.0117793726299	1.73016708307846	-33.1719893641514	-5.810400023033	1
X2911901	-7.49313162454616	1.57593360537765	27.6377093114104	-16.3152158989552	1
X2911902	34.1123882279958	-1.09164220436022	38.836268512834	2.72309442752269	1
X2911903	6.13740121038839	-1.29476747540099	16.3179075516729	0.716471960649793	1
X2911904	-9.3611493774376	-2.4978097752938	-30.0207622454314	13.9497663952785	1
X2911905	10.0465507489136	-2.30315518798015	28.9293872671851	-3.60951291694485	1
X2911906	-2.39792360225414	-2.75830479941845	6.8003816199603	5.98288098593887	1
X2911907	-12.1159501470566	-3.56912164846098	-8.69471838947565	-1.35287305642084	1
X2911908	4.27211915252232	-2.17650176794866	11.7461312550169	1.71719921029609	1
X2911909	8.0219006291725	-2.04061554647986	-0.482000541567781	5.02916975097269	1
X2911910	-9.7113633730087	-3.48573568161395	-18.1042246211337	7.6883456974594	1
X2911911	-11.1909444638155	-2.39698629420673	-25.1277645961159	-4.55286151272769	1
X2911912	-0.996792213020524	-2.38904880642093	-1.01617697760082	2.60140702666116	1
X2911913	10.0461983276437	-0.869281975250696	12.3509866949843	-6.21420580170152	1
X2911914	-3.32060543081026	-1.88914212734412	-7.13214266879537	-4.54263364717148	1
X2911915	-14.7909552982586	2.62836677882023	-18.6678267305879	-0.724249410978931	1
X2911916	1.42902549562738	0.416031254220001	-13.0360082942906	-1.20771774451478	1
X2911917	-14.2983455240194	1.32953346908304	-7.85456057727872	-10.1324276409698	1
X2911918	-13.4027344647197	1.69607051704479	-14.2001019085826	4.02236556813082	1
X2911919	-24.5194314526895	-0.689766847967388	-25.1471617276166	3.13572775980712	1
X2911920	-30.8147077761847	-2.32572110452674	-25.3044112409698	-2.18415680730786	1
X2911921	10.2193353441469	0.468250148996419	17.0758173290233	9.70036781154754	1
X2911922	7.8959983325707	-2.35362063047125	1.36134315410241	2.64220681777603	1
X2911923	-45.900888771639	-1.58783270147057	-35.5723999576198	4.76154677891599	1
X2911924	2.26416893142086	-1.28351602225906	-0.737885392406465	-5.00757462764096	1
X2911925	-9.85505878105042	-2.48962882084772	-10.5961720489036	2.1382707642536	1
X2911926	1.26768987061685	2.71426425210878	-8.0478608357193	3.73541094786301	1
X2911927	35.8566300016847	-2.02666550158991	25.8163776507841	-2.80465454806751	1
X2911928	-2.34384709174966	-0.563926889664922	-13.2416343710944	-4.34180034538955	1
X2911929	-25.9825426086783	-3.09241864726898	-20.2238964140354	6.81623955061273	1
X2911930	-3.16341168193425	-1.16076196422326	-5.98652781810831	1.47931261099948	1
X2911931	-8.56340673814581	-1.31575832717067	-9.55108839709656	1.60797268835997	1
X2911932	-11.0035894735892	-2.45986956295377	5.18222115527161	-0.754097511161837	1
X2911933	27.3949166840419	4.33350280935673	32.4278443507769	4.44398508416969	1
X2911934	11.4308001587871	-2.55614304943519	17.625376407312	-0.374207112252049	1
X2911935	1.07332602865918	2.4593059720244	-5.89403662101491	-11.0149414963545	1
X2911936	6.15495240887772	3.20958402283775	-0.821708291413413	1.77508721041617	1
X2911937	-8.37786946864527	0.534868072495929	-22.365505091943	0.880172868885858	1
X2911938	-9.88838855456284	0.729786579986953	-11.5213793771734	-3.62459894736856	1
X2911939	25.7189614938194	-0.310434644276664	7.61395855554648	7.32761408804934	1
X2911940	-33.0580859053925	-2.59584212853165	-31.9530389795393	-1.23866529339376	1
X2911941	-21.4747126103957	-1.99694105755472	-14.4640757606112	-0.517430635200102	1
X2911942	-7.5459059994649	-1.34547111995817	-7.2464855882362	3.1101377788213	1
X2911943	-24.6330940095486	-3.45778799871551	-18.9790809433192	2.66368540769319	1
X2911944	-27.529087122442	1.66603742602862	-19.4804088791458	-0.650048264886027	1
X2911945	1.5048859517942	0.571965827213905	-17.8800651523667	-2.42612699697248	1
X2911946	-17.9250515367483	1.91135464568846	-23.1498836619911	4.46906655549515	1
X2911947	-2.95743572948236	0.460164140826116	-10.6055683453812	-0.507454718195903	1
X2911948	-2.03330128571609	3.847322884252	-2.28968283216078	1.671012828209	1
X2911949	-9.02983637081197	3.97958165140564	-14.6703717638534	-4.66112038489727	1
X2911950	-18.3167251312914	5.11228027587922	-19.2499813563999	0.043903312354642	1
X2911951	-22.3588608793715	-3.55362174872122	1.56194339686873	-9.69038120937614	1
X2911952	-3.6880479125454	-1.72764840135817	12.3191338373812	-3.70280862515494	1
X2911953	-29.718641293633	-0.139512333510102	-29.7082213513597	-1.3485282978658	1
X2911954	-16.5270954128836	-2.91148687190497	-16.7464354159441	4.28736210835675	1
X2911955	-15.5208182202256	-0.295508640910048	-24.8005783616708	2.18673296117596	1
X2911956	9.25723835688188	4.57908569395188	6.14148133436235	4.04847666125391	1
X2911957	-24.2215163491668	-0.721086449361102	-15.6552449065849	-0.124994207057195	1
X2911958	-23.4746574510393	0.869965722584439	-13.7596169231344	-1.80678599911138	1
X2911959	-5.73991896847155	-1.99742873642996	-15.0510973453856	3.63334096045161	1
X2911960	-25.6986528257199	-2.63147722231269	-17.3670275134037	-1.54860599173358	1
X2911961	22.2948445064392	-2.82730899719536	31.0708485060769	3.87838200486209	1
X2911962	13.7341766899178	0.288401002218203	3.74444013529091	4.58561291994658	1
X2911963	-6.88108732315226	3.37437168371328	-8.59689002266827	1.10812014459529	1
X2911964	13.9922401212586	0.285715769491324	5.53021710384312	4.67784492826503	1
X2911965	28.2391203494998	0.776663483173397	31.1223250245371	-1.19013709550827	1
X2911966	-5.09075429330458	0.296972949069825	4.96356188701104	2.18846158605087	1
X2911967	-43.1818916348824	1.06389754045712	-33.7107767899712	-1.2838691344902	1
X2911968	-2.79209569382013	-1.96662556937314	12.5059809231004	-8.34551012767209	1
X2911969	-34.1436723172826	0.789242703076944	-36.9023750422783	-0.276208486158163	1
X2911970	10.7406362190713	-2.23496633784172	15.7307016798772	9.45080751991597	1
X2911971	-24.2542327449723	1.37536567079964	-18.2936813290606	-2.91251372773984	1
X2911972	-7.54474268725784	-2.02985726446935	3.4672489292282	-3.56915853861538	1
X2911973	-12.608911552083	-0.376153917785226	-17.3221991554398	9.30706417101904	1
X2911974	-27.0844439440177	-2.42509036944677	-34.9385433533155	0.472147534811931	1
X2911975	1.3039634347623	-2.22635688339941	5.67712560152478	3.5671772223039	1
X2911976	10.7375874019794	-2.30184765416973	2.11250913779422	3.37029973388648	1
X2911977	19.3422383258479	0.229219597503653	18.5899147163334	1.16398660002123	1
X2911978	6.39360847893315	-0.259954319823792	-5.25091403344093	0.36957052970005	1
X2911979	-4.14551770412809	-1.08389356419068	-5.09099889527501	2.68465517709161	1
X2911980	22.7486827634692	-1.72794678611608	17.5398457698936	0.735967815801795	1
X2911981	-8.84595164477447	0.248869527979483	0.616304696811065	-7.97950835716606	1
X2911982	-37.9109953170941	1.09776245112298	-29.7778225174174	-7.74552355946885	1
X2911983	0.201701497445892	1.30552235918445	15.5767503751188	-9.59340821065276	1
X2911984	-35.7778701622654	0.582211873131978	-9.07611827233328	-11.2583732222829	1
X2911985	7.06257313042438	1.51298028999147	14.6220324757109	-3.42994990107814	1
X2911986	-8.27761774716118	-1.81357631634314	-2.69948882111074	4.10816529570188	1
X2911987	6.51487329712087	-2.76909210130385	9.17630912223877	3.6275954488445	1
X2911988	-4.07008243575564	-0.706484234878668	-0.683969019386984	-5.33718194342914	1
X2911989	-43.1978409745355	-0.549714611195051	-20.9541013608551	-1.23746430050274	1
X2911990	-16.1702355597106	-2.5962733483714	-19.3889882850431	-1.59039358598874	1
X2911991	-17.8476787894235	0.0876639322643287	-24.015913411143	0.707855172213964	1
X2911992	-6.77141368910699	0.701836894037297	-28.185609060209	3.97269434001075	1
X2911993	-55.1043086916123	0.787874139921772	-25.7498445712325	-5.45197715502542	1
X2911994	-3.9339060608762	-0.317769517511424	-4.13619331986486	-0.641320894659699	1
X2911995	-24.3493707352898	-0.141054831870636	-13.1120792391679	-6.60637896858375	1
X2911996	-5.84384636385422	-1.49508218849187	-0.0409965761863149	-7.10923911094663	1
X2911997	-4.29704062865937	-3.11353961941286	9.36068006299036	-2.55372390107327	1
X2911998	-33.5594289006257	3.16693138191635	-36.6960327446152	-3.49967028818195	1
X2911999	5.98637347496258	3.68409259124254	0.5724913574667	-2.86080534569314	1
X2912000	29.2215837278838	1.56135351577922	17.3508704549501	9.6321034535325	1
X2912001	39.3495124890426	1.40641597075948	40.0857167114295	4.3441131986582	1
X2912002	-0.241056441597186	-3.76212857161951	3.03290649282111	14.3770154976861	1
X2912003	-11.2710594903051	-3.04801873857056	-0.186860173380749	12.2953403152103	1
X2912004	-22.1982333423199	-3.55883450832926	-6.27443355483145	2.32590657150413	1
X2912005	-28.2349548372855	-0.569032270394706	-23.9220951719043	0.465099459928542	1
X2912006	-33.1140564290837	-1.82551320452719	-35.3375634486269	1.69460845683809	1
X2912007	33.5955986520264	1.04026980368309	33.0760322232419	3.43142286515804	1
X2912008	-30.4864564611615	-1.86321220093748	-36.1414561284839	0.0208759944102273	1
X2912009	-9.69110758513997	-3.12199492391251	2.76842835845454	-2.89883583176317	1
X2912010	2.31078988280689	-0.813336272603713	10.0279440966898	-7.29995534233576	1
X2912011	-29.740490291576	0.951635366843339	-31.8339975058876	-2.17415965281412	1
X2912012	-5.7181856606982	0.449654177718903	-10.4442012847563	-4.61257517905573	1
X2912013	-4.34677251125117	-2.73571814743331	5.40660594637561	-5.81285079041517	1
X2912014	-2.01681272112529	1.23294208775015	-16.5652110718703	2.57443487453697	1
X2912015	12.6273524330681	-0.479979785131911	14.6899621887561	-6.12860365548668	1
X2912016	-43.8996850262966	-0.838417009374328	-28.0762618812337	-4.02095542005573	1
X2912017	1.256753503071	-2.69424735226538	8.77174213247072	-3.13357285962124	1
X2912018	-18.4929509275256	0.969135492923767	-15.7275345125336	-0.799877875139787	1
X2912019	-10.3710033119843	0.628167255734658	-3.49592174499026	-1.06610854523904	1
X2912020	-12.1965156034225	3.60201519550745	-15.7435842835323	0.516035765166186	1
X2912021	3.43035826209779	-4.03023359781684	5.84940051634847	9.38365279597023	1
X2912022	1.00973362741759	1.09470108736469	8.04697719248445	-7.77225842172457	1
X2912023	-21.8360260928725	-0.464383046063211	-19.1893019623527	-8.40962962468753	1
X2912024	-22.1044259243183	0.589070296976796	-6.95153911808468	-7.12247471265967	1
X2912025	20.0081077264406	0.918900526806113	14.3537307544173	4.67391557553516	1
X2912026	-14.729244845917	-0.314136379187097	-11.6056614468801	2.61123690178703	1
X2912027	22.7556573813498	-3.16439013636767	23.8044677221386	3.90005610730132	1
X2912028	17.9914400328271	-1.66896667970986	17.5267467998686	8.06989347274828	1
X2912029	-0.282050625498597	-1.99452999453951	12.1485898639096	0.070566067181493	1
X2912030	-28.3596189305338	-0.362842164685816	-1.64173145520234	-7.86792522709877	1
X2912031	-3.34288119790519	0.432203440961279	-2.68250048972039	-2.63379544943467	1
X2912032	22.1178970583563	1.51590656341773	20.2174153299577	-2.4900617354389	1
X2912033	-10.418691691402	2.166947269866	-1.46665148825047	-7.11557405063995	1
X2912034	10.3189767951128	3.40279272673529	18.5091304805754	-1.62740013864377	1
X2912035	-32.6215182041826	-3.92963562298224	-17.3535164967433	-2.92793451702027	1
X2912036	-2.73768334918009	0.486719205511713	3.92899101234548	-8.17227936436179	1
X2912037	-33.4211218115838	-1.55005291318539	-8.39031640907627	-16.6750665493046	1
X2912038	12.3262919382795	-1.60415645137496	19.3417384892554	1.29569811090586	1
X2912039	-28.3791016024225	0.112811597444062	-19.5830075736298	0.470768446682851	1
X2912040	-30.8185541680764	-2.5477899838531	-8.39005564305482	-0.857797647123761	1
X2912041	-1.76381903846253	4.81126618322894	8.52461177252357	-7.77491876679941	1
X2912042	14.1103983203772	2.21240262691196	21.1632502043302	-10.2147594636927	1
X2912043	-4.73413066735543	3.25729035721257	-3.6863289017449	-2.40311801183493	1
X2912044	6.75166128730241	-4.80718708358052	8.90431794831707	-6.05966725876201	1
X2912045	16.6197272004614	-0.220671807576535	10.8306054391282	-2.02561509855853	1
X2912046	-28.8289440723953	0.582284348654688	-18.343963836582	-3.78176201959782	1
X2912047	-8.21758436848008	2.14200912872105	-5.98515031772703	-6.79737130310161	1
X2912048	-24.6465724156953	-2.01531177830046	-25.8560287129213	4.70649739899878	1
X2912049	21.8238731905049	1.86350157175254	18.3396995976832	-5.30769277979384	1
X2912050	-25.6483578828914	2.39344345429475	-30.6095369966632	-0.0611732454176103	1
