<Trait>	Trait_1_H2_1	Trait_2_H2_1	Trait_3_H2_1	Trait_4_H2_1	Rep
X2918771	49.2296971264936	0.214833147403786	50.7887751536746	-1.77391117458486	1
X2918772	25.7577679947953	0.214833147403786	25.5245227528418	0.0184120945495776	1
X2918773	17.4005490648964	-0.590461035397011	15.7426347429616	2.24837535733185	1
X2918774	14.1823381276411	1.20122126314522	13.7245147600092	-0.743397895513249	1
X2918775	28.6473585865648	-2.3566315895799	34.9974444983423	-3.99345432219756	1
X2918776	36.0018014495766	0.0809757362138521	36.6515599575321	-0.730734244169411	1
X2918777	21.6565857145695	0.44658628109533	23.8527417556528	-2.64274232217879	1
X2918778	5.46179829329636	2.77293352667109	-0.220896128822211	2.90976089544756	1
X2918779	4.94032478051746	1.96473798199685	1.08178570685681	1.89380109166382	1
X2918780	11.9912625598008	0.44658628109533	12.4735759818592	-0.928899703153701	1
X2918781	-1.12717360694724	2.77293352667109	-4.23166606702958	0.331558933411403	1
X2918782	4.97952713059438	1.19125058706069	4.67309328796606	-0.884816744432356	1
X2918783	22.5495098062197	0.961772361237244	22.4755582938082	-0.887820848825945	1
X2918784	39.912898543752	1.19125058706069	42.62186819526	-3.90022023856884	1
X2918785	-0.650660584988778	0.92798330375074	-0.68129828601522	-0.897345602724305	1
X2918786	11.9212421754382	1.96473798199685	7.2044817431489	2.75202245029246	1
X2918787	39.3247100294752	-1.69952992737592	40.7018463267013	0.322393630149628	1
X2918788	16.1135666474607	1.96473798199685	3.73200432367463	10.4168243417892	1
X2918789	3.73937571775625	1.96473798199685	5.30117762729158	-3.52653989153217	1
X2918790	-5.02242219437231	0.0836639587390684	-5.20347245132358	0.097386298212184	1
X2918791	47.3831859887577	-0.773193963231138	53.6014145512307	-5.44503459924184	1
X2918792	3.91919935923369	-0.189574000655415	-0.364860300746045	4.47363366063516	1
X2918793	5.19867307532871	0.0836639587390684	1.06186574746375	4.05314336912584	1
X2918794	6.0283807254909	-2.42477553852354	10.2645420493783	-1.81138578536379	1
X2918795	-20.1867175088417	0.505823631244904	-20.5942623873913	-0.0982787526953219	1
X2918796	17.7864944607233	-0.654354403295395	19.8832278069127	-1.44237894289415	1
X2918797	-5.86086283021163	0.505823631244904	-9.47116803310828	3.10448157165173	1
X2918798	-2.6370380424945	-0.654354403295395	-1.98686244193635	0.00417880273730931	1
X2918799	6.84758554878794	0.505823631244904	6.51711455145516	-0.175352633912165	1
X2918800	-5.52548322042255	0.505823631244904	-1.60345840015903	-4.42784845150849	1
X2918801	-21.0319878074206	-2.17257665745685	-9.45596519100173	-9.40344595896211	1
X2918802	5.77482481598565	-0.296162360239902	11.0444913322295	-4.97350415600394	1
X2918803	-10.1291286208516	-0.654354403295395	-8.55652739922611	-0.918246818330063	1
X2918804	22.509232572344	-0.773193963231138	24.9421105803148	-1.65968404473966	1
X2918805	18.600329723335	-0.654354403295395	25.8826005657507	-6.62791643912021	1
X2918806	5.3158216194898	-0.773193963231138	5.61810875025473	0.470906832466264	1
X2918807	-25.5186211652972	-0.654354403295395	-28.0712044254258	3.20693766342397	1
X2918808	25.6557934213122	-0.773193963231138	29.634978761839	-3.20599137729575	1
X2918809	31.0721614036244	1.19125058706069	27.0516909247554	2.82921989180821	1
X2918810	22.0741324822323	1.19125058706069	15.138268020283	5.74461387488865	1
X2918811	32.5732190966221	-0.93499391837525	33.3838798287277	0.124333186269478	1
X2918812	7.38403235870872	1.96473798199685	-1.84353611113661	7.2628304878484	1
X2918813	21.8146715358128	0.275206401984564	27.2827645589765	-5.74329942514817	1
X2918814	17.6669966347396	0.505823631244904	15.8329809675204	1.32819203597429	1
X2918815	25.3935274847704	0.505823631244904	26.235715502195	-1.3480116486694	1
X2918816	10.4006769095735	1.96473798199685	2.65145547746338	5.78448345011338	1
X2918817	11.6111853110535	1.96473798199685	5.75668705872902	3.8897602703276	1
X2918818	-0.0962133876967854	-1.02558643725145	6.15674595608125	-5.22737290652661	1
X2918819	43.3530692396712	-0.93499391837525	46.4050840301916	-2.11702087214522	1
X2918820	-3.15701793785695	-1.39167026930715	3.66599345211843	-5.43134112066828	1
X2918821	38.8568671955843	-0.758515777051172	41.1083505791231	-1.49296760648762	1
X2918822	-12.4652076542508	-2.14306443820611	-9.80988477197182	-0.512258444072883	1
X2918823	8.35289965413223	-2.15782054783148	12.6859874216318	-2.1752672196681	1
X2918824	-8.22165050868951	0.275206401984564	-11.4039493744816	2.90709246380752	1
X2918825	46.6738460192338	-0.137499442212156	44.3678026367184	2.4435428247276	1
X2918826	37.3260519381266	0.417763192124526	38.955460720452	-2.04717197444997	1
X2918827	7.31323210861207	-1.31082147424033	9.16317806709939	-0.539124484246955	1
X2918828	9.58014240275329	0.340434312252305	9.33364551853031	-0.0939374280292358	1
X2918829	7.87733877126918	-0.710364424465901	7.90390228575414	0.683800909981046	1
X2918830	12.6147397359748	-0.159127047235972	16.2285087975807	-3.45464201436984	1
X2918831	22.040799573826	0.340434312252305	21.0783007813166	0.622064480257104	1
X2918832	27.3027363786963	0.160124434063324	11.4001348792495	15.7424770653834	1
X2918833	17.5968618383813	0.160124434063324	13.6663043745916	3.77043302972651	1
X2918834	9.0014172902734	-3.4231661141881	17.3432422725264	-4.91865886806483	1
X2918835	30.970190225439	0.888408059225134	27.1166046484526	2.96517751776123	1
X2918836	8.88592020673748	-3.4231661141881	13.6100220342362	-1.30093571331045	1
X2918837	24.5465601836002	1.61586254287986	14.8726480534486	8.05804958727173	1
X2918838	4.39279109959814	2.30152543790753	-2.14180380278292	4.23306946447354	1
X2918839	32.2302382724741	-1.60905137681026	36.5468305983042	-2.70754094901992	1
X2918840	1.09912663967493	1.61586254287986	-0.376949217905981	-0.139786685298931	1
X2918841	9.93665033908897	1.61586254287986	3.48624709836562	4.83454069784352	1
X2918842	16.380152714651	-0.137499442212156	21.6289686526174	-5.11131649575401	1
X2918843	0.752349012314248	0.340434312252305	-0.400007797928623	0.811922497990671	1
X2918844	10.6089479429596	0.275206401984564	12.8814595472248	-2.54771800624973	1
X2918845	20.7702343219962	0.394045961920308	26.5471423592649	-6.17095399918893	1
X2918846	-20.7364595994406	1.98607987029197	-23.5054673614652	0.782927891732619	1
X2918847	3.29209353634244	-0.0746879550833628	13.64680476206	-10.2800232706342	1
X2918848	1.23977332511834	1.49845634830652	-4.6486483360293	4.38996531284108	1
X2918849	-1.51198567403314	1.47924974699499	1.62620959333604	-4.61744501436431	1
X2918850	12.9399105380607	0.924290214039909	10.8465428829168	1.16907744110395	1
X2918851	-4.48997785962386	0.394045961920308	-8.30395737523728	3.41993355369312	1
X2918852	-6.6453576918731	0.394045961920308	-2.2317360730156	-4.80766758077784	1
X2918853	14.7520056727988	0.924290214039909	19.2846215235206	-5.45690606476167	1
X2918854	-15.0034833207917	1.98607987029197	-13.2727680551011	-3.71679513598261	1
X2918855	-23.6117095110106	-0.827770619039244	-12.4854246591378	-10.2985142328335	1
X2918856	3.66402272457503	0.924290214039909	6.03046083004463	-3.29072831950947	1
X2918857	0.379289515245574	1.49845634830652	-4.32635118844706	3.20718435538611	1
X2918858	1.69972588670691	1.98607987029197	-1.44587565784562	1.15952167426051	1
X2918859	11.5777056985188	1.49845634830652	-1.31222678773628	11.3914761379484	1
X2918860	-9.68788381085637	0.275206401984564	-3.77015022393763	-6.19293998890326	1
X2918861	1.20504514520235	0.275206401984564	7.62426306842475	-6.69442432520694	1
X2918862	-9.23511177037253	1.98607987029197	-11.1139929990834	-0.107198641581237	1
X2918863	31.0102200209766	2.30152543790753	21.3634658275593	7.34522875550964	1
X2918864	28.516046919682	0.340434312252305	27.3021357514751	0.873476855954612	1
X2918865	18.2562926069007	3.0716006516964	5.62286535839842	9.56182659680626	1
X2918866	-10.3854705742589	0.924290214039909	-13.7414811792503	2.43172039095147	1
X2918867	33.0126372597816	2.30152543790753	26.4621828635327	4.24892895834145	1
X2918868	5.12306107704984	0.523764274375747	0.969661070986355	3.62963573168775	1
X2918869	-6.5252240276111	3.71464281658992	-15.9904497178083	5.75058287360734	1
X2918870	26.8006972621822	0.340434312252305	26.5134090105144	-0.0531460605844658	1
X2918871	15.9488809224211	1.70393557786184	10.6607105349806	3.58423480957868	1
X2918872	-0.689249048802815	1.61586254287986	-4.75210413294767	2.44699254126497	1
X2918873	14.6771623257178	0.653554743516177	15.724180644361	-1.70057306215933	1
X2918874	9.04648565661419	3.71464281658992	5.18256735641086	0.149275483613477	1
X2918875	10.0205807469087	1.49845634830652	3.65751004417339	4.86461435442872	1
X2918876	9.43301625284087	0.446286510460558	12.5551818508584	-3.56845210847817	1
X2918877	3.85732681172238	3.71464281658992	-6.07014943924409	6.21283343437644	1
X2918878	3.81063814401418	2.73694866303595	-4.53081369329328	5.60450317427158	1
X2918879	-19.667089013516	0.446286510460558	-13.9277535270005	-6.18562199697601	1
X2918880	15.0728113279436	3.0716006516964	8.40055191817645	3.60065875807079	1
X2918881	2.79640264483727	3.71464281658992	-6.57822613013255	5.65998595837978	1
X2918882	42.6802881425459	1.31120019706705	44.9896796903415	-3.62059174486241	1
X2918883	18.8074675409974	1.61669168438694	12.8185379865933	4.37223787001716	1
X2918884	17.5167086427055	0.417763192124526	18.1076461245503	-1.00870067396942	1
X2918885	27.1154644363452	2.30152543790753	15.7287673767627	9.08517162167493	1
X2918886	-4.5651346053332	0.505823631244904	-1.93474943191217	-3.13620880466597	1
X2918887	19.4410065936085	0.417763192124526	16.8198722340067	2.20337116747732	1
X2918888	7.17151082162559	-0.852454143102936	8.02382286538876	0.000142099339675017	1
X2918889	2.76075973868779	2.28822977894716	-0.556251754895285	1.02878171463591	1
X2918890	1.76220448968617	0.888408059225134	3.58989783950713	-2.71610140904613	1
X2918891	32.2910718731251	2.98718833293519	30.6404206466241	-1.33653710643414	1
X2918892	-8.73020610529102	-1.02245242120978	-3.77806194914265	-3.92969173493867	1
X2918893	36.0800379193781	0.505823631244904	32.10504659508	3.46916769305315	1
X2918894	42.768341552379	-1.88443544179504	48.8352212409738	-4.18244424679978	1
X2918895	19.8754645991206	2.98718833293519	17.6913747792866	-0.803098513101108	1
X2918896	22.4574443127758	2.98718833293519	15.4111591289875	4.05909685085322	1
X2918897	6.19562562399749	1.26746643528295	10.481013751888	-5.55285456317345	1
X2918898	20.2533066705983	1.10385385045594	22.4811242772189	-3.33167145707672	1
X2918899	18.3203976191542	2.98718833293519	18.0719886435183	-2.73877935729912	1
X2918900	21.3725942989777	2.98718833293519	14.4232415864169	3.96216437962576	1
X2918901	22.615212144997	0.888408059225134	12.1140922726952	9.61271181307667	1
X2918902	-10.7044460106292	-2.7610606087908	-8.6321029286305	0.688717526792108	1
X2918903	26.0738103405976	2.98718833293519	24.5282514948635	-1.44162948720087	1
X2918904	23.568824272999	2.98718833293519	15.8338499559527	4.74778598411116	1
X2918905	8.51729078431276	-2.73693967577653	16.9591462621697	-5.70491580208054	1
X2918906	22.3013216246591	0.340434312252305	26.4351176639805	-4.47423035157364	1
X2918907	7.89161493672415	-0.93499391837525	11.92782750484	-3.10121864974051	1
X2918908	23.7017277436879	-0.758515777051172	23.7556816901161	0.704561830622913	1
X2918909	12.2707030169103	-0.189574000655415	16.7458469033489	-4.28556988578315	1
X2918910	56.2356941968204	-0.758515777051172	57.1123105232573	-0.118100549385759	1
X2918911	13.4894672673591	1.96473798199685	5.40582192441424	6.11890736094802	1
X2918912	18.180436612445	0.275206401984564	23.4223410042245	-5.51711079376399	1
X2918913	8.78106307152927	1.04130365712278	5.28212220922809	2.45763720517844	1
X2918914	13.8240815088926	0.505823631244904	19.1380510083548	-5.81979313070708	1
X2918915	9.46022722353236	1.96473798199685	2.85492891832261	4.64056032321299	1
X2918916	13.904845757206	0.340434312252305	14.346064153439	-0.781652708485307	1
X2918917	11.5974319576497	1.96473798199685	4.40658480075764	5.22610917489521	1
X2918918	-19.1578561271599	-0.948043544337388	-19.0589147277125	0.849102144889932	1
X2918919	7.6441654010971	1.96473798199685	5.75257264202156	-0.073145222921265	1
X2918920	11.8578690817704	-0.117071668238412	14.6111736033643	-2.63623285335553	1
X2918921	17.6692556905394	1.96473798199685	12.1116987650357	3.59281894350675	1
X2918922	0.402719487324049	1.96473798199685	-8.13474943231344	6.57273093764071	1
X2918923	4.19458178444879	-2.15782054783148	18.3770584959925	-12.0246561637121	1
X2918924	15.6523215445556	1.96473798199685	15.8749839072889	-2.18740034473003	1
X2918925	-22.3794655871725	-2.14306443820611	-18.1229317171227	-2.11346943184363	1
X2918926	-6.01318614301986	0.764674468623734	-6.9036325548141	0.125771943170496	1
X2918927	37.8509888734498	0.304827359690292	41.6623328576795	-4.11617134392004	1
X2918928	-2.67442804473248	0.0836639587390684	-5.00934407255046	2.25125206907897	1
X2918929	27.8006065926796	-0.598344382124889	27.1441302365398	1.25482073826438	1
X2918930	-6.48935094745323	-0.189574000655415	-10.2372336192071	3.93745667240923	1
X2918931	-0.992850358544302	-1.65069665428372	3.20179973922089	-2.54395344348149	1
X2918932	-11.9619157053753	-2.40209333642157	-2.09585482533634	-7.4639675436173	1
X2918933	17.896694379756	-2.58739921355086	30.4526816845624	-9.96858809125563	1
X2918934	5.81905370906739	-0.296162360239902	10.4593215266534	-4.34410545734603	1
X2918935	9.55818136464036	-0.159127047235972	10.8938879644192	-1.1765795525428	1
X2918936	31.8716430060003	-0.773193963231138	37.0303838547895	-4.38554688555818	1
X2918937	-22.5670474208121	-2.58739921355086	-11.6615126681886	-8.31813553907245	1
X2918938	5.42792826420227	-0.654354403295395	13.4234902337147	-7.34120756621693	1
X2918939	-50.0439764109826	0.505823631244904	-50.2818379019695	-0.267962140258053	1
X2918940	10.8663344773675	-1.59348067424528	13.9957367605071	-1.53592160889434	1
X2918941	-5.98137656717567	-2.15782054783148	2.12447642272086	-5.94803244206504	1
X2918942	3.12612432521616	-0.773193963231138	9.54178089806658	-5.64246260961928	1
X2918943	-24.2685877534197	0.505823631244904	-24.7412998783017	-0.0331115063628498	1
X2918944	-12.1978162632267	-2.92397082635582	-4.48145003892093	-4.79239539795001	1
X2918945	37.7073241809579	-1.02245242120978	36.5239394425276	2.20583715964021	1
X2918946	47.709337818779	-1.68954200539484	53.9004596594755	-4.5015798353017	1
X2918947	22.2577046177267	-2.17902763077528	20.2195408554463	4.21719139305584	1
X2918948	3.76354595991992	-1.81706076162035	13.4064029686552	-7.82579624711488	1
X2918949	9.60957280862922	-1.02558643725145	11.4808079445486	-0.845648698667952	1
X2918950	16.4867212542157	-1.39167026930715	24.4439966148723	-6.56560509134944	1
X2918951	17.3827788171535	-1.02558643725145	24.39025651967	-5.98189126526512	1
X2918952	45.0913001684387	-1.31082147424033	43.668590844177	2.733530798502	1
X2918953	3.51239263316645	-2.52209535083755	-3.76343451282688	9.79792249683095	1
X2918954	-4.69258570264553	0.446286510460558	-14.4181214492354	9.27924923612925	1
X2918955	15.9914190188035	0.359839425462339	14.2732685147438	1.35831107859734	1
X2918956	5.70167144849283	-4.62656318866453	13.2416100362203	-2.91337539906289	1
X2918957	14.3687807700736	-1.31082147424033	13.4631621770171	2.21644006729694	1
X2918958	25.7580635771687	-3.20771531182552	28.7461831851119	0.219595703882294	1
X2918959	15.7928179140948	-4.42881766575538	19.0491484795417	1.17248710030837	1
X2918960	13.2406181236238	0.379891975594245	8.75421773453493	4.10650841349477	1
X2918961	-8.58243587649664	-4.62656318866453	-6.60402677695848	2.64815408912643	1
X2918962	-10.0425081389756	-0.611605589646971	-11.7599936481524	2.32909109882385	1
X2918963	-10.7476030962314	-1.02558643725145	-5.36502858035028	-4.35698807862965	1
X2918964	-5.45331948917841	0.435365540041589	-10.3700888226003	4.48140379338036	1
X2918965	-1.88822800797561	-1.88443544179504	4.32724209975855	-4.33103466593905	1
X2918966	-3.94375594580414	0.0836639587390684	-3.31970167116621	-0.707718233376868	1
X2918967	-3.37913787076541	-0.179603324570881	3.10462029999735	-6.30415484619179	1
X2918968	1.79943579613326	-0.179603324570881	2.64937654930849	-0.670337428604297	1
X2918969	8.5266332822784	0.435365540041589	4.81446816441176	3.27679957782521	1
X2918970	10.1826050797923	1.03952403013952	8.30908187162041	0.833999178032337	1
X2918971	-16.8393441631868	-0.745960604303764	-17.848840219163	1.75545666027988	1
X2918972	14.810576458212	-0.745960604303764	23.5360812198253	-7.97954415730951	1
X2918973	10.0563229216391	-2.58324630631847	11.8857519755123	0.753817252445335	1
X2918974	16.6758196068299	0.0836639587390684	17.4365462119616	-0.844390563870856	1
X2918975	14.3607652663673	1.45453446615951	13.6133094952393	-0.707078695031557	1
X2918976	6.15071741737082	1.45453446615951	8.60070291825397	-3.9045199670427	1
X2918977	24.1154593401093	0.924290214039909	21.6897110169214	1.50145810914811	1
X2918978	25.5098007217566	1.45453446615951	26.5042683592667	-2.44900210366965	1
X2918979	13.7660924912983	-0.701058012644701	21.9104521040893	-7.4433016001463	1
X2918980	-28.1236293623039	-0.137499442212156	-25.6192137816979	-2.36691613839389	1
X2918981	11.2378290657138	0.742865449222394	13.52825512808	-3.03329151158847	1
X2918982	11.7275334981676	-3.7582502720864	19.847130551207	-4.36134678095291	1
X2918983	11.7924738338996	-0.137499442212156	18.6051789971043	-6.67520572099227	1
X2918984	11.0913720394477	-1.88443544179504	15.2655672021984	-2.2897597209557	1
X2918985	-15.8701814922979	-3.7582502720864	-5.79884815525961	-6.31308306495196	1
X2918986	-18.0831673442609	-0.137499442212156	-20.5532780917137	2.60761018966502	1
X2918987	16.2295585344342	1.45453446615951	15.3571403564101	-0.582116288135452	1
X2918988	17.8277340807327	0.394045961920308	18.6865055249954	-1.25281740618296	1
X2918989	32.5199886178491	1.49845634830652	18.5397800248583	12.4817522446844	1
X2918990	23.1282013439787	0.275206401984564	19.2755404818539	3.5774544601403	1
X2918991	0.564467547600501	-0.0746879550833628	5.73050579722598	-5.09135029454218	1
X2918992	10.0196295521532	0.394045961920308	5.88281682243451	3.74276676779837	1
X2918993	15.9325773900053	1.98607987029197	8.43139567087545	5.51510184883809	1
X2918994	40.9282229916652	1.98607987029197	33.1487175730448	5.79342554832863	1
X2918995	-0.721332048458123	1.98607987029197	-3.59612571397734	0.888713795227164	1
X2918996	29.6252362019725	-0.606129633353484	30.0503036479367	0.181062187389234	1
X2918997	17.8934403150361	-1.75775410136285	30.7896376917386	-11.1384432753397	1
X2918998	13.678495093652	-0.606129633353484	12.1860887183699	2.0985360086355	1
X2918999	4.52220360419277	0.924290214039909	1.80692796851424	1.79098542163858	1
X2919000	31.2321095188447	1.98607987029197	22.4194471927649	6.82658245578814	1
X2919001	8.12639836009809	-0.0746879550833628	3.03840770210042	5.16267861308087	1
X2919002	11.204520436508	-1.2279716306413	12.246952484032	0.185539583117331	1
X2919003	9.92891267764675	1.20544963711954	-0.0590546724929411	8.78251771302014	1
X2919004	17.0648935205704	1.49845634830652	13.2995664555507	2.26687071671325	1
X2919005	17.2426755492492	2.30152543790753	7.63487807095246	7.30627204038923	1
X2919006	-1.71941972665763	0.417763192124526	2.49750784727789	-4.63469076605996	1
X2919007	0.590018008138259	1.19125058706069	-0.328313419025868	-0.272919159896548	1
X2919008	30.144564350937	1.19125058706069	27.3125998369971	1.64071392687921	1
X2919009	4.90285846465748	2.30152543790753	-6.4114140102006	9.01274703695056	1
X2919010	-7.06415942907766	0.888408059225134	-3.13385094455916	-4.81871654374352	1
X2919011	-9.11263295153141	-3.07202383367483	3.80833713857655	-9.84894625643312	1
X2919012	-2.44951297691494	-1.88443544179504	3.71409004821457	-4.27916758333445	1
X2919013	10.6778012534733	0.283204211319126	17.4655459402448	-7.07094889809068	1
X2919014	9.07091342280546	2.98718833293519	5.97958364250496	0.104141447365351	1
X2919015	-15.6847032502318	-0.137499442212156	-9.94684118578128	-5.60036262223828	1
X2919016	5.60895361242157	1.61669168438694	3.27804896296832	0.714212965066414	1
X2919017	0.633169024568808	2.98718833293519	-7.22342364845863	4.86940434009221	1
X2919018	-14.5147405075387	0.888408059225134	-22.9132452451431	7.51009667837928	1
X2919019	-32.6770934306812	0.888408059225134	-35.6257922186165	2.06029072871013	1
X2919020	21.0522770857709	1.19125058706069	26.2178135589953	-6.35678706028501	1
X2919021	27.9255818847326	-0.758515777051172	32.2807350737019	-3.59663741191858	1
X2919022	29.5945607063117	-0.757907610852571	37.6740454216001	-7.32157710443586	1
X2919023	39.0730440385443	-0.93499391837525	45.614359528157	-5.60632157123761	1
X2919024	15.1411245184416	0.505823631244904	22.6714056211011	-8.03610473390435	1
X2919025	42.357336566915	-2.49745938496346	53.5665110629335	-8.71171511105517	1
X2919026	26.2235399983902	1.96473798199685	28.4660280132996	-4.20722599690627	1
X2919027	20.1553459251143	-0.948043544337388	21.7226179800504	-0.619228510598846	1
X2919028	-5.46938317292392	-0.117071668238412	-2.75288924274863	-2.5994222619369	1
X2919029	14.7927861064299	0.267585456892838	16.3955310239302	-1.87033037439297	1
X2919030	40.0475030574518	0.340434312252305	49.8222129982774	-10.1151442530781	1
X2919031	-20.1799911351256	-2.14306443820611	-11.4525527650504	-6.5843739318691	1
X2919032	-0.318328966217401	-2.15782054783148	6.0509276672292	-4.21143608561505	1
X2919033	10.0021341619109	-1.65069665428372	14.3955816347299	-2.74275081853515	1
X2919034	-12.8642036813833	-2.97530740217189	-4.79916403907696	-5.08973224013442	1
X2919035	-0.671276799537743	0.340434312252305	-2.90091203507942	1.88920092328939	1
X2919036	-13.0229097794531	1.96473798199685	-11.5925877164468	-3.39506004500313	1
X2919037	17.4069360421198	-2.14306443820611	28.6718239004509	-9.12182342012517	1
X2919038	9.05053905846619	-1.68954200539484	18.2931432941157	-7.55306223025464	1
X2919039	18.749865227536	0.0873570484498989	23.7300292456803	-5.06752106659429	1
X2919040	39.0439636491924	1.31120019706705	39.0645563636433	-1.33179291151805	1
X2919041	49.1987477723614	0.0809757362138521	59.1962399848288	-10.0784679486814	1
X2919042	20.1346479242115	0.417763192124526	22.4279999181699	-2.71111518608301	1
X2919043	33.9156005495772	1.00570870974716	40.5574406488792	-7.64754880904931	1
X2919044	22.6778860445799	-2.3566315895799	32.5066709932855	-7.47215335912578	1
X2919045	51.7440641461691	-2.58324630631847	59.6637770283034	-5.33646657581583	1
X2919046	5.49736945414401	2.04206686186907	4.32924803733881	-0.873945445063814	1
X2919047	38.3885591358306	0.417763192124526	43.6707046402069	-5.69990869650085	1
X2919048	0.261406789347937	0.505823631244904	0.71358243889123	-0.9579992807881	1
X2919049	-13.0734296912533	-2.79185887665419	-8.6146241203444	-1.66694669425471	1
X2919050	32.1689009262944	0.821682320773531	38.6414170132009	-7.29419840768002	1
X2919051	-0.45312872015009	2.04206686186907	-4.83089198368036	2.33569640166128	1
X2919052	-8.33454754442611	-2.15782054783148	-0.0205623687235033	-6.15616462787105	1
X2919053	-25.9279583461781	-4.12606709500755	-7.55956771286192	-14.2423235383086	1
X2919054	16.4840941608554	-2.42477553852354	24.9098101493445	-6.00094044996564	1
X2919055	13.1782163842747	-2.58739921355086	31.8466601335323	-16.0810445357065	1
X2919056	0.305721107938716	-0.648481550378166	12.986890325901	-12.0326876675841	1
X2919057	25.1523267229571	-2.29825524374543	38.787664304036	-11.3370823373334	1
X2919058	11.6402055450371	-1.62120308531897	25.0887026112864	-11.8272939809304	1
X2919059	-16.7653233194629	-2.15782054783148	-8.0278418777215	-6.57966089390994	1
X2919060	5.06994489331628	-3.95494805208361	15.2982217492811	-6.27332880388123	1
X2919061	-17.7496541476943	-1.85971675792827	-9.4478104794057	-6.44212691036035	1
X2919062	-1.00116766383859	-4.55375139819675	15.0667690911979	-11.5141853568397	1
X2919063	-16.2843338307696	-2.92397082635582	-3.52743850221216	-9.83292450220161	1
X2919064	22.0015307548558	-2.58324630631847	30.8431394385051	-6.25836237733097	1
X2919065	-22.5302002764404	-2.15782054783148	-13.5912591826212	-6.78112054598764	1
X2919066	0.0728054077224556	-2.29825524374543	14.4633274873948	-12.0922668359269	1
X2919067	12.2948705048576	-2.29825524374543	26.7260038937997	-12.1328781451967	1
X2919068	-21.1406847794303	-2.15782054783148	-8.87648947678672	-10.1063747548121	1
X2919069	-10.8737136505016	-2.29825524374543	0.425750316967509	-9.00120872372368	1
X2919070	8.15778243393293	2.30152543790753	-7.00956467285483	12.8658216688802	1
X2919071	-27.8096852345972	-1.02245242120978	-26.5547730935413	-0.232459719846109	1
X2919072	-10.8352203649356	-0.137499442212156	-12.8272187176336	2.12949779491018	1
X2919073	-3.89910765726299	1.19125058706069	-10.9293882656625	5.83903002133889	1
X2919074	20.8124767397599	1.61669168438694	9.23802322612163	9.95776182925131	1
X2919075	13.4545637796089	1.19125058706069	15.0190549442977	-2.7557417517495	1
X2919076	22.0757516088863	0.888408059225134	10.5014005330424	10.685943016619	1
X2919077	-7.74753937796037	-0.852454143102936	-10.7438531954567	3.84876796059917	1
X2919078	10.2313679534864	0.417763192124526	2.50595500747098	7.30764975389089	1
X2919079	7.33034786998766	0.888408059225134	-13.6927485986561	20.1346884094188	1
X2919080	-29.1904989351468	-3.07202383367483	-24.5030956811819	-1.61537942029013	1
X2919081	3.48404526833235	-1.68954200539484	6.60077823592426	-1.42719096219707	1
X2919082	19.4049164989965	1.61669168438694	10.9974429142589	6.79078190035082	1
X2919083	10.9058786719272	0.505823631244904	5.51561255787465	4.88444248280766	1
X2919084	-7.73699827703385	1.19125058706069	-10.2442726108882	1.31602374679368	1
X2919085	2.69661853948593	0.888408059225134	-11.1462553990853	12.954465879346	1
X2919086	27.2960127323511	1.61586254287986	21.073752718196	4.60639747127524	1
X2919087	9.84568743424627	-0.159127047235972	21.2146613751266	-11.2098468936441	1
X2919088	17.159341467327	0.340434312252305	18.4856005342519	-1.66669337917713	1
X2919089	17.2070827184114	0.340434312252305	25.2384731499476	-8.3718247437885	1
X2919090	7.70732265118043	1.61586254287986	3.79920970459941	2.29225040370106	1
X2919091	4.69625804580663	1.76893099125613	6.06587970273034	-3.13855264817989	1
X2919092	-20.5642003103939	-0.137499442212156	-16.9011202215471	-3.52558064663459	1
X2919093	0.822978351343373	-0.157921088368043	4.19297236572541	-3.21207292601397	1
X2919094	-1.56527490827944	0.160124434063324	4.67475491684559	-6.40015425918828	1
X2919095	23.7544103442121	-2.14306443820611	28.8960194567451	-2.99854467432698	1
X2919096	14.0316857933542	2.30152543790753	14.7299296803775	-2.99976932493091	1
X2919097	8.11292929938038	0.160124434063324	20.9222156069167	-12.9694107415996	1
X2919098	1.91603392794959	0.888408059225134	2.54871237084558	-1.52108650212103	1
X2919099	5.72526598615624	0.340434312252305	7.79163742905086	-2.40680575514691	1
X2919100	-3.69374939211564	1.61586254287986	-17.4846601913788	12.1750482563832	1
X2919101	14.885254491247	0.340434312252305	22.729980948293	-8.18516076929829	1
X2919102	0.340681247411389	-3.06792945894123	11.3136141882129	-7.90500348186033	1
X2919103	5.1789005979842	0.340434312252305	-1.58172605737753	6.42019234310949	1
X2919104	-5.12228418872086	1.15654243732261	-16.8572769959145	10.5784503698711	1
X2919105	-4.71315594192698	0.275206401984564	-9.01524762800389	4.02688528409239	1
X2919106	15.6647122934775	2.92386457532489	6.91972464258627	5.82112307556631	1
X2919107	10.3479125661168	0.924290214039909	7.06795915298721	2.35566319908967	1
X2919108	13.0468878667764	0.275206401984564	3.60649008577545	9.16519137901639	1
X2919109	25.5050981580066	3.71464281658992	13.947342952011	7.84311238940578	1
X2919110	8.7575967473127	0.340434312252305	2.92359300848999	5.49356942657042	1
X2919111	-30.3243224780834	0.394045961920308	-33.3304007952333	2.61203235522957	1
X2919112	-6.31979520255513	1.15654243732261	-13.4085034221064	5.93216578222871	1
X2919113	2.06130103891537	3.71464281658992	-15.2466774489167	13.593335671242	1
X2919114	-32.9664714802744	-2.01738585191753	-33.496893556701	2.54780792834425	1
X2919115	29.8576168327833	3.71464281658992	13.0560133169874	13.0869606992062	1
X2919116	-6.97500450238305	1.61586254287986	-24.8687996212155	16.2779325759526	1
X2919117	-10.7694221359074	0.417763192124526	-17.1884368090528	6.00125148102081	1
X2919118	-5.63739983300988	0.447151632231915	-4.43841776476532	-1.64613370047641	1
X2919119	-3.5079764524512	1.61669168438694	-14.9622068117144	9.83753867487629	1
X2919120	15.8420877202195	2.30152543790753	2.06739169894079	11.473170583371	1
X2919121	17.4031434569469	0.435365540041589	18.1731546165105	-1.20537669960515	1
X2919122	13.5381115508159	0.505823631244904	3.92003099794317	9.11225692162779	1
X2919123	22.7455020443707	1.61669168438694	14.458251614008	6.67055874597578	1
X2919124	-6.84479628058119	0.417763192124526	-13.0049747274983	5.74241525479247	1
X2919125	32.0536965290306	-1.88443544179504	35.6363995691103	-1.69826759828476	1
X2919126	36.6640160345052	2.98718833293519	20.9997868842326	12.6770408173377	1
X2919127	-7.99442788626108	1.26746643528295	-15.8271303790579	6.56523605751391	1
X2919128	0.411054391257998	0.888408059225134	-1.07217015604506	0.594816488077879	1
X2919129	31.9057101878385	2.98718833293519	21.74220737562	7.17631447928355	1
X2919130	12.1455194747844	1.19125058706069	8.35288516284815	2.60138372487552	1
X2919131	9.7364962736771	2.30152543790753	-0.851203152911545	8.28617398868107	1
X2919132	-5.36567678331898	1.19125058706069	-17.9419651647064	11.3850377943267	1
X2919133	-27.5756543312807	-2.14306443820611	-22.3341782598563	-3.09841163321821	1
X2919134	-1.88822800797561	-1.88443544179504	4.32724209975855	-4.33103466593905	1
X2919135	-10.6713269363223	-1.02558643725145	-9.00722573968222	-0.638514759388577	1
X2919136	10.8394765641108	0.446286510460558	2.49849933351684	7.89469072013332	1
X2919137	-12.2576944511106	0.359839425462339	-13.7697781636775	1.15224428710454	1
X2919138	-13.3761366798576	-3.20771531182552	-8.84162965343089	-1.32679171460122	1
X2919139	-10.2137845466472	-1.61941008566797	-7.83537663891288	-0.758997822066343	1
X2919140	-12.3324551699556	-1.02558643725145	-7.49966458368954	-3.8072041490147	1
X2919141	-20.7492624623518	-1.02245242120978	-14.0593606055563	-5.66744943558567	1
X2919142	-36.2247768085198	-1.31082147424033	-26.897671688897	-8.01628364538238	1
X2919143	-8.73926189601203	-0.611605589646971	-7.98000163474607	-0.147654671619034	1
X2919144	2.44346907984891	-1.02245242120978	1.96727352296804	1.49864797809058	1
X2919145	-8.81804227764698	0.692034833356969	-12.6875884142821	3.17751130327815	1
X2919146	-8.9919214090392	0.692034833356969	-9.19343266026558	-0.490523582130618	1
X2919147	-3.94375594580414	0.0836639587390684	-3.31970167116621	-0.707718233376868	1
X2919148	3.63778910018286	-0.93499391837525	3.22573568094887	1.34704733760937	1
X2919149	-16.5370319017356	0.0836639587390684	-15.1216182407777	-1.49907761969695	1
X2919150	-15.9306935794518	1.19125058706069	-16.3172781749629	-0.804665991549662	1
X2919151	-20.1079679759841	1.19125058706069	-21.4363538589065	0.137135295861736	1
X2919152	37.8851817218062	-2.92397082635582	44.5591232038548	-3.74997065569292	1
X2919153	-14.8871064311403	-2.15782054783148	-8.55945291897772	-4.1698329643311	1
X2919154	-4.33869503394914	-0.0220917342320417	-11.345634749789	7.02903145007199	1
X2919155	-19.1228063014214	0.340434312252305	-16.8935599712049	-2.56968064246884	1
X2919156	23.0911793341942	0.394045961920308	15.7204464897945	6.97668688247927	1
X2919157	19.0624041683246	0.924290214039909	9.47813390577646	8.65998004850825	1
X2919158	0.271722569980106	1.15654243732261	-6.88731973547539	6.00249986813286	1
X2919159	-8.46295043944843	1.15654243732261	-7.63886477925412	-1.98062809751689	1
X2919160	26.9449039449013	3.0716006516964	10.7678475150018	13.1054557782031	1
X2919161	0.953691738953736	-2.14306443820611	2.2024457333411	0.894310443818776	1
X2919162	13.0692695073897	0.523764274375747	5.15553525486532	7.38996997814854	1
X2919163	15.7251667591479	3.71464281658992	0.561396231368001	11.4491277111898	1
X2919164	-16.0026722499664	-2.01738585191753	-11.0562744807458	-2.92901191730307	1
X2919165	-7.60274544274858	1.70393557786184	-16.8547917962589	7.54811077564845	1
X2919166	1.15641561817426	-1.39167026930715	12.2043935093509	-9.65630762186957	1
X2919167	20.9479454710535	3.71464281658992	3.86060398383858	13.372698670625	1
X2919168	27.5030938243854	3.0716006516964	11.741113573064	12.690379599625	1
X2919169	-1.65054965919251	0.446286510460558	-1.24568359159556	-0.851152578057462	1
X2919170	-9.87924554688531	1.15654243732261	-9.1079128866965	-1.92787509751138	1
X2919171	-4.43027547243574	3.0716006516964	-15.7998221419612	8.29794601782905	1
X2919172	11.727139154802	-0.948043544337388	15.2730253564117	-2.59784265727238	1
X2919173	-4.4869182699125	1.19125058706069	-13.616989649938	7.93882079296472	1
X2919174	5.87308605614454	-2.97530740217189	10.4348419635235	-1.586448505207	1
X2919175	-14.0671142161256	-0.117071668238412	-11.9034529886151	-2.04658955927219	1
X2919176	-11.0827252847893	1.96473798199685	-18.4271538730025	5.37969060621628	1
X2919177	-16.6113730219557	1.96473798199685	-24.4079321692708	5.83182116531827	1
X2919178	31.4402190472675	0.340434312252305	29.7899023793902	1.30988235562486	1
X2919179	-2.16661478891501	1.96473798199685	-8.46330199742189	4.33194922651003	1
X2919180	-20.6225793263359	-2.15782054783148	-8.04706729083567	-10.4176914876687	1
X2919181	-0.0381936557491045	-0.189574000655415	4.63096228940353	-4.47958194449725	1
X2919182	-5.9321693724363	1.96473798199685	-6.44863729270636	-1.44827006172676	1
X2919183	-7.90298277691799	1.96473798199685	-16.7799399573187	6.91221919840381	1
X2919184	-6.41763658920684	0.764674468623734	-8.81713105368304	1.63481999585242	1
X2919185	9.41526627870017	1.15654243732261	7.11872144875888	1.14000239261858	1
X2919186	-5.11294496039989	0.505823631244904	-1.27687821856542	-4.34189037307934	1
X2919187	-30.9016500773221	0.275206401984564	-36.2776760565462	5.1008195772395	1
X2919188	9.40385431093328	-0.654354403295395	13.0993422856962	-3.04113357146736	1
X2919189	0.943348022757668	-0.189574000655415	8.39122494773324	-7.25830292432009	1
X2919190	7.22299410838159	0.394045961920308	2.50950758825143	4.31944055820984	1
X2919191	-5.80953131945389	-1.70791263432215	-3.28897970673732	-0.812638978394432	1
X2919192	12.9623127733932	-1.16340694364944	24.2284792892094	-10.1027595721667	1
X2919193	35.8811512031894	-0.137499442212156	36.426285884641	-0.407635239239498	1
X2919194	-35.2258764055936	-0.986764669423805	-34.5961953900622	0.357083653892403	1
X2919195	14.1478188429423	0.924290214039909	13.4187649728227	-0.195236343920417	1
X2919196	7.96776822794198	0.924290214039909	10.8032233912862	-3.75974537738408	1
X2919197	14.5374281141003	-0.137499442212156	23.4401266520145	-8.76519909570216	1
X2919198	20.2036052638938	0.924290214039909	26.0487728954384	-6.76945784558445	1
X2919199	14.053798487035	-2.72395022959474	23.2648242858433	-6.48707556921371	1
X2919200	-29.2333266065453	-0.827770619039244	-30.5723729603817	2.16681697287561	1
X2919201	-20.0610295379153	-3.77840276943497	-8.22120496280183	-8.06142180567842	1
X2919202	2.45843560587998	-0.710364424465901	-1.48773406668419	4.65653409703014	1
X2919203	8.7558273924661	0.924290214039909	10.850377381742	-3.01884020331588	1
X2919204	-11.8179108420357	0.394045961920308	-12.4749626536007	0.263005849644673	1
X2919205	-20.5326949360425	0.44658628109533	-22.5353053484611	1.55602413132335	1
X2919206	6.51516818245387	-0.554462378234998	11.1669841374471	-4.0973535767583	1
X2919207	20.1802458711351	-0.757907610852571	29.9681310845168	-9.02997760252918	1
X2919208	-12.7686165888274	-0.117071668238412	-12.2726532350414	-0.378891685547639	1
X2919209	-11.0178272227937	0.154697676319919	-3.47406691699829	-7.69845798211521	1
X2919210	-0.49921164251333	-0.554462378234998	-2.34533667607322	2.40058741179486	1
X2919211	7.20018945841952	0.240710273292982	11.3933172988153	-4.43383811368869	1
X2919212	4.54883685697519	0.33610030882345	3.16504613906255	1.04769040908926	1
X2919213	27.4851136689053	1.41099566989066	22.7092106255489	3.36490737346575	1
X2919214	-1.75272784027059	-0.554462378234998	-3.58982408884589	2.39155862681029	1
X2919215	-25.0934336745864	0.44658628109533	-26.047553255805	0.507533300123224	1
X2919216	-5.15503686539514	0.44658628109533	1.11258916826555	-6.71421231475598	1
X2919217	-4.03908307645852	0.447151632231915	-1.43844279770833	-3.04779191098202	1
X2919218	-16.8140750774482	-0.757907610852571	-10.4992788127612	-5.55688865383441	1
X2919219	-21.5864044897998	-0.159127047235972	-19.2399688010458	-2.18730864151798	1
X2919220	-22.5992333524273	-0.60543470367267	-17.5213609330818	-4.47243771567279	1
X2919221	20.6781825632185	0.924290214039909	14.5905306072552	5.16336174192358	1
X2919222	-24.1938874186533	-0.701058012644701	-21.1938248766996	-2.29900452930885	1
X2919223	-6.92454777670354	1.45453446615951	-5.01709734094681	-3.36198490191625	1
X2919224	-1.80911651483328	-0.179603324570881	-6.30607988714873	4.67656669688642	1
X2919225	18.4942353517418	1.45453446615951	19.6241428893174	-2.58444200373507	1
X2919226	14.1639187468877	0.435365540041589	15.0735819228776	-1.3450287160314	1
X2919227	8.5266332822784	0.435365540041589	4.81446816441176	3.27679957782521	1
X2919228	11.337871495803	0.924290214039909	11.1349428306209	-0.721361548857655	1
X2919229	-25.7008245761258	-2.58324630631847	-24.5328661719713	1.41528790216394	1
X2919230	16.2295585344342	1.45453446615951	15.3571403564101	-0.582116288135452	1
X2919231	-10.3410309832872	-3.24759497393146	-4.63906572098744	-2.4543702883682	1
X2919232	35.4812010002253	1.19125058706069	31.9593368234591	2.33061358970535	1
X2919233	-16.7517756984664	1.15654243732261	-26.2811589197524	8.3728407839633	1
X2919234	-34.9696507700095	1.04130365712278	-38.1658306379187	2.15487621078649	1
X2919235	21.5834413451164	-0.93499391837525	20.0153979611208	2.50303730237074	1
X2919236	-11.4257999277197	1.96473798199685	-20.8902067060011	7.49966879628451	1
X2919237	2.39711276937003	0.0809757362138521	4.91527730078392	-2.59914026762765	1
X2919238	26.7393843291021	1.19125058706069	23.803917989377	1.74421575266419	1
X2919239	-14.8765812917012	1.96473798199685	-22.8411161311744	5.99979685747626	1
X2919240	-11.1162291697213	1.96473798199685	-22.0606760033284	8.97970885161023	1
X2919241	5.27643872598837	0.371291367195846	1.13636051910711	3.76878683968538	1
X2919242	20.5007996893294	-0.758515777051172	20.3609302809096	0.898385185471195	1
X2919243	-14.906449012408	1.96473798199685	-26.721018709291	9.84983171488611	1
X2919244	35.4812010002253	1.19125058706069	31.9593368234591	2.33061358970535	1
X2919245	13.8046976734632	-2.10922090249713	16.0857020486255	-0.171783472665234	1
X2919246	-3.61632473162464	0.764674468623734	-8.59888714700531	4.21788794675694	1
X2919247	6.27716100207505	-0.758515777051172	7.30160828883602	-0.265931509709761	1
X2919248	0.818071870500233	0.275206401984564	-4.47092978364709	5.01379525216278	1
X2919249	-36.6336626904431	0.92798330375074	-36.3453101507927	-1.21633584340109	1
X2919250	-13.9904923956313	-1.2279716306413	-12.2255126899575	-0.537008075032506	1
X2919251	-11.4913309444841	0.275206401984564	-9.47431367364629	-2.29222367282243	1
X2919252	23.4127221141724	-0.773193963231138	28.2357622495199	-4.04984617211635	1
X2919253	-9.40988724779471	0.275206401984564	-7.82982173675728	-1.855271913022	1
X2919254	-10.2939749525206	-0.189574000655415	-5.20093805018681	-4.90346290167834	1
X2919255	-26.5195949302397	-2.02989151046171	-15.836305490795	-8.6533979289829	1
X2919256	-30.5759217035318	-1.1375713116236	-27.8153504374235	-1.62299995448465	1
X2919257	-9.30109184145864	0.92798330375074	-2.96044530528626	-7.26862983992318	1
X2919258	-30.6172616165897	-1.39167026930715	-19.1016863551296	-10.1239049921529	1
X2919259	-28.2291361814578	-1.75775410136285	-16.1530400734189	-10.318342006676	1
X2919260	-4.28858718391097	-0.60543470367267	3.53979773720739	-7.22295021744573	1
X2919261	-10.0663257334711	-0.117071668238412	-6.35969468519312	-3.58955938003947	1
X2919262	-28.3705774256157	-0.189574000655415	-23.0478001984958	-5.13320322646445	1
X2919263	-11.7055538022653	0.402496244188857	-12.2151358625612	0.107085816107036	1
X2919264	21.7451365084294	-0.948043544337388	29.5897417464534	-6.89656169368651	1
X2919265	-37.1432171799432	-2.15782054783148	-29.4887448240595	-5.49665180805217	1
X2919266	-11.7114678994535	-0.606129633353484	-8.51959124752059	-2.58574701857941	1
X2919267	-17.151562661189	-1.39167026930715	-8.10581531481811	-7.65407707706376	1
X2919268	-34.689706212376	0.275206401984564	-27.4773885162546	-7.487524098106	1
X2919269	-0.695762245269542	-0.948043544337388	7.09850524187297	-6.84622394280521	1
X2919270	3.65205724966047	-0.948043544337388	13.7564520580494	-9.15635126405153	1
X2919271	-24.7622642586623	-0.606129633353484	-18.890129785138	-5.26600484017077	1
X2919272	-2.94435376865865	2.98718833293519	-9.70388709430868	3.77234499271486	1
X2919273	6.29842984462648	1.45453446615951	5.44178502800109	-0.597889649534161	1
X2919274	-14.6245468874813	1.19125058706069	-24.7472232944448	8.93142581990277	1
X2919275	8.76530159517029	4.35768498148344	-2.30039849720983	6.70801511089662	1
X2919276	20.6796888474543	3.71464281658992	7.3744488974842	9.59059713337999	1
X2919277	26.5922222668094	4.35768498148344	19.9709935474877	2.26354373783866	1
X2919278	14.0059824995994	2.98718833293519	6.24338115423736	4.7754130124268	1
X2919279	-6.14925486648808	1.18258826807986	-1.91025190577581	-5.42159122879213	1
X2919280	-11.5621944370416	-1.13618720953808	-5.14472564446154	-5.28128158304211	1
X2919281	7.51513488983379	1.98607987029197	2.71450805091578	2.81454696862583	1
X2919282	-18.0238034444876	-1.88443544179504	-15.3164936103328	-0.822874392359728	1
X2919283	-4.83235751710095	2.30152543790753	-20.1535642745103	13.0196813195017	1
X2919284	-20.2494780967241	-1.74132633153629	-15.699394579679	-2.80875718550884	1
X2919285	14.0954004203766	-1.68954200539484	11.3506297124736	4.4343127132978	1
X2919286	3.54773961987907	0.0836639587390684	4.65413545663775	-1.19005979549767	1
X2919287	23.9338559207684	-1.11147205969933	21.8137196822371	3.23160829823065	1
X2919288	9.18837078612105	-0.475673812818002	4.14739814236804	5.51664645657123	1
X2919289	2.66523258234655	-2.97530740217189	7.43100352639824	-1.79046354187957	1
X2919290	28.7438985759047	1.19125058706069	24.3111542533647	3.24149373547937	1
X2919291	29.3148012563669	0.417763192124526	29.5362677252067	-0.639229660964465	1
X2919292	16.037870507844	-2.92397082635582	23.4515247537475	-4.48968341954748	1
X2919293	18.5889868415528	-1.11147205969933	17.7642537980508	1.93620510320146	1
X2919294	-13.3283557684177	1.19125058706069	-21.4528101364954	6.93320378101703	1
X2919295	7.52938186076962	-0.475673812818002	2.21398561182716	5.79107006176055	1
X2919296	8.90753888018247	0.785860292881003	7.18731767783752	0.934360909464085	1
X2919297	2.35220344461476	-2.92397082635582	9.47471859519932	-4.19854432422855	1
X2919298	15.5053046029198	0.417763192124526	10.9703252861063	4.11721612468912	1
X2919299	-15.1128116806357	-2.14306443820611	-9.58945707712384	-3.38029016530556	1
X2919300	-0.386891702977671	-0.189574000655415	-2.21310581221586	2.01578810989367	1
X2919301	31.8590203728939	0.505823631244904	31.7453637092904	-0.392166967641621	1
X2919302	2.98665882833841	-0.179603324570881	7.26761668695207	-4.10135453404265	1
X2919303	14.3195539654139	-0.773193963231138	18.7939296472739	-3.70118171862892	1
X2919304	-24.1885972369891	0.92798330375074	-23.9087004072941	-1.20788013344578	1
X2919305	-28.6217523634802	0.92798330375074	-27.7860124692128	-1.76372319801818	1
X2919306	4.89814206535046	-0.189574000655415	7.79395380657488	-2.70623774056898	1
X2919307	22.0001785729059	0.0873570484498989	27.4753296077039	-5.56250808324803	1
X2919308	19.8992434883331	-0.189574000655415	21.8985963760353	-1.80977888704658	1
X2919309	-28.3761347680301	0.92798330375074	-31.6124151666303	2.30829709484941	1
X2919310	-6.44116386479436	-0.189574000655415	-3.31561179878383	-2.9359780653551	1
X2919311	9.76685519674406	-1.1375713116236	9.49685606474458	1.40757044362308	1
X2919312	-4.24883343578987	0.275206401984564	-4.79293705987538	0.268897222100942	1
X2919313	-10.0639813914367	-0.948043544337388	-5.81401856213039	-3.30191928496893	1
X2919314	-37.5432012324027	0.275206401984564	-32.4550526714042	-5.36335496298305	1
X2919315	-24.1412861675148	0.92798330375074	-23.4476518504702	-1.62161762079537	1
X2919316	11.7891467983673	-2.15782054783148	18.5513935375046	-4.60442619130586	1
X2919317	-32.8083299572881	1.47924974699499	-28.3598892212889	-5.9276904829943	1
X2919318	-0.417113948617619	0.924290214039909	-1.70616281789162	0.364758655234031	1
X2919319	-17.6308299445245	1.98607987029197	-15.650214080664	-3.96669573415252	1
X2919320	-13.1487248798852	0.394045961920308	-6.88806935924463	-6.65470148256094	1
X2919321	-4.03460840019586	0.505823631244904	-1.14703206286202	-3.39339996857877	1
X2919322	-17.9504582999795	1.98607987029197	-9.32974159203649	-10.606796578235	1
X2919323	-8.92804473633519	-2.72395022959474	4.16695816699971	-10.3710526737402	1
X2919324	-21.6753708895821	-1.6694976897545	-9.36883068314931	-10.6370425166784	1
X2919325	-13.7933222767962	1.98607987029197	-8.78133274383982	-6.99806940324842	1
X2919326	-26.0916846950696	0.0966572627603641	-23.8142530335517	-2.37408892427825	1
X2919327	18.5833255234838	0.275206401984564	26.5640171923626	-8.25589807086327	1
X2919328	-16.8085458602749	0.924290214039909	-13.6377889689354	-4.0950471053794	1
X2919329	-23.244963687767	-2.01738585191753	-12.9315238050835	-8.29605403076592	1
X2919330	-11.6954160211649	0.275206401984564	-9.24291137806511	-2.72771104508444	1
X2919331	6.0792814136741	-2.72395022959474	16.8439631412588	-8.04073149799016	1
X2919332	-2.41019871291054	0.275206401984564	6.47692766152239	-9.16233277641754	1
X2919333	-17.9545283536823	1.49845634830652	-13.1810559784692	-6.27192872351969	1
X2919334	-6.15534639574705	-0.0746879550833628	-2.61135626667645	-3.46930217398725	1
X2919335	17.6594735534868	0.417763192124526	13.9271671747737	3.31454318658867	1
X2919336	7.15913342309068	0.283204211319126	2.11736733139544	4.75856188037615	1
X2919337	-2.82193760655963	-3.07202383367483	0.720276377610496	-0.470190150495219	1
X2919338	-12.2827322397254	2.98718833293519	-18.0697163979732	2.79979582531256	1
X2919339	-11.943357612605	0.505823631244904	-18.9726213609959	6.52344011714608	1
X2919340	5.93594952357267	1.61669168438694	0.752170402147691	3.56708743703818	1
X2919341	-8.99177559789435	2.98718833293519	-15.6141150147566	3.63515108392718	1
X2919342	13.327346300465	-3.24759497393146	11.214465346323	5.36047592807358	1
X2919343	-3.07777042627983	2.98718833293519	-8.34051679958317	2.27555804036815	1
X2919344	-2.91479999790737	-3.24759497393146	1.77463208191275	-1.44183710588861	1
X2919345	10.413570517401	1.26746643528295	5.82547349446087	3.32063058765725	1
X2919346	2.00058229567579	0.888408059225134	-3.05102515596898	4.1631993924197	1
X2919347	29.8447636988599	1.61669168438694	21.494004648534	6.73406736593867	1
X2919348	16.4833139515768	0.505823631244904	23.8403673696627	-7.8628770493307	1
X2919349	6.82990265632782	1.19125058706069	4.38096996261493	1.2576821066521	1
X2919350	-4.42584730947692	-2.97530740217189	6.23493564068061	-7.68547554798559	1
X2919351	-4.05878641495002	1.96473798199685	-3.1982942600026	-2.82523013694424	1
X2919352	-11.7366409519843	-1.85971675792827	-1.13678501867975	-8.74013917537624	1
X2919353	34.9900339902059	0.0809757362138521	46.7694829747708	-11.8604247207789	1
X2919354	-7.14792072178221	1.96473798199685	-6.8729774185171	-2.23968128526203	1
X2919355	25.8973133625279	1.19125058706069	31.5566187958912	-6.85055602042419	1
X2919356	34.0082054661149	-0.93499391837525	43.2091501499697	-8.26595076547958	1
X2919357	17.4018893608294	-0.948043544337388	21.4057744475284	-3.05584154236155	1
X2919358	-7.14197322969967	-1.39167026930715	2.05498691887303	-7.80528987926558	1
X2919359	23.0474744795454	0.371291367195846	24.5066618380576	-1.8304787257081	1
X2919360	16.9479755696886	1.19125058706069	22.8466510347608	-7.08992605213281	1
X2919361	-43.222978750317	1.96473798199685	-43.6022835647389	-1.5854331675748	1
X2919362	8.54042974195989	-1.65069665428372	13.6595457149266	-3.46841931868299	1
X2919363	28.7809379080137	-0.758515777051172	41.4266700518151	-11.8872163667504	1
X2919364	-18.8163834732438	1.96473798199685	-16.8733340904138	-3.90778736482688	1
X2919365	23.1618304217001	1.61586254287986	9.3416876039783	12.204280274842	1
X2919366	24.2750762118903	0.417763192124526	23.3539909481884	0.503322071577297	1
X2919367	25.6782361013976	2.30152543790753	20.2804988868517	3.09621177663867	1
X2919368	-15.3536553564446	-3.06792945894123	-13.9845649657871	1.69883906828381	1
X2919369	8.453641636718	0.394045961920308	3.00072578968771	5.05886988511002	1
X2919370	24.5465601836002	1.61586254287986	14.8726480534486	8.05804958727173	1
X2919371	7.19238319028108	0.340434312252305	6.9699967737415	-0.118047895712689	1
X2919372	-15.6824836290634	-3.4231661141881	-11.8420810960886	-0.417236418786594	1
X2919373	18.6077807284063	0.160124434063324	3.97581892327951	14.4718373710633	1
X2919374	9.93665033908897	1.61586254287986	3.48624709836562	4.83454069784352	1
X2919375	16.7825107245373	-3.06792945894123	19.5788442815668	0.27159590191174	1
X2919376	-2.68365807424036	0.439223641022118	-9.06134664483775	5.93846492957513	1
X2919377	15.0562453242255	0.924290214039909	9.06359033509374	5.06836477509182	1
X2919378	-19.7831904750347	1.61586254287986	-26.216912117076	4.81785909916146	1
X2919379	14.0721692344118	3.71464281658992	1.57020659597597	8.78731982184576	1
X2919380	-18.3841029970326	-2.01738585191753	-16.5030134572667	0.136296312151603	1
X2919381	-42.8563575203997	0.394045961920308	-44.4764181649954	1.22601468267542	1
X2919382	-5.16063204151806	-2.01738585191753	-2.79184810320617	-0.351398086394361	1
X2919383	12.7556374348216	3.0716006516964	-1.85268473813853	11.5367215212636	1
X2919384	-5.81668144695956	-0.834998630737508	-5.18404838036669	0.202365564144634	1
X2919385	-13.6234565403521	1.15654243732261	-22.9027451519647	8.12274617428998	1
X2919386	11.8766722451182	0.446286510460558	11.2548026580048	0.175583076652807	1
X2919387	-10.9358685291623	3.0716006516964	-21.1517571203265	7.14428793946764	1
X2919388	10.3372150313726	-0.852454143102936	5.17953289410726	6.01013628036816	1
X2919389	-10.6156954180112	-1.65069665428372	-11.2928115977862	2.32781283405867	1
X2919390	-7.07370305702091	0.439223641022118	-17.0570592087106	9.54413251066747	1
X2919391	-20.285420259159	0.518607856581897	-24.8163549517529	4.01232683601198	1
X2919392	-4.37293848672371	0.518607856581897	-7.19619022358722	2.30464388028152	1
X2919393	-2.85968367467981	0.518607856581897	-4.87113443482273	1.49284290356091	1
X2919394	8.61108362484634	0.518607856581897	-1.13890904194551	9.23138481021004	1
X2919395	-1.50349863844161	0.518607856581897	-3.80452608964088	1.78241959461727	1
X2919396	-24.3039841680315	-1.70791263432215	-22.7395757793994	0.143504245690053	1
X2919397	-20.0011068246117	-0.834998630737508	-21.8268140353701	2.66070584149585	1
X2919398	-10.4818266067518	0.439223641022118	-24.0574029269515	13.1363526791775	1
X2919399	0.338048631013052	-0.974459088796859	-6.80145585332677	8.1139635731366	1
X2919400	-5.54843862670308	0.518607856581897	-9.54219999796714	3.47515351468202	1
X2919401	-13.185036283556	-1.74132633153629	-10.9658760706469	-0.477833881372851	1
X2919402	15.77764431975	0.924290214039909	9.66547980266702	5.18787430304311	1
X2919403	-0.672335540762603	0.924290214039909	-2.27181252468969	0.675186769887178	1
X2919404	48.890164759165	2.30152543790753	30.0889765712898	16.4996627499678	1
X2919405	-14.3695060217744	0.340434312252305	-26.8162087344385	12.1062684004118	1
X2919406	24.2461435111254	3.0716006516964	7.30016362095243	13.8743792384766	1
X2919407	38.0357479525689	3.0716006516964	25.5562826062805	9.40786469459258	1
X2919408	23.7158406832155	0.275206401984564	17.6488756232682	5.79175865796269	1
X2919409	-3.82609977596054	-2.01738585191753	-3.91385917524502	2.10514525120205	1
X2919410	14.1860535568747	-0.834998630737508	12.7032734802124	2.31777870739986	1
X2919411	-10.2723140032335	1.61586254287986	-29.6904100278419	17.8022334817286	1
X2919412	30.120023226176	3.71464281658992	14.7868098495535	11.618570560033	1
X2919413	-3.4777748970745	0.924290214039909	-3.93488035029834	-0.46718476081609	1
X2919414	-22.2678589546424	-1.31082147424033	-28.7336550182511	7.77661753784903	1
X2919415	20.605952611189	0.435365540041589	20.6140447054713	-0.443457634323933	1
X2919416	6.21254059807114	0.924290214039909	-0.277665402105612	5.56591578613683	1
X2919417	20.3950144337664	1.45453446615951	22.7923010784491	-3.85182111084213	1
X2919418	-22.686327067499	-3.7582502720864	-13.7480169001435	-5.18005989526906	1
X2919419	-0.0685473259219975	0.283204211319126	0.773734368598184	-1.12548590583934	1
X2919420	-18.8238702574384	-1.16340694364944	-12.7065048941221	-4.95395841966688	1
X2919421	-6.29321068693183	1.45453446615951	-3.79738715699988	-3.95035799609141	1
X2919422	-0.998639587523982	0.435365540041589	2.96930206968015	-4.40330719724571	1
X2919423	4.00143023289036	0.924290214039909	-6.85273504252346	9.92987506137389	1
X2919424	-19.1708683461153	-0.137499442212156	-25.7404931010647	6.70712419716155	1
X2919425	-10.4802700341405	-3.29860507479383	-4.89065356418057	-2.29101139516609	1
X2919426	20.7962422439478	1.45453446615951	23.1048735763832	-3.76316579859477	1
X2919427	-0.194283179660729	0.505823631244904	3.27721329677888	-3.9773201076845	1
X2919428	-3.1596513540791	-2.58324630631847	-1.10067197886919	0.524266931108598	1
X2919429	-28.5626803872655	-0.452945009827708	-27.3054959464359	-0.80423943100199	1
X2919430	-3.58015678324514	0.59634209416743	-3.37887181980317	-0.797627057609377	1
X2919431	-4.06905663370069	3.40054263288178	-11.923260275877	4.45366100929441	1
X2919432	-16.3848310531333	1.76893099125613	-13.5492400208315	-4.60452202355784	1
X2919433	10.3538311372815	2.92386457532489	-5.07268306039136	12.5026496223479	1
X2919434	-31.1505061117942	-1.67449893710801	-23.8291625555545	-5.64684461913172	1
X2919435	1.04171346895991	1.76893099125613	-5.76339617193902	5.03617864964286	1
X2919436	1.18658756223793	3.40054263288178	-2.8853809036795	0.67142583303554	1
X2919437	12.5510363262625	2.92386457532489	10.3915392589883	-0.764367508050588	1
X2919438	-7.59291003742784	-0.745960604303764	-6.09912132379828	-0.7478281093257	1
X2919439	3.52465889573456	0.435365540041589	-2.31742052971902	5.40671388541201	1
X2919440	8.74712086262927	-0.701058012644701	2.66719270854206	6.78098616673195	1
X2919441	-27.5624493058806	1.45453446615951	-25.3077567300426	-3.70922704199757	1
X2919442	-27.4677594850121	-3.73809777473783	-23.1167021544464	-0.612959555827839	1
X2919443	-0.0871424647873269	-1.85971675792827	3.88648759206525	-2.11391329892426	1
X2919444	-38.5289408985528	1.45453446615951	-37.1872311209614	-2.79624424375096	1
X2919445	-2.40953591119514	0.0836639587390684	-1.55621260856141	-0.936987261372756	1
X2919446	5.46166309831827	-3.7582502720864	10.757238896444	-1.53732552603918	1
X2919447	-11.6567411587666	0.283204211319126	-9.29341770144743	-2.64652766863821	1
X2919448	18.5294790859391	0.742865449222394	14.7568099102618	3.02980372645516	1
X2919449	-41.366501754372	-3.24759497393146	-36.6205341524965	-1.49837262794403	1
X2919450	-11.8971391416037	0.435365540041589	-13.7793690041356	1.44686432249024	1
X2919451	-12.914247965607	0.924290214039909	-22.8927078156514	9.0541696360045	1
X2919452	-20.1191008094985	-0.745960604303764	-14.996995480332	-4.37614472486273	1
X2919453	-15.7157172835896	-3.24759497393146	-12.2655105018768	-0.202611807781333	1
X2919454	6.63568510306605	1.45453446615951	7.13386046466686	-1.95270982776031	1
X2919455	-5.38387948758215	0.924290214039909	-7.36139795460297	1.05322825298092	1
X2919456	-4.98308071194393	1.45453446615951	0.399374909838585	-6.83699008794205	1
X2919457	2.87085312170011	-1.85971675792827	9.11519558196667	-4.38462570233819	1
X2919458	10.3282262190459	1.45453446615951	14.7976990425818	-5.92400728969545	1
X2919459	19.9412716693888	-0.701058012644701	27.6746758214475	-7.0323461394142	1
X2919460	8.56369667418587	1.45453446615951	13.1686093977873	-6.05944718976087	1
X2919461	-4.84024139304812	-3.7582502720864	10.2363993211746	-11.3183904421362	1
X2919462	-14.8474475394962	0.283204211319126	-13.0260248690167	-2.10462688179861	1
X2919463	19.3084320858461	0.742865449222394	23.6721212274283	-5.10655459080482	1
X2919464	-15.1577377762643	0.505823631244904	-7.79966269451111	-7.8638987129981	1
X2919465	12.0774082418234	-0.137499442212156	24.0567687390477	-11.8418610550122	1
X2919466	-7.50694581429812	-1.88443544179504	0.267609755818519	-5.89012012832158	1
X2919467	-25.0409022714956	-2.58324630631847	-18.4830079427167	-3.97464802246029	1
X2919468	-8.05631078398619	-0.137499442212156	-5.35976619741911	-2.55904514435492	1
X2919469	-2.3282033019317	0.505823631244904	6.62819515629659	-9.4622220894732	1
X2919470	-14.3308014676734	-0.452945009827708	-10.7833452298003	-3.09451122804538	1
X2919471	47.6413759558317	2.98718833293519	36.9332086899747	7.72097893292196	1
X2919472	48.8438787622198	0.505823631244904	40.9815301747576	7.3565249562173	1
X2919473	15.7567135219616	0.283204211319126	14.5939411306665	0.8795681799759	1
X2919474	-6.02604469370813	-0.137499442212156	-9.98841679684423	4.09987154534825	1
X2919475	13.9146312125469	0.505823631244904	7.61529095415965	5.79351662714229	1
X2919476	18.4192671853579	-1.32189305133561	15.1767716174933	4.56438861920018	1
X2919477	2.61877668908459	1.19125058706069	-9.94742868048201	11.3749547825059	1
X2919478	-8.66971434006958	-2.16048601650226	-8.29820528413211	1.7889769605648	1
X2919479	-10.4562599670098	-2.14306443820611	-8.95287814102896	0.639682612225376	1
X2919480	-4.62504890987505	-2.79185887665419	2.10288879032981	-3.93607882355063	1
X2919481	-8.92163707202543	-4.12606709500755	3.68686412472066	-8.48243410173859	1
X2919482	-15.732551749019	-1.68954200539484	-9.23607672833259	-4.80693301529152	1
X2919483	-9.3335580636143	-4.67904295161039	-0.204869638854078	-4.4496454731497	1
X2919484	-28.4348908888249	-1.68954200539484	-26.9562087260391	0.210859842609065	1
X2919485	-14.0922979295167	1.19125058706069	-20.6156673628384	5.33211884626095	1
X2919486	-6.20648000119262	0.340434312252305	-12.1299372284762	5.58302291503126	1
X2919487	22.5762535443478	0.417763192124526	23.6003929512882	-1.4419025990649	1
X2919488	20.2246301602746	-1.11147205969933	22.1136690217628	-0.77756680178916	1
X2919489	-19.2170239291738	1.19125058706069	-26.795150173424	6.38687565718945	1
X2919490	-6.3717243353412	-0.189574000655415	-10.0631877168765	3.88103738219072	1
X2919491	-0.643126117713351	-0.475673812818002	-9.56997711277487	9.40252480787959	1
X2919492	-27.0728895019461	1.19125058706069	-34.1485513967438	5.88441130773711	1
X2919493	5.17996212737695	0.371291367195846	1.24210486926538	3.56656589091576	1
X2919494	-30.4319894664645	-2.14306443820611	-24.6568067113883	-3.63211831687005	1
X2919495	-18.3237815080819	1.19125058706069	-26.3286543026257	6.81362220748307	1
X2919496	-18.3255355299258	0.523764274375747	-21.4149152504596	2.56561544615811	1
X2919497	-13.7786146297079	-0.157921088368043	-12.8078688274042	-0.812824713935673	1
X2919498	-16.1688259824182	0.922268843928771	-18.9612591315372	1.87016430519016	1
X2919499	12.9958906052212	-0.157921088368043	10.4758397047946	2.67797198879469	1
X2919500	0.554089720546884	-0.159127047235972	0.9073371018766	-0.19412033409369	1
X2919501	-12.8628307775656	-0.392676055852484	-16.0171624439331	3.54700772222007	1
X2919502	4.5065179721932	0.394522247729815	2.14828779882178	1.96370792564164	1
X2919503	-21.1943952426357	-0.986764669423805	-22.7174465445709	2.50981597135905	1
X2919504	22.2032168818419	0.522742684754378	19.1312128018237	2.54926139526384	1
X2919505	3.18006344159713	-1.79017159377226	14.3891933040721	-9.41895826870265	1
X2919506	-0.970669249573497	-0.60543470367267	-4.75010254857147	4.38486800267064	1
X2919507	27.0224816608575	0.283204211319126	24.356591023071	2.38268642646731	1
X2919508	-12.9743328509227	-2.91605670206952	-9.45954792763862	-0.598728221214538	1
X2919509	-31.1837368760803	0.922268843928771	-32.8004231310673	0.694417411058214	1
X2919510	-33.6086724447156	0.922268843928771	-35.6887270627196	1.15778577407524	1
X2919511	-12.9680657696134	-0.117071668238412	-12.6161073968973	-0.234886704477581	1
X2919512	-13.5430915769239	0.92798330375074	-18.1276423124268	3.65656743175216	1
X2919513	4.10948646225409	1.19125058706069	2.35629298665393	0.561942888539469	1
X2919514	11.8675089693644	0.922268843928771	10.0085094075774	0.93673071785809	1
X2919515	14.1499046163842	4.35768498148344	0.299176895011051	9.4930427398897	1
X2919516	-9.8718759098676	0.92798330375074	-11.364569188638	0.564709975019645	1
X2919517	-7.17900993925405	4.35768498148344	-23.8347880177728	12.2980930970353	1
X2919518	29.1945307063201	4.35768498148344	17.1629524737684	7.67389325106833	1
X2919519	-12.032351733754	2.30152543790753	-23.7606925181319	9.42681534647033	1
X2919520	10.3716386948254	0.446286510460558	7.60546043928206	2.31989174508282	1
X2919521	22.9330789019868	2.30152543790753	12.7008457777842	7.93070768629503	1
X2919522	20.063956084791	3.71464281658992	11.7504287850026	4.59888448319851	1
X2919523	-5.72605146147092	1.61586254287986	-13.3452935409307	6.00337953657988	1
X2919524	4.80565517056616	-1.39167026930715	13.9832237327764	-7.78589829290311	1
X2919525	0.343685939032376	1.15654243732261	-2.82660960238444	2.01375310409409	1
X2919526	-14.5751410926997	1.61586254287986	-16.0866608533904	-0.104342782189137	1
X2919527	1.4450181603417	2.30152543790753	-9.1631695870259	8.30666230946006	1
X2919528	6.6189631639196	0.446286510460558	5.2456667886072	0.927009864851838	1
X2919529	-18.6655772867212	-1.70791263432215	-21.0547793008111	4.09711464841206	1
X2919530	14.3400261460123	3.71464281658992	0.782650536423283	9.84273279299889	1
X2919531	9.14926499824676	3.0716006516964	1.94654012421304	4.13112422233721	1
X2919532	-2.7626721177075	1.15654243732261	-3.81187850750775	-0.107336047522386	1
X2919533	28.8322035317126	0.417763192124526	17.4250657268248	10.9893746127633	1
X2919534	-18.9212207403718	2.30152543790753	-34.6012219977282	13.3784758194488	1
X2919535	16.4571236258843	-2.14306443820611	16.3158157182254	2.28437234586498	1
X2919536	5.25716715892436	2.30152543790753	-6.42589126402057	9.38153298503749	1
X2919537	17.9134172235191	0.67092249268772	6.74460154522047	10.4978931856109	1
X2919538	3.45539472358774	0.160124434063324	-9.08048782597844	12.3757581155029	1
X2919539	-33.857562595346	-3.4231661141881	-31.4986537710233	1.06425728986539	1
X2919540	-26.2800577952537	-3.4231661141881	-24.8048482654548	1.94795658438926	1
X2919541	-5.77690150094306	0.92798330375074	-9.80560917187364	3.10072436717976	1
X2919542	-18.8321911550108	-0.614684734574323	-19.32786801851	1.11036159807355	1
X2919543	-13.1607679422165	2.98718833293519	-19.0226631091674	2.87470683401574	1
X2919544	-22.6268900053206	-1.88443544179504	-16.961052721129	-3.78140184239646	1
X2919545	-10.4812071672213	0.922268843928771	-11.062561988763	-0.340914022387128	1
X2919546	5.91805836808238	4.35768498148344	-3.90263380511512	5.46300719171388	1
X2919547	4.60748331366354	0.92798330375074	3.67063309946548	0.00886691044724608	1
X2919548	-17.2956014780521	-1.88443544179504	-10.5290227924998	-4.88214324375728	1
X2919549	-29.132281562255	0.692034833356969	-27.8554220267139	-1.96889436889817	1
X2919550	1.65728454252486	4.35768498148344	-8.98937689334711	6.28897645438838	1
X2919551	-21.7464263740059	1.96473798199685	-29.7475018094405	6.03633745343776	1
X2919552	-16.5946873520119	-0.189574000655415	-20.8883412253014	4.48322787394482	1
X2919553	0.390287840734914	0.160124434063324	-1.69420727343266	1.92437068010434	1
X2919554	0.937443060483929	2.30152543790753	-1.91573109287459	0.551648715450953	1
X2919555	-0.193414207966335	1.61586254287986	-2.08420588946011	0.274929138613858	1
X2919556	-11.7688353897397	0.888408059225134	-10.6057095512427	-2.051533897722	1
X2919557	19.0578026213979	-3.4231661141881	25.4008344109895	-2.91986567540362	1
X2919558	-16.2698103305339	-0.157921088368043	-12.7873998362627	-3.32448940590321	1
X2919559	7.67008376036502	0.888408059225134	8.42698259310541	-1.64530689196542	1
X2919560	7.5524864280345	1.61586254287986	0.421295712322397	5.51532817283222	1
X2919561	-15.5500383527954	1.61586254287986	-14.4833927959368	-2.68250809973842	1
X2919562	4.95690252186115	1.61586254287986	1.04922069557729	2.29181928340402	1
X2919563	-19.3045090530181	-0.137499442212156	-8.35563236419448	-10.8113772466114	1
X2919564	2.35106704510964	0.340434312252305	-0.20510954878737	2.21574228164477	1
X2919565	-20.6974132892907	-2.02989151046171	-17.9881451891393	-0.679376589689692	1
X2919566	2.93540829772203	-3.24759497393146	7.26950635657651	-1.08650308492292	1
X2919567	1.00515616233353	-4.22525714710145	9.20576869147528	-3.97535538204031	1
X2919568	3.61081824795322	-1.88443544179504	6.84589237939727	-1.35063868964903	1
X2919569	-19.4563068254518	-6.35309360052336	-5.07019693201542	-8.033016292913	1
X2919570	-31.1505039958533	-3.24759497393146	-22.731823559157	-5.17108546276482	1
X2919571	-1.11058821546333	-1.74479746317662	4.14370270502804	-3.5094934573147	1
X2919572	-8.18505707407959	-3.88017969635254	5.84823192711069	-10.1531093048378	1
X2919573	-15.8980944054164	-6.22945325385462	-9.36260018768335	-0.30604096387836	1
X2919574	-8.11913981985018	-1.88443544179504	-2.14590382460791	-4.08880055344725	1
X2919575	-27.0774768819017	2.04206686186907	-26.9440480726323	-2.17549567113847	1
X2919576	-17.2587693219565	2.04206686186907	-17.0471376040631	-2.25369857976246	1
X2919577	-18.8892250542135	0.73960558814391	-22.0486351579981	2.4198045156408	1
X2919578	6.19487532718294	0.73960558814391	6.18973146570483	-0.734461726665601	1
X2919579	-2.29555186952536	0.417763192124526	-4.2827618820529	1.56944682040306	1
X2919580	3.23771003838896	2.04206686186907	7.96095821626167	-6.76531503974173	1
X2919581	-21.3691239686386	0.0809757362138521	-19.4294280124211	-2.02067169243133	1
X2919582	-21.6675483326534	2.04206686186907	-20.5383813342466	-3.17123386027586	1
X2919583	-37.1998984390692	1.19125058706069	-36.495949046706	-1.89519997942379	1
X2919584	-1.15289651438075	2.98718833293519	-7.94294869234055	3.80286384502448	1
X2919585	-16.1841701354697	-1.88443544179504	-14.2211335620491	-0.0786011316255586	1
X2919586	-6.34534089931533	2.25785879032293	-9.48697357938583	0.883773889747535	1
X2919587	32.7406134805917	4.35768498148344	21.1798117289371	7.20311677017152	1
X2919588	-3.24841550006942	2.98718833293519	-11.1626624115127	4.927058578508	1
X2919589	-6.87604639877714	-1.74132633153629	-2.79934512679886	-2.33537494044205	1
X2919590	3.55404176271892	0.275206401984564	-1.57665386299639	4.85548922373066	1
X2919591	4.45806838079026	-2.17257665745685	12.3485067327705	-5.71786169452339	1
X2919592	-23.618608484315	-2.17257665745685	-15.0974662896161	-6.348565537242	1
X2919593	-22.8047973621339	-0.948043544337388	-23.308283255759	1.45152943796248	1
X2919594	12.6182072006035	0.505823631244904	6.37982145099294	5.73256211836567	1
X2919595	-1.56264993490672	0.92798330375074	-8.10907783967177	5.61844460101419	1
X2919596	-16.9471166222675	-2.17257665745685	-16.8113494687947	2.03680950398403	1
X2919597	0.443217729937601	-0.189574000655415	-7.38922264726001	8.02201437785309	1
X2919598	-3.81389780891002	0.275206401984564	-3.86405534283554	-0.225048868059014	1
X2919599	-27.2065308875973	-0.948043544337388	-25.4502272108575	-0.808260132402536	1
X2919600	-25.7561031835503	0.275206401984564	-25.6260039419879	-0.405305643546952	1
X2919601	-10.8718089880104	2.30152543790753	-17.3493733417404	4.17603891582246	1
X2919602	-2.25184255695748	2.30152543790753	-6.15720821600612	1.6038402211411	1
X2919603	28.9723429490824	-0.189574000655415	24.9742855288172	4.18763142092067	1
X2919604	-9.60298973020887	0.340434312252305	-8.50018761433818	-1.44323642812294	1
X2919605	-10.7162844277392	0.160124434063324	-23.5021838832435	12.625775021441	1
X2919606	10.171872681141	0.340434312252305	13.8452829372047	-4.01384456831589	1
X2919607	-0.297189524450928	1.61586254287986	-6.41735287198208	4.50430080465119	1
X2919608	-3.93111682113487	0.340434312252305	-6.96603197292594	2.69448083953885	1
X2919609	2.15906036868809	-3.06792945894123	5.41336132799665	-0.186371500367307	1
X2919610	6.0092590059753	-0.614684734574323	8.18440274514864	-1.56045900459904	1
X2919611	-9.09630754965477	-0.614684734574323	-6.03055745251076	-2.45106536256958	1
X2919612	-9.88087205240113	-1.68954200539484	-8.27495598971459	0.0836259427083541	1
X2919613	31.7396902910774	-4.18416936103325	44.5542622037234	-8.63040255161291	1
X2919614	22.103006010312	-3.95494805208361	30.9448985924636	-4.8869445300681	1
X2919615	-20.1276180914846	-0.614684734574323	-17.8359373285449	-1.67699602836536	1
X2919616	-6.02546649661713	-1.85971675792827	-1.16359636449241	-3.0021533741964	1
X2919617	24.1946149185237	-4.62656318866453	32.59061188263	-3.76943377544188	1
X2919618	5.45001887994125	3.71464281658992	-0.360411455447597	2.09578751879879	1
X2919619	3.5583206618398	1.19125058706069	0.863325898828215	1.50374417595088	1
X2919620	-26.7494911043872	0.924290214039909	-22.1688561059442	-5.50492521248281	1
X2919621	4.73301103850626	2.98718833293519	3.5521072379788	-1.80628453240772	1
X2919622	18.8151350460821	4.35768498148344	9.65221239234256	4.8052376722563	1
X2919623	-0.107365373801613	-1.02245242120978	2.67807991100248	-1.76299286359441	1
X2919624	3.57730799083555	4.35768498148344	-6.23611961671001	5.4557426260621	1
X2919625	7.23524458149012	3.71464281658992	-11.6916560440267	15.2122578089267	1
X2919626	-8.66703478021918	-1.88443544179504	-1.67393469903764	-5.10866463938657	1
X2919627	-25.972741765499	-1.74132633153629	-20.2846773427041	-3.94673809125857	1
X2919628	-15.5468204967656	0.692034833356969	-12.3783200762086	-3.86053525391396	1
X2919629	5.80840980133586	3.71464281658992	1.10690394829142	0.986863036454399	1
X2919630	11.059486425553	3.71464281658992	6.79093718579153	0.553906423171503	1
X2919631	-23.7747964750532	-1.02245242120978	-21.6108564218256	-1.14148763201785	1
X2919632	-21.2649018910049	-4.42881766575538	-9.89555247458675	-6.94053175066284	1
X2919633	-2.75292819661882	0.692034833356969	-1.78818123645521	-1.65678179352056	1
X2919634	-32.9313687929516	-4.42881766575538	-18.4107863727478	-10.0917647544484	1
X2919635	-12.1608259006864	-0.954490985464227	-13.591095738259	2.38476082303687	1
X2919636	-3.0188585180483	-0.954490985464227	-1.33451538733309	-0.729852145251012	1
X2919637	-34.7361367300776	-3.05854694059886	-17.5697440306459	-14.1078457588328	1
X2919638	-21.4081078838358	-1.31082147424033	-10.8497722877475	-9.24751412184797	1
X2919639	10.3716386948254	0.446286510460558	7.60546043928206	2.31989174508282	1
X2919640	-53.4733828985121	-4.42881766575538	-43.8413748074297	-5.20319042532704	1
X2919641	-24.889375874649	-1.31082147424033	-27.5579450725402	3.97939067213156	1
X2919642	-15.3242846152315	0.692034833356969	-13.7795310640839	-2.23678838450462	1
X2919643	-23.5753101248014	0.692034833356969	-24.2016420671371	-0.0657028910213262	1
X2919644	-24.2214913814246	-4.23750549136053	-16.0734994136899	-3.91048647637412	1
X2919645	16.0257969441481	2.30152543790753	10.6467442916321	3.07752721460844	1
X2919646	4.92214644766129	-0.611605589646971	7.02412111495237	-1.49036907764431	1
X2919647	-6.70718366544887	-2.01738585191753	3.47129294890257	-8.16109076243396	1
X2919648	12.046521799674	3.71464281658992	2.06206719940146	6.26981178368256	1
X2919649	37.6159861685627	3.0716006516964	16.8678369205086	17.6765485963577	1
X2919650	11.95843972288	1.61586254287986	1.92697342006022	8.41560375993994	1
X2919651	-30.6219589255426	-1.70791263432215	-28.3562851605909	-0.557761130629564	1
X2919652	-4.65905969919901	1.15654243732261	-4.46282616783886	-1.35277596868281	1
X2919653	18.0046050673058	-2.14306443820611	17.17028492037	2.97738458514191	1
X2919654	-1.24922077843236	-1.31082147424033	1.12068473076366	-1.05908403495574	1
X2919655	9.22724351205157	0.505823631244904	10.6994960526718	-1.97807617186506	1
X2919656	8.85795621794527	1.26746643528295	11.2067552470709	-3.6162654644084	1
X2919657	22.5370742801452	-1.85971675792827	36.6419626058844	-12.245171567811	1
X2919658	-25.1079486170728	-3.24759497393146	-13.3694943862011	-8.49085925694016	1
X2919659	6.78500319945517	0.888408059225134	-4.38068418417061	10.2772793244008	1
X2919660	15.7896361594931	1.19125058706069	20.8516708069324	-6.25328523450004	1
X2919661	17.1946982775477	0.922268843928771	19.4409429943114	-3.16851356069239	1
X2919662	-16.6489682320943	-1.88443544179504	-3.28245030817543	-11.4820824821238	1
X2919663	5.81907688608905	1.96473798199685	6.74193782530328	-2.8875989212111	1
X2919664	-30.5807633069218	1.98607987029197	-32.1049135783999	-0.461929598813847	1
X2919665	5.4224700132436	-5.97595225587482	23.1073305683877	-11.7089082992693	1
X2919666	3.28435826955154	-3.77840276943497	9.60594065386718	-2.54317961488058	1
X2919667	-26.2935398555973	-5.97595225587482	-12.4240632066401	-7.89352439308218	1
X2919668	-44.0966482665434	-6.1359678039103	-30.0180730282957	-7.94260743433732	1
X2919669	-3.23311395640923	-3.24759497393146	-0.65878048103351	0.673261498555774	1
X2919670	-36.5192181398629	-4.42881766575538	-22.8288595996963	-9.26154087441109	1
X2919671	-12.5363230869987	-1.88443544179504	-7.14150914876868	-3.51037849643497	1
X2919672	-1.64590594021334	1.19125058706069	-4.45385622674206	1.61669969946797	1
X2919673	-25.1473891490515	-0.0220917342320417	-29.0117934419092	3.88649602708983	1
X2919674	4.65033030742779	0.417763192124526	5.52034111142219	-1.28777399611888	1
X2919675	10.112804940814	-0.475673812818002	16.1222534729341	-5.53377471930222	1
X2919676	7.75444870169316	0.417763192124526	5.24636017185608	2.09032533771254	1
X2919677	-20.6521047158275	-2.92397082635582	-14.5481560787367	-3.17997781073488	1
X2919678	-28.3637283288005	-2.14306443820611	-20.0232573499494	-6.19740654064497	1
X2919679	-52.6114726985837	-3.45315541938033	-48.8832404542927	-0.275076824910762	1
X2919680	-25.8532977396037	-0.475673812818002	-31.1704948175568	5.79287089077113	1
X2919681	6.9373230210939	0.0836639587390684	15.5018120229223	-8.64815296056742	1
X2919682	2.63925990345756	-0.93499391837525	2.41830793800121	1.15594588383163	1
X2919683	15.5313968315827	-1.75775410136285	22.3381080862297	-5.04895715328424	1
X2919684	20.0432567986188	-0.117071668238412	16.262634038235	3.89769442862226	1
X2919685	16.8793320932982	-1.84601051297119	29.2351597474377	-10.5098171411683	1
X2919686	16.1059448485633	-1.1375713116236	11.6016500699718	5.64186609021521	1
X2919687	12.766959029643	0.92798330375074	4.37082181003537	7.46815391585684	1
X2919688	-10.5450393228829	-0.606129633353484	-14.5571312931185	4.61822160358913	1
X2919689	10.6937543816624	-0.189574000655415	4.28002484068963	6.60330354162808	1
X2919690	-1.91994363350663	-0.948043544337388	-5.26520276356677	4.29330267439746	1
X2919691	1.06108685102232	-2.01738585191753	8.75988251529792	-5.68140981235815	1
X2919692	-2.63795419151936	-4.62012984015023	9.00492075960533	-7.02274511097442	1
X2919693	-10.9858523392702	-0.521275909658624	-5.60916679317342	-4.85540963643813	1
X2919694	-6.36465157617557	-4.42881766575538	6.90935125399065	-8.84518516441093	1
X2919695	-5.50675458350009	-1.6694976897545	-3.28623195835396	-0.551024935391702	1
X2919696	-10.2870429395438	-1.88443544179504	-5.38264461726682	-3.01996288048192	1
X2919697	10.7125568700284	-0.611605589646971	4.93173240192797	6.39243005774731	1
X2919698	11.074334942764	-0.521275909658624	16.3498990388339	-4.75428818641136	1
X2919699	-18.1422974579402	-4.42881766575538	-8.16570921211778	-5.54777058006705	1
X2919700	20.9120238382914	0.283204211319126	20.7668080012112	-0.137988374238866	1
X2919701	3.58012023053985	-2.16048601650226	5.02807381537387	0.7125324316683	1
X2919702	20.6961499295014	-0.701058012644701	33.997805923534	-12.6005979813877	1
X2919703	-3.9897521932521	0.922268843928771	-9.60918600099988	4.69716496381895	1
X2919704	-12.1132430382437	2.25785879032293	-16.9112890240752	2.54018719550857	1
X2919705	-21.4955572150411	4.35768498148344	-24.6398089477449	-1.21343324877962	1
X2919706	-22.7745558151706	2.30152543790753	-22.7560640881643	-2.32001716491385	1
X2919707	11.3566866954234	2.98718833293519	3.96667756892461	4.40282079356359	1
X2919708	10.4490971968189	4.35768498148344	-0.631795280622242	6.72320749595756	1
X2919709	-29.3834935731303	-1.88443544179504	-23.550786616427	-3.94827151490824	1
X2919710	22.6476154706475	4.35768498148344	16.1909228391736	2.09900764999059	1
X2919711	11.5019250355248	-1.68954200539484	9.90891683989637	3.28255020102323	1
X2919712	-20.0847477844484	-1.02245242120978	-18.2945614857246	-0.767733877514103	1
X2919713	-9.65160667215925	2.25785879032293	-15.6743465319445	3.76488106946222	1
X2919714	-14.9378677139559	-1.13618720953808	-7.19058405268708	-6.61109645173076	1
X2919715	5.78932157894027	1.96473798199685	-6.73227908550351	10.5568626824468	1
X2919716	-5.32900657983583	0.692034833356969	-2.68421658863791	-3.33682482455495	1
X2919717	-42.7964633749128	-1.74132633153629	-40.7335279059479	-0.321609137428584	1
X2919718	10.0267845585497	4.35768498148344	-0.354815835826308	6.02391541289233	1
X2919719	2.59738083441904	3.71464281658992	-5.10489309337763	3.9876311112067	1
X2919720	-31.3409181399737	-1.02245242120978	-29.2727257904127	-1.04573992835119	1
X2919721	-13.2319237041127	-2.60246532429611	-2.51603298856573	-8.1134253912508	1
X2919722	-25.7567888515932	-3.4231661141881	-13.185659817575	-9.14796291983022	1
X2919723	14.0682580806857	-3.62557100135057	35.0543390538903	-17.3605099718539	1
X2919724	-26.2574045789101	-2.15782054783148	-10.399981302845	-13.6996027282336	1
X2919725	-14.1047461748656	-3.24759497393146	-4.7280996655276	-6.12905153540644	1
X2919726	-19.5407554942728	-2.15782054783148	-8.30620657587154	-9.0767283705698	1
X2919727	-10.3689313523234	-3.4231661141881	-6.15163198307695	-0.794133255058216	1
X2919728	-20.0386587133516	-1.88443544179504	-7.35358264554498	-10.8006406260116	1
X2919729	-14.4436898870848	0.686667165606402	-13.9186599690614	-1.21169708362981	1
X2919730	-0.850240226278345	-2.2888739465227	-5.89830089493282	7.33693461517714	1
X2919731	2.58848164419851	-2.60246532429611	1.9596302072713	3.23131676122331	1
X2919732	-11.1197611847452	1.70393557786184	-12.5073675890719	-0.316329173535197	1
X2919733	1.01856409056497	0.67092249268772	0.212023045503919	0.135618552373324	1
X2919734	4.98137604213131	2.25785879032293	6.49139384331622	-3.76787659150779	1
X2919735	3.28599213214166	0.523764274375747	2.57045926761688	0.19176859014899	1
X2919736	-2.93255543912208	1.70393557786184	-6.87786197850432	2.2413709615204	1
X2919737	-13.7138430914166	2.25785879032293	-16.1702282147018	0.19852633296215	1
X2919738	-12.2158304793199	0.371291367195846	-11.0302267271855	-1.55689511933014	1
X2919739	-25.5212334053538	-2.53870290678069	-23.4532201012215	0.470689602648352	1
X2919740	-29.0132926865656	0.67092249268772	-34.8458064034519	5.16159122419851	1
X2919741	-9.14823701991265	1.70393557786184	-14.960220481344	4.1080478835695	1
X2919742	-0.613360862487291	0.371291367195846	-3.76118061752103	2.77652838783793	1
X2919743	-43.8268475973623	-3.4231661141881	-34.8734417180983	-5.53023976507586	1
X2919744	-25.1093101331572	-3.4231661141881	-17.0396035484171	-4.64654047055199	1
X2919745	-9.10780190205524	0.394045961920308	-10.6576268414448	1.15577897746932	1
X2919746	-35.7512478315062	-3.15239346480577	-37.3923924943157	4.79353812761522	1
X2919747	-20.1385276949771	0.523764274375747	-18.4274947333544	-2.23479723599843	1
X2919748	7.58546291118132	-0.189574000655415	16.7111706260064	-8.93613371416966	1
X2919749	-28.5381317640265	-1.16340694364944	-16.9427375164674	-10.4319873039097	1
X2919750	6.25059274099797	-0.189574000655415	9.57014337662842	-3.12997663497501	1
X2919751	28.8963799858036	-1.2214343194184	24.0435821322486	6.07423217297327	1
X2919752	13.0750806429078	0.267585456892838	15.1052609206556	-2.29776573464064	1
X2919753	5.37613060393921	-2.17173494896733	21.4506558049205	-13.902790252014	1
X2919754	20.0278728455353	-2.15782054783148	38.1789671549675	-15.9932737616008	1
X2919755	-24.9331910765351	-1.13618720953808	-20.3046589757421	-3.49234489125483	1
X2919756	1.5051676074648	-3.48134112627472	7.93222371730245	-2.94571498356295	1
X2919757	-42.6495548062342	-3.05854694059886	-22.5205516745218	-17.0704561911135	1
X2919758	-14.6733616751275	-2.15782054783148	-5.95820559252613	-6.55733553476996	1
X2919759	-4.33069037277563	-1.13618720953808	5.3848908351434	-8.57939399838097	1
X2919760	-13.284588449492	-1.13618720953808	-3.51739184626158	-8.63100939369232	1
X2919761	-8.1951740860119	0.92798330375074	-11.6497445340444	2.52658714428168	1
X2919762	-1.66325704041757	-2.17257665745685	0.678575772615069	-0.169256155575772	1
X2919763	3.18408245166491	0.92798330375074	7.18111593338096	-4.92501678546677	1
X2919764	0.194372329535547	-0.189574000655415	1.32872573162877	-0.944779401437828	1
X2919765	15.1738275719345	0.275206401984564	9.08399846891446	5.81462270103538	1
X2919766	9.74506846318173	-1.81038563434909	11.9357184841984	-0.380264386667632	1
X2919767	2.87686722986383	1.19125058706069	4.70377719639279	-3.01816055358963	1
X2919768	-25.1489838617424	-2.14306443820611	-19.6315618689555	-3.37435755458069	1
X2919769	0.343685939032376	1.15654243732261	-2.82660960238444	2.01375310409409	1
X2919770	7.69287261833794	1.19125058706069	6.12423226082996	0.377389770447335	1
X2919771	-11.2249067692534	0.764674468623734	-11.8059535606706	-0.183627677206449	1
X2919772	-15.4558971516615	1.15654243732261	-12.9806791939015	-3.63176039508262	1
X2919773	-10.6031701559931	1.96473798199685	-13.5235543371394	0.955646199149435	1
X2919774	9.67657820079447	-0.758515777051172	16.6184687313072	-6.18337475346172	1
X2919775	-7.57476921338718	-1.02245242120978	0.734723131355295	-7.28703992353267	1
X2919776	10.9638370369462	2.30152543790753	-3.81397461901474	12.4762862180533	1
X2919777	12.7889245365771	-2.7610606087908	13.1753085382257	2.37467660714222	1
X2919778	-4.34661757543025	2.25785879032293	-5.92379954890169	-0.680676816851393	1
X2919779	2.31688677891928	2.30152543790753	1.1356960291084	-1.12033468809663	1
X2919780	5.67975848108921	0.888408059225134	-0.442349958624213	5.23370038048823	1
X2919781	-8.15529258606733	0.924290214039909	-13.4144107098461	4.33482790973888	1
X2919782	-2.18870271221001	-1.02245242120978	-1.77293870917676	0.606688418176345	1
X2919783	-11.3426694415558	2.98718833293519	-21.5258330194033	7.19597524491235	1
X2919784	4.0955355200264	4.35768498148344	-13.4032551968222	13.1411057353651	1
X2919785	-4.74788775321986	1.96473798199685	-18.1396112809395	11.4269855457227	1
X2919786	19.6233560082653	3.71464281658992	-4.66084026472182	20.5695534563971	1
X2919787	-4.60424533323922	-1.68954200539484	-7.49429528061457	4.57959195277015	1
X2919788	-37.0650218195911	-1.02245242120978	-37.2707630481343	1.22819364975291	1
X2919789	-3.65546177146746	-3.24759497393146	-3.10163726401309	2.69377046647718	1
X2919790	2.12414758361489	-3.24759497393146	7.36518652058712	-1.99344396304064	1
X2919791	-11.0964442031465	-1.88443544179504	-9.75096906034177	0.538960298990355	1
X2919792	-20.6286602670542	-2.15782054783148	-13.9250165332414	-4.54582318598134	1
X2919793	9.40155654202754	-4.42881766575538	16.0453949541409	-2.21502074635792	1
X2919794	-37.0447965924366	-5.68594780186944	-33.4607818295493	2.10193303898222	1
X2919795	-4.0293784532247	2.98718833293519	-9.48370673552541	2.46713994936559	1
X2919796	-19.7402404972757	4.35768498148344	-29.9528954231928	5.85496994443371	1
X2919797	-19.1610886095232	1.96473798199685	-22.9225579915961	1.79673140007611	1
X2919798	2.33461436206592	0.692034833356969	6.64241965222694	-4.99984012351802	1
X2919799	-22.7871120129671	-1.88443544179504	-15.3196817449171	-5.582994826255	1
X2919800	-7.32234575409909	4.35768498148344	-12.9108008340494	1.23077009846676	1
X2919801	-13.3769034580256	3.71464281658992	-15.6825006531548	-1.40904562146067	1
X2919802	-26.9712992635044	2.30152543790753	-34.1333875558489	4.86056285443706	1
X2919803	-11.3447176614275	4.35768498148344	-16.5947276682118	0.892325025300752	1
X2919804	-23.3621951173707	2.30152543790753	-24.4062123402212	-1.25750821505701	1
X2919805	-7.87082281515379	1.61586254287986	-18.567671354856	9.0809859968223	1
X2919806	-16.7327202495584	-3.4231661141881	-1.78698768925899	-11.5225664461113	1
X2919807	-18.1902896797914	2.30152543790753	-17.9483379097464	-2.54347720795257	1
X2919808	-29.1081001047647	0.160124434063324	-29.3793996386976	0.111175099869597	1
X2919809	-29.5591115238092	0.394045961920308	-28.1031283034453	-1.85002918228426	1
X2919810	-25.9832903909799	2.30152543790753	-28.7327878647543	0.447972035866921	1
X2919811	-36.9975874002302	-3.06792945894123	-38.1471133284452	4.21745538715618	1
X2919812	-2.95079458575579	-1.31082147424033	-2.86058195402948	1.22060884251388	1
X2919813	-19.2091641558167	-1.02245242120978	-17.9732653477619	-0.213446386845105	1
X2919814	-37.2254963140893	-2.14306443820611	-33.6528312388649	-1.42960063701832	1
X2919815	6.6144419620445	1.49845634830652	-10.2329325369704	15.3489181507083	1
X2919816	20.2070996132226	-0.611605589646971	26.0490054184454	-5.2303002155757	1
X2919817	-21.6573723418563	0.394045961920308	-31.6090376858745	9.55761938209786	1
X2919818	-8.67310712790504	0.275206401984564	-6.30847375104168	-2.63983977884793	1
X2919819	-21.2988890167515	0.275206401984564	-23.1664880489938	1.59239263025769	1
X2919820	3.91717868837718	1.61669168438694	-5.43507794055513	7.73556494454543	1
X2919821	-2.69707428020858	1.19125058706069	-7.30607452151476	3.41774965424549	1
X2919822	0.90362609513906	2.30152543790753	-16.9056469424595	15.507747599691	1
X2919823	3.12123064525434	-3.24759497393146	5.38714437881268	0.981681240373234	1
X2919824	11.295150954707	0.888408059225134	-4.41653900069624	14.8232818961783	1
X2919825	-5.67213397045536	2.98718833293519	-11.9465094582964	3.28718715490585	1
X2919826	7.38748076441411	2.30152543790753	1.23154540165834	3.8544099248483	1
X2919827	35.0190616314596	-0.834998630737508	33.3437540306088	2.51030623158824	1
X2919828	-5.85374260677141	0.446286510460558	-4.60986909358595	-1.69016002364601	1
X2919829	-19.5603689447631	1.61586254287986	-35.8374860696922	14.6612545820492	1
X2919830	-8.90770131762585	1.15654243732261	-8.79390648104067	-1.27033727390777	1
X2919831	5.07523283682066	1.19125058706069	-2.10354985977272	5.98753210953268	1
X2919832	-5.53181146710761	-2.7610606087908	-7.17315977719533	4.40240891887847	1
X2919833	-30.2787202267103	-2.76439927621536	-30.9437820804114	3.42946112991648	1
X2919834	1.46562720628611	2.98718833293519	-11.475266417425	9.95370529077585	1
X2919835	-17.3946426820033	1.96473798199685	-29.2238697013889	9.86448903738857	1
X2919836	-23.0580040715487	-1.88443544179504	-20.8150895834431	-0.358479046310594	1
X2919837	-25.1676302204305	3.2482511453629	-31.6613963852585	3.24551501946497	1
X2919838	-31.939603799676	0.692034833356969	-34.2611486193695	1.62950998633654	1
X2919839	-16.6181365264377	1.96473798199685	-20.2178846855289	1.63501017709438	1
X2919840	-15.2900015136299	2.30152543790753	-27.7863257209611	10.1947987694236	1
X2919841	-45.2746736061262	1.96473798199685	-46.1173382319876	-1.12207335613536	1
X2919842	-4.14320835675088	-4.11655722383294	0.287503097809967	-0.31415423072786	1
X2919843	-2.34269041698501	-0.834998630737508	-0.679300270080475	-0.828391516167042	1
X2919844	1.81325079749991	-4.61996199924412	10.0913903532488	-3.65817755650472	1
X2919845	18.3417605218581	-2.10922090249713	22.7050657164451	-2.25408429209006	1
X2919846	13.4018489654912	-1.51895697171714	12.7182445796344	2.20256135757402	1
X2919847	-16.2162069990357	-2.10922090249713	-13.459532757264	-0.647453339274558	1
X2919848	-2.32770877530387	-2.15782054783148	-0.401966685474797	0.232078458002402	1
X2919849	-5.12802862567882	1.96473798199685	-17.2499872678824	10.1572206602067	1
X2919850	-20.7050330682556	1.15654243732261	-22.6260050884647	0.764429582886444	1
X2919851	-3.90201000288558	-0.758515777051172	-2.1188006171076	-1.02469360872689	1
X2919852	-7.50882996124427	0.340434312252305	-16.4265170180992	8.57725274460251	1
X2919853	-14.0798909993959	-1.02558643725145	-5.02397854083724	-8.03032602130718	1
X2919854	-14.5683805949431	-1.88443544179504	-5.77496746677421	-6.90897768637381	1
X2919855	-7.21046635178922	-0.611605589646971	-7.65276375681674	1.05390299467449	1
X2919856	-28.856171016457	-1.70791263432215	-30.1643781655183	3.01611978338344	1
X2919857	13.6794621567037	3.71464281658992	-8.91508776166112	18.8799071017746	1
X2919858	-0.149988191023617	3.0716006516964	-18.3741308626135	15.1525420198934	1
X2919859	-17.3272509387393	-2.14306443820611	-23.9195704957137	8.73538399518054	1
X2919860	7.32806731389719	0.924290214039909	2.12896110234257	4.2748159975147	1
X2919861	-3.3209200219734	1.49845634830652	-23.54928599378	18.7299096235001	1
X2919862	-43.5521914103461	-4.42881766575538	-31.5991741955154	-7.52419954907529	1
X2919863	-8.75407950239801	-2.15782054783148	-1.23630144299756	-5.35995751156897	1
X2919864	-22.016492658174	-1.88443544179504	-14.6234979732822	-5.50855924309674	1
X2919865	-22.0730562173995	-2.01738585191753	-19.8310197720062	-0.224650593475813	1
X2919866	-28.2186886882795	-3.7582502720864	-11.7737209979581	-12.686717418235	1
X2919867	-22.5725761102363	-2.15782054783148	-18.9427195877897	-1.47203597461514	1
X2919868	-12.4175482504717	-0.137499442212156	-12.7670327335923	0.486983925332946	1
X2919869	-10.8102423331257	0.394045961920308	-21.6072402880604	10.4029519930144	1
X2919870	-13.7179427711788	2.30152543790753	-29.1815383654084	13.1620701563219	1
X2919871	-4.28618477073435	-3.06792945894123	-7.73440521802063	6.51614990622757	1
X2919872	-9.21502466166356	-1.65069665428372	-9.2899068410041	1.72557883362426	1
X2919873	-27.1119699263554	-4.67904295161039	-21.2089793242271	-1.22394765051784	1
X2919874	-39.945052360517	-2.7702676417108	-38.1449827463078	0.970198027501596	1
X2919875	-44.5053339551287	-2.44136617984745	-42.1484349744441	0.084467199162821	1
X2919876	-7.76129143810108	-1.84394992946844	-6.73415638430434	0.81681487567171	1
X2919877	-15.1494415813198	0.446286510460558	-7.71205432133959	-7.88367377044077	1
X2919878	-37.8683009732213	-4.62656318866453	-29.8147065786242	-3.42703120593251	1
X2919879	-16.5134319744283	0.692034833356969	-15.1669419087131	-2.03852489907223	1
X2919880	-22.0406196455609	1.15654243732261	-17.4443125361845	-5.7528495466991	1
X2919881	-24.9694862169694	1.15654243732261	-19.2101778812076	-6.91585077308448	1
X2919882	5.07688675966919	-0.758515777051172	13.1830939853631	-7.34769144864265	1
X2919883	-3.56072906916343	0.505823631244904	4.93846093050033	-9.00501363090868	1
X2919884	-24.4062254989628	-2.97530740217189	-18.8823832333001	-2.54853486349077	1
X2919885	-12.5832440758324	1.98607987029197	-18.6901677479554	4.12084380183102	1
X2919886	1.88048236688955	-0.758515777051172	6.81215350595374	-4.17315536201295	1
X2919887	-25.7753742819531	1.49845634830652	-32.6643247754706	5.39049414521091	1
X2919888	-1.16229265561132	1.45453446615951	-2.50925431006091	-0.107572811709927	1
X2919889	-31.9774135013638	-1.02245242120978	-31.3630199248855	0.408058844731456	1
X2919890	-20.253931879985	-2.14306443820611	-14.1438173165045	-3.96705012527438	1
