<Trait>	Trait_1_H2_0.9	Trait_2_H2_0.9	Trait_3_H2_0.9	Trait_4_H2_0.9	Rep
X2922131	7.85226704095553	0.164266577620282	18.6893772505089	-1.41844250536605	1
X2922132	-53.3728606389327	-1.11997136481823	-34.292852172322	1.64263500283244	1
X2922133	-33.4617580386391	0.140532594899734	-44.375913007182	-0.791009528742656	1
X2922134	28.9375361944812	4.82380401442178	18.8182444353603	-0.664339203315579	1
X2922135	23.80408453401	-0.0248321815650412	12.0105497864262	-1.75790953883379	1
X2922136	62.8664486374005	1.680271245948	51.4508897086404	4.0799165257801	1
X2922137	-82.3627429026981	1.1512471366545	-99.3975976960452	2.44534371301598	1
X2922138	-31.677490572276	-2.22648731630071	-41.857329264197	-8.30653701523523	1
X2922139	22.5079289130655	-1.0530563823603	18.258432045799	-7.34262203286285	1
X2922140	-46.5371913003242	1.63627589860515	-52.5963408099796	-7.80952162987423	1
X2922141	41.352293778932	-0.0270324215628002	22.4339150082807	-0.512552192762047	1
X2922142	32.3069313782298	1.00925571193352	25.6096294013524	7.22803245233316	1
X2922143	-47.1056967695199	-0.135003844691159	-32.8318324946508	-3.95452158952607	1
X2922144	-48.8010529956632	-3.70506103439162	-49.1679724539415	-6.04543765378395	1
X2922145	20.5844782063543	-1.77461833162355	7.12207693644881	-2.27594464067893	1
X2922146	-73.3880922859588	0.799951774630074	-83.2475688020042	-3.14011503114955	1
X2922147	-1.91562278711483	0.512854097910475	13.6277910032134	0.9928685503973	1
X2922148	29.474746664309	-1.18765343220664	25.4965637359498	0.83263240187613	1
X2922149	-37.2945463051021	2.25395046968815	-48.1803937205983	2.75020080023208	1
X2922150	-41.4624225317622	3.93026950651581	-48.4047294437443	3.64006847335776	1
X2922151	-94.0546949036999	0.928195412697795	-52.5208617481449	-6.76415579934492	1
X2922152	15.8891890698602	0.60261518837851	2.46902328176275	-3.17900710592928	1
X2922153	4.88718078773319	2.77691358592654	-13.0924811473777	8.7809266259068	1
X2922154	-9.31035366960678	0.457965889549181	7.39187212009483	0.867890806371768	1
X2922155	23.4581054111548	4.42901794955013	14.3669636105639	9.48650868549162	1
X2922156	15.2883037422757	0.703374305127236	40.1363116481563	0.490650259897881	1
X2922157	13.0693705822271	3.68311403341382	18.455947632461	10.5489628961311	1
X2922158	59.7563665030313	4.04764372886284	67.1628836151676	5.84987735607737	1
X2922159	7.14437041017106	-1.15457344880257	18.5914223944657	3.55420003948609	1
X2922160	-32.9167004597692	-0.800617248175036	-20.9614518778797	5.03836908062601	1
X2922161	48.414926541983	-2.41887696411377	67.7553487020512	-4.46417753878536	1
X2922162	13.9782160836503	0.851597876213053	30.8673324113064	-1.86037190977338	1
X2922163	26.9140338782927	3.13355297756282	7.61159160520886	3.49913116523046	1
X2922164	135.404015553627	1.36130648046782	109.492566261596	15.5441790800433	1
X2922165	54.4944947299799	3.71213096279756	53.5691322748352	1.92425179964343	1
X2922166	58.0793001652926	1.62953935236735	77.9873928517278	-2.42202595477184	1
X2922167	25.5776250960555	4.00205780850651	47.9458067946476	10.0718626148085	1
X2922168	32.9276979934795	3.59902776362387	-4.57042096900075	6.98419859918692	1
X2922169	38.8322638286623	1.05332256302006	31.0947468488946	-0.980232136710004	1
X2922170	129.182830613534	3.22896874769041	117.129167546721	9.2523137358191	1
X2922171	8.05684741255052	1.71782425368613	3.38256741678534	-2.11651218036084	1
X2922172	9.59663758873328	3.60289309861053	31.1170622516035	7.14810912977446	1
X2922173	6.79050343752513	1.01733180603973	16.3699384083257	1.33600028474456	1
X2922174	29.1474500605261	0.581926831942506	1.9108101946657	4.6693658775917	1
X2922175	29.0863510538738	1.53200524053756	9.3502625790325	5.75445927849535	1
X2922176	50.1570379318516	2.19794802404213	30.3425968099487	7.22854766552338	1
X2922177	74.6068211864571	4.27839059726435	33.3356436771618	1.42652796774839	1
X2922178	42.4137648531894	-0.776820381413342	43.0722373398803	-6.00063792741644	1
X2922179	-72.0980192775745	-4.52910745891315	-75.7130461632974	1.01714177942005	1
X2922180	-37.1022233102663	-3.66288077202015	-65.6910037200609	3.06049326743311	1
X2922181	44.4745020224782	2.66952808604734	44.4510709416087	4.9024392155852	1
X2922182	-87.1618058465942	0.739928929839063	-89.171188412636	-6.18381955451615	1
X2922183	4.39738027211561	1.87055283778061	-6.14993218557148	4.1518909540679	1
X2922184	-36.0467747604875	0.513073040693529	-84.1405138113519	0.848501816017685	1
X2922185	17.9356128847266	1.23509983756016	24.1345567561099	6.81423652025598	1
X2922186	35.7228713500704	0.205467426412091	29.6543695950772	-1.05346237755727	1
X2922187	-85.4367279491008	-3.54576617001434	-79.1970752702582	-5.67331076868312	1
X2922188	14.9899983455868	3.33773749345906	4.19508999441053	7.96181388391705	1
X2922189	16.4378442000536	0.299707937389074	-20.7356731557563	2.35542738349983	1
X2922190	-112.05898266179	-3.49835516110468	-63.3467081061768	-4.7058595024478	1
X2922191	-20.4930071064245	0.159583523985931	-37.2911001894419	-6.44430625450417	1
X2922192	-37.8508806720058	2.99981766325248	-55.365006000583	-7.2710431004826	1
X2922193	-102.178902297869	4.86354346258866	-98.5732952516755	-8.60340266177117	1
X2922194	-42.7512428236657	-2.55340790914057	-44.0979722526523	3.08793901706506	1
X2922195	-76.1584658096537	-0.556028195006392	-78.3131182337376	-5.17812385317003	1
X2922196	-107.583057507339	2.69351976309002	-75.8708103546095	-2.27412188951039	1
X2922197	-28.4754585248208	-3.42370964598694	-43.4425733834354	-1.3025708709876	1
X2922198	-65.7394937901713	-0.295724499587978	-74.3826427263011	0.816905272188275	1
X2922199	11.3550934616352	1.3710465728392	-10.5291985560744	3.52198630980234	1
X2922200	-27.4172338562963	0.581918406738677	-71.7234997020146	-0.874472400637618	1
X2922201	-122.59294193099	-1.61784440853502	-80.2789552557898	3.24991094834879	1
X2922202	10.6377783629819	-1.57323771523756	36.6130360500637	-1.42444888891864	1
X2922203	5.2437132207684	-0.0598102113757746	11.5152102853023	-4.89715850914231	1
X2922204	-77.1780625658798	-4.95618958312858	-39.1889191710951	-8.06930788724515	1
X2922205	-28.94592378236	-0.0175938320426803	-32.9065280848659	-0.295154918065025	1
X2922206	-11.9070523184347	-2.65716387541895	10.9416794841481	-8.24207456721147	1
X2922207	17.8078068708314	0.286240431225851	3.48707574263312	-7.36171161416897	1
X2922208	120.879569498491	2.17806315368478	67.528088801568	6.54272480213322	1
X2922209	46.1284922758325	2.00721005650105	51.1886295087814	8.27433750208786	1
X2922210	-26.4845215669047	-0.511922457019403	13.917408025081	-12.5990756270002	1
X2922211	41.6196280398801	1.8921404250934	20.7392322852097	2.16639879301513	1
X2922212	-14.9379388658346	-2.62661429085622	8.6722964350387	-16.8053327965294	1
X2922213	51.8035029648274	0.256730164052603	67.8048303138159	0.102691154224415	1
X2922214	90.8030623920103	0.138836022326667	36.0754026673122	-4.80762448675389	1
X2922215	77.721174044847	-0.403757461582911	85.9868978137205	-4.48699472537334	1
X2922216	8.99558062667322	-2.35289179893613	-5.30031504056171	-9.63102720499584	1
X2922217	57.0594401533465	1.14888682153315	59.7216840290878	0.419072946720253	1
X2922218	-81.0195916844497	-4.62169779767865	-92.253401219559	-1.49551296804647	1
X2922219	35.455317270592	-2.15236359761519	26.8993025373936	2.77674933324655	1
X2922220	-69.892366095557	-1.55912361333813	-39.8054948257826	-5.3970303784902	1
X2922221	-88.8461440167885	-3.72623046375547	-94.8966038924333	-1.07404552777858	1
X2922222	17.2169454016275	-0.681005466545291	33.5784260278491	2.45926214740495	1
X2922223	-102.381660544184	-3.12093126684493	-128.547599848523	-3.85398780197953	1
X2922224	14.9465202258657	-0.270530333225216	-1.13485838443514	-1.87096081206296	1
X2922225	-75.8513880310471	-2.64672250185508	-80.5123686382798	-1.46762794238586	1
X2922226	-38.558378111188	-2.20069856430164	-21.2837679521693	-6.86042718934809	1
X2922227	-52.4372829299801	0.238349167198642	-57.5566207823704	2.30584981658771	1
X2922228	-55.7547538991576	-2.90707757399494	-89.1023172385886	-1.48273025460339	1
X2922229	-91.965999097082	-1.48485183775605	-71.1476650843888	9.05322260121304	1
X2922230	-61.5132972405606	-1.79886493806868	-56.4198785044986	2.78037862614179	1
X2922231	-25.6898987734617	-4.50163266705701	-84.7563968217318	1.57490327193994	1
X2922232	-76.9767322370697	-4.84781202164302	-67.4040215971263	-1.43337022522062	1
X2922233	-26.8150718682019	-2.97052230513976	22.4782177015595	-14.5259316649643	1
X2922234	-52.8017139819855	0.925173324681916	-58.9332244085205	-1.01044010358091	1
X2922235	13.5483383502249	-0.218573868720365	21.2757843765304	-9.29096093150999	1
X2922236	-89.2881057985731	-4.9205584801446	-52.4267345506297	3.26883788478561	1
X2922237	-65.597474352636	-2.95713537345334	-75.3882103969609	-2.54392610163491	1
X2922238	-70.6581285362781	-2.19824458015768	-63.5014348391872	3.94152977199477	1
X2922239	-59.0597346181682	-0.99128086320651	-10.0518630844197	-1.50968689373412	1
X2922240	-32.5855407986199	-0.664614316019938	-26.2455700347889	-8.96083410039932	1
X2922241	-20.1330552808506	0.592540384518778	-8.66733951667119	-3.31566873508284	1
X2922242	25.7908854769401	0.225353701546233	23.7072904992327	7.40792644079364	1
X2922243	-36.233145444459	-4.85462549125159	-73.7239167899106	-15.998157772994	1
X2922244	-47.0766641115918	-2.77288329523712	-46.5765457843602	0.0189891916377666	1
X2922245	-59.8098093797151	-3.71463000291127	-71.7722839070788	1.01174240695671	1
X2922246	-59.1954802524288	-3.79547953711287	-48.3964165563465	-9.6432359015936	1
X2922247	-48.8103560043829	-3.44691995698328	-27.8064073536569	-5.43390238186438	1
X2922248	-12.0547844154476	-1.13655140655604	-35.6335697770615	-1.56327213781695	1
X2922249	-58.2934168390562	-1.84368129310874	-74.9453850009314	4.17632411276299	1
X2922250	17.2136355422804	0.806637563540051	-22.9791018182593	-7.14752582367919	1
X2922251	94.7658176597925	2.57424803177041	94.4908595920164	6.47873948404796	1
X2922252	-7.74781967543652	1.498191961069	18.6374243612372	-5.00266322705367	1
X2922253	85.0843205416326	1.32693334926399	102.22752347144	0.618646826181301	1
X2922254	126.44615197135	1.21671532385189	115.651984311485	-3.65851097313806	1
X2922255	-9.28633779265143	-0.455981412320691	6.14799350927857	3.2718978595422	1
X2922256	-18.9621559158187	-1.57803993805614	-0.1582872658434	-0.495490980659666	1
X2922257	11.5189030462179	-0.668840283659562	37.2060533640031	1.53122585257734	1
X2922258	28.5914861001325	2.01405817921723	27.7117382833401	-2.82772360289441	1
X2922259	9.31552989887797	-1.2102505206062	-1.08157128066594	-7.33382944338377	1
X2922260	35.5128638820086	1.54945222088028	14.8943003906154	-7.99576021980294	1
X2922261	34.1700549765238	0.964656092049605	13.9424074044611	1.45643541183632	1
X2922262	-9.5033347954604	0.928356778955737	15.2013001041922	-3.04569485724437	1
X2922263	80.5033953063923	2.68429360779891	101.896886327253	0.66809583188502	1
X2922264	19.9425315949477	3.81382404585175	21.3382195975201	-1.3957606693679	1
X2922265	23.0627998323665	1.1438797222431	-4.30005089817021	1.8188438345483	1
X2922266	87.1252901477338	2.82843081119604	66.2546546527801	-0.352443879895148	1
X2922267	23.1283186013763	0.998943714650036	1.73213843893267	5.51167417426981	1
X2922268	23.2920213113542	4.58132933521375	33.6587069068517	4.37301770346039	1
X2922269	12.6462714151408	-0.558788614629574	27.9940322022202	-1.6728935314834	1
X2922270	57.3831102539547	-0.631589331836663	47.8535414774739	-2.43519432697171	1
X2922271	31.3423513417508	-1.57724072972569	-21.2850198305688	0.302168955975597	1
X2922272	30.2180622978711	-2.08210144878149	15.2386000966847	-5.27417115686637	1
X2922273	31.2310508733122	-0.0173419522163107	-2.00289951015193	4.78130993488316	1
X2922274	29.8476463679281	-3.47196360358059	6.25491938347702	-1.22299367862945	1
X2922275	28.6399922439563	-5.10996985144945	20.0211268209674	2.61883128362026	1
X2922276	44.484491073039	4.77350923568156	24.7030763219113	1.59422959754996	1
X2922277	95.628877183768	-1.65235253508694	87.9152800445659	-3.84142718976743	1
X2922278	6.09699457648395	0.64798448508141	-29.9626045618557	6.39752737749863	1
X2922279	80.2398153912805	2.21260980169995	76.5536917352511	-0.765933160368095	1
X2922280	-15.833015234889	-0.888521210672188	13.4366551290037	-0.978038654213947	1
X2922281	81.8688308774198	4.26453095307761	89.7013940638542	2.53461981715664	1
X2922282	12.9520919930185	-2.19053076186096	-9.91104372162073	-4.24796656256286	1
X2922283	50.8014907385828	1.91332430059948	29.752736327154	7.1430574892857	1
X2922284	53.0706744471925	-1.94920553987223	27.9925381340728	-0.755870117452378	1
X2922285	26.3848320011846	0.76909130435516	6.15203851608047	4.27690828904667	1
X2922286	6.38972038097259	2.04825281386219	4.09558640844435	-1.83809437504596	1
X2922287	56.8861929946875	-2.4425078353962	46.0663833362682	3.82451566297466	1
X2922288	121.050098309861	-0.0663920530243272	137.844204197081	0.80591920910021	1
X2922289	27.6860254441021	2.98699704002582	15.3399462108898	7.61418046355691	1
X2922290	-12.238193091945	-3.06524362355297	-25.4703362332269	-7.59202936066075	1
X2922291	-90.2404473853198	-3.46128177102352	-95.8485394546067	-11.9641086281165	1
X2922292	63.1487610850656	-0.990028655234825	59.6158384571588	-9.34754003169319	1
X2922293	55.4256153055993	-0.239043215381484	51.9110975539477	3.65942214279468	1
X2922294	-66.0464548894421	-0.740598601291219	-40.5946893974316	-9.10285424991118	1
X2922295	13.7833640150599	0.994141565186989	46.2617869340507	1.05670456252191	1
X2922296	-93.0930321099777	-2.00126637236816	-69.1526020077849	2.02836913944959	1
X2922297	41.9302505526893	1.94791509736242	56.784432535328	3.3562326704463	1
X2922298	-12.9270610630869	-2.33533608080627	19.3411265047028	-2.55519952293425	1
X2922299	-42.6677444640715	-1.4381057662206	-39.0412519635903	-1.96934550126447	1
X2922300	-82.650150003087	-0.835137035958729	-68.9875206171771	8.71153389718673	1
X2922301	-14.3959891229635	-1.15619010838184	12.8490786577659	-0.963293020232987	1
X2922302	-69.4743753500672	-2.72850031228395	-42.5755122659314	-6.79112845036128	1
X2922303	-15.1251626724382	2.52439601952733	-40.5781536021276	-2.64546561131055	1
X2922304	-66.1215282654335	-2.78619207535486	-29.2510126211557	-5.4094919965343	1
X2922305	-56.9018576811985	-2.09547773093643	-54.6828670018434	-4.41724673714947	1
X2922306	-19.36675915799	0.233302774432657	0.498073963525719	-5.55114759974947	1
X2922307	92.0740949796481	3.61025507228199	72.7397300734651	10.382112633526	1
X2922308	22.7698006003018	-0.353726907665911	0.300233344878407	3.19260136649694	1
X2922309	42.8231422103049	-1.49467486201233	91.3566249227	-4.98377567099245	1
X2922310	-43.6508512139814	0.527910327911743	-55.9359073288716	6.10487508182185	1
X2922311	109.396843920031	1.82743825260496	103.583454272677	0.251839315444083	1
X2922312	15.8201733800361	2.36314030422508	34.9763373241343	-1.56277239482466	1
X2922313	-7.66191411896447	-0.431206217176865	-32.2561010454522	-2.75479888406206	1
X2922314	15.7394885329987	-3.04575426194474	38.4049208063314	3.20348115753541	1
X2922315	24.4769491139036	1.55547110185695	23.2640073364084	9.73158572760055	1
X2922316	99.0918469849502	0.918949493343163	103.226307141041	12.8009752404925	1
X2922317	43.3328985159932	2.75139488426188	21.5750688766511	11.5310040073255	1
X2922318	122.283105696487	4.13997387908251	122.664976546483	2.18436809850013	1
X2922319	14.215006382917	-0.84686536393748	38.3104848122766	-5.5329484075456	1
X2922320	104.968829972554	3.06651298552114	74.6898785981759	8.02347634125363	1
X2922321	83.4989312330013	-0.548433457298031	63.3131476130347	3.97084299982598	1
X2922322	-20.3323218769775	3.57719635068362	-16.1643664410366	1.96802650537858	1
X2922323	-14.8963414048742	-0.538417716106246	-28.1581737830689	-1.5761326228846	1
X2922324	23.1438818742599	0.105758484240463	5.5881724897159	1.29102335799674	1
X2922325	-3.48903315598862	4.1504450891557	-3.68945269641821	7.71631642769188	1
X2922326	-24.1038590110759	0.531911730188715	-1.06442089974676	-12.0557935735672	1
X2922327	-13.4849114827433	2.06875145356919	-13.7895354926391	6.75899204380157	1
X2922328	-10.4962875701035	4.29093101455348	-5.96892465424547	6.46349083097441	1
X2922329	-13.7393334200388	-0.400968839886249	-7.11449431555201	-2.1734626912796	1
X2922330	63.8673348488804	5.68825962938908	22.9642226217434	4.8389570483069	1
X2922331	16.3416614439551	0.561099854755044	12.8531692020006	-4.44944760227424	1
X2922332	93.5248004329745	3.45284074334175	98.9306019843295	7.6695853614674	1
X2922333	98.6019202963706	7.38761173158332	72.5897566831343	12.287536767389	1
X2922334	100.863500520226	3.21203087354124	67.1996111553155	6.01019738108002	1
X2922335	40.5890300187252	-1.57385470588688	15.818686069077	-3.14096636106988	1
X2922336	23.9437325991443	-4.42533599691888	37.6946257342264	0.20462795938426	1
X2922337	14.6600645203054	-3.79491786335982	3.03630475104181	-7.15115269281058	1
X2922338	18.293093870497	-2.79700847272102	48.8372009920364	-2.34690346962059	1
X2922339	-46.091778033724	-2.46325801835638	-10.7999368942726	-10.2776104244925	1
X2922340	85.9831140122247	-0.540473913069691	110.429958217065	0.77112756806808	1
X2922341	82.048753073372	1.33790709075771	105.359626894762	1.86248671673077	1
X2922342	17.8621642386517	-1.37497537599066	21.6931136850149	-0.448834922692619	1
X2922343	-42.8341279866909	-1.26569366796034	-20.0142912493278	1.23585273539944	1
X2922344	10.6129007219717	-0.739786340435283	46.0464097592699	-12.3377443638763	1
X2922345	6.41492842383877	-1.82782093031005	22.0272567929366	-5.67932037185655	1
X2922346	-17.7084590848721	-1.16416685335012	16.8985163322175	-13.450465879986	1
X2922347	-18.7202481520628	0.158491892870249	10.9022681481672	-8.39038598679872	1
X2922348	113.040482336919	0.920887161085307	84.6884132186842	2.03573540785357	1
X2922349	80.26207699237	0.873537002306854	66.6873188395996	-5.9521843955708	1
X2922350	6.78988677346573	-3.07552381325071	-3.36264959291212	-8.80239497037051	1
X2922351	73.7019137286025	-1.33206829101369	85.7744609549254	-6.50879647883058	1
X2922352	20.6294740694176	-2.57851540410561	-1.46566126937208	-8.20001121692135	1
X2922353	43.6748591698364	-0.805240002258383	48.9384257681692	-5.44285743048297	1
X2922354	-65.2465541392467	-3.85402145631688	-22.4916378267442	6.92209255260364	1
X2922355	-28.5951254967302	-4.58370952631388	-51.8059432867623	4.78715368825259	1
X2922356	-99.3627698735824	-2.70434783881345	-64.2959592168398	-3.16883978455036	1
X2922357	22.4072072427885	-1.28449673224769	32.4482935348073	-2.83249310518792	1
X2922358	48.8191622996806	0.95292367083775	34.6009602839339	-1.25452475756561	1
X2922359	54.3826912971452	1.92284936672768	19.2669036615918	4.53704094292918	1
X2922360	-83.7943881288425	-4.72877165983002	-78.3621640305186	-1.70644311780076	1
X2922361	-126.346333810306	-3.69458846896576	-117.790655166041	1.80563784176342	1
X2922362	-80.5100334483276	-4.70538241336489	-44.2779717160796	-10.9840699254306	1
X2922363	24.1411856543485	0.387416088859228	58.9703007577056	-6.2134158405137	1
X2922364	35.6697525369126	0.632050100069828	23.6583039334107	-4.2288011415089	1
X2922365	-13.8998103055736	-4.44241171346569	-27.7063669328401	1.43938298079272	1
X2922366	-39.2283361091419	-3.7228194247908	-29.57120558962	-8.76613900132782	1
X2922367	-13.320619595289	0.274731782777045	-20.3289349733452	0.573013060870798	1
X2922368	49.1929161484774	0.294991175223764	1.69442151924967	-11.3105486809636	1
X2922369	-76.7001534581862	-3.06043768548957	-59.8154078969379	0.453250576937163	1
X2922370	-40.1416327408047	-2.97592018791516	-22.0315208903935	-9.846447100418	1
X2922371	-65.0223291022036	-4.05858595349775	-52.1323175923761	-4.97878717634128	1
X2922372	-75.1753254179054	-3.99939621143839	-89.4725547292757	-8.52893399997192	1
X2922373	-55.4007260739926	-4.74272285736822	-15.7985950722607	-6.4957592145909	1
X2922374	-32.2080542079426	-3.99282822089376	-35.2649144267626	0.94421187454031	1
X2922375	-21.027170709834	4.30778907545686	-8.64158964556366	-16.1514122894107	1
X2922376	-42.7764710548371	0.231235626767992	-24.5566772204833	1.17851636288357	1
X2922377	8.15757861467593	4.48379146033088	12.3582127651536	-8.51097120321417	1
X2922378	-56.0239931973631	-0.238002270445003	-84.0337047649255	0.869501263798188	1
X2922379	1.42643279317416	0.288754404416306	15.2492388343497	-1.39941045850478	1
X2922380	-64.9504975517237	-0.0099824287889618	-61.137694098161	-2.05522900216591	1
X2922381	-52.0717516215463	-1.27524120841366	-48.0390161225619	9.50674528368075	1
X2922382	19.5772298757174	2.73015687794369	11.7867315201335	0.103523729390483	1
X2922383	0.431431329241047	4.36125192996757	5.36573260855096	0.812520788253443	1
X2922384	12.0600022519158	5.21406780309694	-5.80860331904363	-1.23223981962185	1
X2922385	-50.3979170093306	-0.328897692238149	-82.085501873512	-6.06687980705672	1
X2922386	-70.5119900855417	1.16558094096337	-64.0010224584607	-6.90362678421773	1
X2922387	-82.7224547473182	-0.905096604387712	-59.9424461532044	-10.1731476505277	1
X2922388	-71.0202542239565	-0.00917209518279671	-56.9212273291975	6.15161333098579	1
X2922389	-62.3658373363048	-2.59132946938365	-24.3247886791846	-3.02909070038597	1
X2922390	13.9122135791434	2.5131598642561	0.452827153691075	-1.00145309496441	1
X2922391	-0.817326942024081	0.0908501517119977	-41.4092410095775	-7.78043769517293	1
X2922392	-31.3507349426199	2.42444352829355	-51.0653677830764	0.998251747654639	1
X2922393	-71.0255889868616	1.5552259071792	-37.9660974746859	-10.9551769316394	1
X2922394	-82.0042995843297	-1.08035392918443	-85.1709550031477	-0.209426164682013	1
X2922395	24.3658922153717	1.30072706394178	34.63780246779	1.32001949613767	1
X2922396	-59.2815214234111	-4.39471879545104	-47.4894360049401	5.21090852566532	1
X2922397	-17.9508433641941	0.668691239457153	13.3244006453358	0.885239341308918	1
X2922398	43.2313443557525	0.174176476633368	8.82066718094622	8.85749831218347	1
X2922399	-57.3001763149384	-1.30096613817793	-18.934328917784	-0.562358003159566	1
X2922400	-77.5455126398991	1.86380535677401	-27.7679991930929	-1.90391433803145	1
X2922401	-55.8122239638823	-0.416251578626274	-56.0189360124733	2.62593463797695	1
X2922402	-22.8386085019845	-3.812948830049	-29.363304517365	-2.04988373241617	1
X2922403	22.359233376547	0.000763616314291338	-20.6932124683211	4.64525939456608	1
X2922404	0.248427055970773	0.388688457968525	-15.535344041036	0.783494234634521	1
X2922405	-20.6309194245524	-1.64527530285632	-48.8060688953923	7.42079710319721	1
X2922406	-73.5333679076433	-0.635412738274328	-62.6834835412972	4.698477412689	1
X2922407	-68.1004770119405	-4.56774612348004	-27.9134267751503	-4.55118331885335	1
X2922408	49.6385601360938	-0.52419498470893	17.7068838054144	4.54580249398253	1
X2922409	-10.4277230166057	-2.05596594443218	6.80167734279621	11.1367976659465	1
X2922410	-69.3276340194111	-3.56587863689527	-81.0535399991048	-3.9556587981757	1
X2922411	-8.0468590987868	-3.61353882718129	0.223522382640095	-1.28918238779865	1
X2922412	7.67282061258989	-1.93239149268872	-7.86720058458693	5.40256154174663	1
X2922413	31.4042425756337	-2.29445297031245	54.0728305442849	2.32021668375795	1
X2922414	46.7394170426794	3.0010291941735	67.7462425828536	-1.26382074197134	1
X2922415	81.4881818038553	3.30166511879662	61.1716612747589	2.38611631624552	1
X2922416	-0.958048187184218	0.0705731805968326	3.68170277274949	0.352803848987035	1
X2922417	38.5601913825857	3.07116925636573	53.4044817612202	8.13338688779957	1
X2922418	52.1484837975632	4.36216875262079	66.0117376144524	11.2179505173154	1
X2922419	24.1384389484643	0.196816367688335	17.2802793005456	-1.81498521334455	1
X2922420	99.5863728278959	-0.984871879291159	79.805460290258	5.20980721420282	1
X2922421	-4.01589184913455	-0.498268243923589	-3.64848653858202	7.46928943690989	1
X2922422	55.2778508406159	0.576086393515066	74.630375883562	0.365820248671552	1
X2922423	9.97047430894088	4.07022867429972	-5.47656702663611	-0.656562399101707	1
X2922424	17.7099056441476	-2.83045696885227	17.0812567253132	-7.44023958364242	1
X2922425	58.953864019789	4.13157808540449	68.3257253973997	4.47201181092666	1
X2922426	84.2521401881982	2.29815013598734	80.7995973563135	14.2728180047566	1
X2922427	42.9851933011106	1.10562609843046	31.0590988808056	6.1948204930561	1
X2922428	57.2747802732107	2.00014924240015	48.4285556818881	2.79510700131791	1
X2922429	67.693148435506	-1.33828469236419	63.5035399842246	6.32941393134218	1
X2922430	28.7999795829094	-2.96216935575003	15.7664942644759	8.02976024375204	1
X2922431	41.079792193532	1.95778726406559	8.48565725513977	14.2683106007736	1
X2922432	-109.33641325816	-1.60735237454525	-76.7751372328271	-9.8992314835253	1
X2922433	-50.0805655639786	-2.66389494485567	-35.0809969324495	-7.89632535447947	1
X2922434	-75.2935453758846	-0.207904965630169	-63.7710513985466	0.379636123554537	1
X2922435	-56.7348800570358	-0.574950881178136	-69.1228336627537	-1.1099886153989	1
X2922436	-19.9820305724699	2.32152338095784	12.4699112337244	0.277337859227429	1
X2922437	-8.50994795806839	2.42586471474153	-19.4709095456379	6.89724243472664	1
X2922438	47.8006448341776	1.95842771052259	34.3399752893371	1.68409065558649	1
X2922439	-19.6989584040961	-4.84051182390574	-3.37323822145516	-12.2350772058298	1
X2922440	-36.7522554292244	-0.821026309936236	-24.1479720482288	-0.969271586511479	1
X2922441	40.7157406619459	-0.477687642276625	25.9502082614637	-4.44999651710604	1
X2922442	-12.8611360863405	-2.80329487125892	-24.8890526512316	-4.10443068814578	1
X2922443	-18.6057580761227	2.21088187033666	-20.5226812249214	3.15528505567729	1
X2922444	-56.1004739910022	0.300773852822061	-39.1978535671158	4.99433872852779	1
X2922445	32.4745442534825	1.82802003090844	20.9760859207572	-6.11004651673567	1
X2922446	45.521069289071	3.614567506275	23.315555382953	0.864202218174124	1
X2922447	41.3596689849052	0.0785779639921078	30.8357467588669	5.02379407864697	1
X2922448	-50.7054774390528	0.600136003659505	-43.1827426628302	0.567395414053267	1
X2922449	-38.1419408476765	1.49668569845521	-28.6310895628817	-4.8089950680822	1
X2922450	60.9193575054856	-2.08708168547437	31.9822080261937	-1.23425775126105	1
X2922451	-39.863802202067	1.1303931944312	-26.4069563031454	-7.75029709574819	1
X2922452	-52.916137167187	-1.14332249856179	-54.7913827419533	3.42673189551894	1
X2922453	-72.8499517481652	-1.93086312044254	-45.740865504146	-9.22908121404441	1
X2922454	-5.77379450008849	0.531175789302613	-12.3800869097175	3.8816828484699	1
X2922455	6.23137103978726	-0.309249180204297	4.97105916806163	2.8018559540279	1
X2922456	-41.9399556408614	-1.96366013499217	-2.73891462242713	-9.13378780111929	1
X2922457	65.0850463708314	2.47729520650249	53.3536760635128	2.34200262528126	1
X2922458	-0.417913921700305	0.838786041012505	1.07553250788462	2.08335378616382	1
X2922459	-50.3994542352267	-2.28810550854938	-58.4537011752082	2.53039466027154	1
X2922460	-64.1576738609271	-2.00330099821444	-62.2826313902146	0.120451573431827	1
X2922461	-41.5683537427995	-4.1931624335749	-32.5564269168591	-5.00851212149858	1
X2922462	38.9905408441361	-0.25482028400671	28.9770226743757	1.86750031462561	1
X2922463	31.4457462574903	0.873493536153319	11.638412768778	6.83478011581236	1
X2922464	67.2790866917817	0.571488793392092	51.3750855155666	1.23264623637714	1
X2922465	-75.1723040118958	-1.29981112866355	-37.4451609925577	1.0067154502193	1
X2922466	16.1340446024083	1.16955655277574	41.7342465846143	3.48667938619056	1
X2922467	-23.6913507303154	0.491805384924283	-47.1970959056682	-0.666263617425427	1
X2922468	78.735338085265	-0.87060760727036	78.9634247747774	9.29542549629786	1
X2922469	-38.9104359411111	-5.25099437802586	-45.9963389289216	0.788865063286398	1
X2922470	-60.1695141567887	-0.731133749707706	-34.155609534815	-2.45149816410409	1
X2922471	25.9074691060385	-0.246165521700284	42.5518636678177	4.30333358334144	1
X2922472	-45.2971505683499	-3.14121626759796	-47.7331885880841	-4.3665352449703	1
X2922473	-69.4726521544874	-3.46695661878431	-39.7580787581037	-3.90163078655272	1
X2922474	-49.2807066197815	-2.2158092527484	-20.6403403557757	8.15580256783845	1
X2922475	-20.5931914201422	0.673849320613213	42.8862484339916	-3.29290721174528	1
X2922476	-7.24694996518212	-2.59275182721431	-35.7876086224312	-6.63513967618497	1
X2922477	-43.0366613249159	-4.92490178503158	-16.2983404543176	0.481691406231419	1
X2922478	-68.0592857492333	-1.65304555958083	-44.5004619408843	6.48940336532837	1
X2922479	-50.5055252633284	-3.73303785680826	-17.9931771285466	-3.26382969706892	1
X2922480	3.72395738703297	1.07069882367753	-3.96132049561646	4.58292733302864	1
X2922481	50.7540704934848	-0.925889824599702	60.1383100911722	0.327803342968428	1
X2922482	100.574957727564	3.45829734660385	103.67536668974	-1.13978529073944	1
X2922483	54.4711645162297	1.95651994205818	62.9865579083353	4.29119869662849	1
X2922484	29.9700299119794	2.02981503155658	11.4646900521919	3.26988750001849	1
X2922485	-25.0765841189751	-0.653578332517645	-0.575798512202976	0.465927160348988	1
X2922486	30.8653554442898	-0.334752780473816	-8.51307917973744	1.38996052395603	1
X2922487	29.1111087698388	0.207877048712212	-6.39601420190371	-3.90678568447991	1
X2922488	93.7978230406432	5.54980942158155	90.5979380984949	11.4603253950335	1
X2922489	26.1620635733259	0.143100559387312	33.6785343292486	7.51973524986158	1
X2922490	71.6594921219632	5.01465932780817	100.577969432484	-5.89915580592206	1
X2922491	70.5172172335963	4.15985598597442	58.8422686631996	4.15568499706216	1
X2922492	60.83139404317	2.79525622101309	70.8636593074414	0.823823769368217	1
X2922493	98.7189573653071	2.9084395889648	56.0988863164491	-4.57954632103179	1
X2922494	5.50869184364333	-1.35258046900947	-1.54315470619085	-2.29334461127037	1
X2922495	95.1486724084332	1.45184545577147	82.2830575966698	-0.697790960116938	1
X2922496	66.4909998703801	0.0168365683828318	92.8818712023104	1.9995417052189	1
X2922497	115.315520710005	3.09618348151181	107.303756663438	3.57028225059537	1
X2922498	29.3385973615411	-1.00968825925524	64.3596734551746	-4.24111430626368	1
X2922499	58.1124579180752	3.73289372218208	30.1656709730886	-4.7952076982441	1
X2922500	95.5576044403455	1.11014974974437	135.743979836249	6.72442906037242	1
X2922501	12.880087834818	-1.84320477861197	-15.8128269815891	-2.31314169669681	1
X2922502	74.9094339735062	3.82045430242813	72.7307216036987	2.9292120703318	1
X2922503	54.2613075979509	3.2255478260916	47.7034168345791	4.63133053337676	1
X2922504	39.1116204865908	1.38365789560815	12.2282010412514	1.80526914170088	1
X2922505	-34.0624393087328	-0.309462523355409	-31.4929709210009	1.98113273572039	1
X2922506	-40.2605308692615	-0.434908383634338	-81.0007097008861	-3.2923593867789	1
X2922507	-37.3479778051228	1.50816415711751	-0.975913785403203	-3.92902254054458	1
X2922508	-71.3061415506903	-5.25615197570433	-65.4996053912927	-1.24144514143446	1
X2922509	33.1075914167123	0.479138030837973	-56.5987431127692	-0.853268925120191	1
X2922510	-73.2977109158011	-2.0138864464734	-57.9258043490977	0.96813512583754	1
X2922511	-30.0556080040067	1.70313514862363	-37.3845088448718	8.93375816060393	1
X2922512	-76.9294276999218	-2.90044291953903	-110.713909996048	6.92946720123426	1
X2922513	-73.920874815815	-0.403942593313151	-91.946966294608	-1.6290855951317	1
X2922514	-30.2865251559752	2.15753417750954	-23.9457658460203	-5.31645522458142	1
X2922515	-113.509263777584	-1.87378043235142	-96.7424599157987	-1.75222613703848	1
X2922516	-53.3337064975267	-3.11472154402652	-41.6467903162974	-0.575630741668241	1
X2922517	-91.3001377703739	-1.44551576956251	-108.686395401161	2.91850353689516	1
X2922518	-99.5931488548307	-1.92848565157145	-82.4774049090368	-5.5761402565248	1
X2922519	-23.508470343723	0.370354646313468	8.03045783331524	-0.266544759315696	1
X2922520	-88.3984281400303	-4.25392327523379	-66.5523769237498	-1.08737630631392	1
X2922521	65.5583912154312	-0.991131321780609	28.7783764132665	9.944838215127	1
X2922522	-37.6431765114424	1.32963930972343	0.4994823094351	-1.24524320379474	1
X2922523	-48.1879872639963	-2.36714689381482	-89.8166908805715	12.9937447414856	1
X2922524	-8.85169959882452	3.09738418165442	12.3042944819985	5.5815491704997	1
X2922525	27.8689402281313	-1.92778235073063	3.99139460943179	-5.92029348250044	1
X2922526	-95.5091531171914	-0.576734050199391	-101.443948668077	7.47648621625736	1
X2922527	-11.5726485649819	3.16709454735067	17.4917553239896	0.622908630119192	1
X2922528	-43.4468327195779	0.345556214649236	-61.1576664961677	2.847891810406	1
X2922529	-68.7746996784033	3.5460709287378	-76.0129626275653	0.310912587163025	1
X2922530	-48.7835949622228	0.949927156679258	-56.8170634154712	9.88124274595497	1
X2922531	-27.2381518852682	-3.41197021090751	-29.5889071050319	-6.370300460278	1
X2922532	25.7527782752693	1.27271616689319	-3.36036792719578	13.1579537770898	1
X2922533	37.7386918910677	2.81431681023021	31.3205172693474	2.4855945675556	1
X2922534	-57.6819190379857	0.527958062805795	-72.3763728375357	-1.70064141497938	1
X2922535	-53.5594110194744	-0.914667567955803	-73.3892305911087	11.5455836249032	1
X2922536	-43.6393356124607	-2.52030636786697	-22.6457374563023	-11.182439722346	1
X2922537	-57.3759431178367	1.01684563885777	-65.1294146452015	7.44499089411413	1
X2922538	-60.284246133467	-0.375214329274108	-58.6258434966685	3.21470238042703	1
X2922539	-48.3488348233499	0.28089708929113	-13.3226368195938	2.44918342272976	1
X2922540	-4.19978091107395	0.270287063565995	30.7435393467161	0.903301529919186	1
X2922541	115.476727028549	3.62927367825973	111.865408214658	11.4414409510308	1
X2922542	68.7267560126758	2.59429709667099	33.2453189294745	6.56487086951167	1
X2922543	59.3049503720992	3.22070215410174	49.2463800475271	-2.37178113420752	1
X2922544	58.0291460409512	-2.62990945382597	41.8551476794804	0.0873759920423618	1
X2922545	81.8374452379685	2.17621832617437	91.7732384242614	-2.02248613680698	1
X2922546	-0.149894440133055	-1.78594757856992	20.6613162939852	0.383021424213225	1
X2922547	54.1847631440199	-1.90691679861559	41.2202781413286	-2.4934364603615	1
X2922548	45.4084211874385	2.81074078693317	19.8897010130921	5.63740658337361	1
X2922549	63.3088117836735	3.94286562819098	49.3887385067202	14.6341473005049	1
X2922550	27.5399660472272	-0.874701265614778	12.1550181000155	-1.49172101575686	1
X2922551	114.129066340391	2.8501413842531	81.9973014444966	1.8899288065005	1
X2922552	42.2684917984468	2.38345922228313	48.1164478451817	4.23754874025825	1
X2922553	74.6165229456644	2.43503072564833	74.2478056331356	14.7106990448529	1
X2922554	103.325671348077	2.71614263869358	87.584723316428	4.87821972468136	1
X2922555	-37.4432188439825	-0.515178415198792	17.0406316062976	3.51327008315031	1
X2922556	13.5729740343721	1.37535508416089	10.6211324619607	-2.2778186547496	1
X2922557	26.5228739666793	0.0453753048619752	30.2554174677173	-7.79281137721828	1
X2922558	-37.7486849459856	-2.90021581363789	-16.0599790091974	-11.3395206984891	1
X2922559	-88.4296032730582	-3.31853563570164	-49.4152511778825	-11.8635073097761	1
X2922560	-40.0359024623271	-3.01576140943331	-69.2482015468834	-1.27269300542909	1
X2922561	-2.51022369039632	-2.04995645816665	9.7897265360022	-5.8822596360015	1
X2922562	17.2083237276107	0.671976012142171	15.5146625836612	1.76120654499098	1
X2922563	19.1714515082055	-0.165466834099165	29.2824192321737	2.18959920511209	1
X2922564	5.41047551379721	-2.85334192511349	17.5323198133951	-12.8172067381674	1
X2922565	-1.85668330455107	-1.23633056470977	5.20757196856275	-9.69989887521538	1
X2922566	-76.118499361987	-3.90708187408566	-72.7728757276329	-13.3750626214905	1
X2922567	-31.0400714661158	-3.93091974997915	-18.441534579138	-1.53654908571376	1
X2922568	-95.230290740357	-0.731403200918656	-52.2980603902016	-6.81202853895054	1
X2922569	50.7604274461602	0.546267979958769	12.6461182044117	-5.37167157819246	1
X2922570	-50.6572813375944	-0.291682018318497	-14.6911986784105	-3.65796523548668	1
X2922571	-71.2423057809552	-3.38207261374079	-79.152787845936	-15.3657924767954	1
X2922572	-26.4792449457204	-3.16805196289966	-49.3948115016748	-15.7814465782593	1
X2922573	-47.9345285647148	-1.30136042909858	-87.688986421681	3.10439700711162	1
X2922574	-74.4579685533696	-3.33877074040245	-56.6522225460302	-15.3971053202919	1
X2922575	2.01523559882747	-1.96120120223519	-6.00190075556853	-2.25928855760267	1
X2922576	-15.866798141873	-5.20810613147622	12.5857314240125	-8.34466740887702	1
X2922577	12.9996514684742	0.158971839482475	26.7284498661213	-2.61153730005529	1
X2922578	1.51803026012607	-5.69188861961507	15.9327557171837	9.76340402878937	1
X2922579	95.8359245640785	3.85226997944588	125.993255998992	2.17743950792642	1
X2922580	46.1287991379404	-2.08823701990385	48.6944191091111	6.32386836432587	1
X2922581	79.4591851929055	2.17371513538828	72.7773913839937	0.110744233194073	1
X2922582	-6.17754887112758	-0.819694114625157	17.4194367138378	-5.42322524983913	1
X2922583	-10.5282872640822	1.83940099589321	42.9382410614213	-2.10321384540864	1
X2922584	19.0684256194988	1.3225004837552	7.51382008983561	0.788401582094695	1
X2922585	80.2517593795106	2.36497458842639	58.7207076375913	5.25736316433259	1
X2922586	63.5921446309926	0.919026180256931	39.4862884270153	1.56363921370279	1
X2922587	46.3154781706182	0.0285103649037526	81.0642372164776	-0.0323501343029498	1
X2922588	-1.93539485465441	-2.76427695583067	11.4468665295901	3.18583155616093	1
X2922589	109.778426517256	0.216465790861809	73.313645001738	-4.8502817632791	1
X2922590	62.5747774157915	0.792113868823471	51.9956199219241	0.260916880815443	1
X2922591	61.3105361427078	-1.02990410585142	60.7380072439992	5.02126090627635	1
X2922592	39.2557226904999	3.45432524892143	24.2847440545686	4.38124155076065	1
X2922593	82.4814540624326	0.63851674204256	116.320490423644	-1.82992158978391	1
X2922594	62.1135819500175	-0.119493036031263	37.9863587840369	-0.192510393313615	1
X2922595	-41.3349423602014	-1.47770415440934	-33.5314708035813	0.444046781739963	1
X2922596	28.3524972984761	-1.43429677462111	1.44006607849711	-10.2691915466092	1
X2922597	3.77660704650221	-4.84119495952412	-30.8081777081456	7.25062908583603	1
X2922598	34.2042868499906	0.722737766878199	26.7834968179266	-0.563825875480549	1
X2922599	11.4900996586672	-0.114930833445247	11.3120142300551	7.04045584815376	1
X2922600	-54.4774672922915	-0.344743839780341	-26.997359955628	-3.81118645968355	1
X2922601	17.2862491215844	4.08467721343152	24.2440558441285	7.33194395615745	1
X2922602	19.0963901702816	1.10612895044492	37.4686845977245	-1.10631186810461	1
X2922603	14.1538654690064	3.96719419573349	31.233579109669	3.9179377901557	1
X2922604	39.7981677540932	1.71682053572378	-0.398627851327065	4.12279021789549	1
X2922605	-77.9148009649188	5.12374438597893	-70.7057399775469	2.47008976046478	1
X2922606	31.2086793337163	3.11170341379221	3.52355468673754	-2.17823313149281	1
X2922607	-69.1932019879227	0.471196045409257	-62.6475797726528	5.13144542646895	1
X2922608	-56.5797610807227	0.630552852997661	-50.4427578571802	-5.1632227598083	1
X2922609	-56.9988700913127	0.363204140815229	-20.5213353927203	-3.77490702190975	1
X2922610	-24.6693557713592	-0.320528585852811	-45.0722395501386	3.14023127678348	1
X2922611	-37.7796379992205	-1.78871428374584	-46.0857671576559	-1.91271936456735	1
X2922612	-69.6781464249998	-3.14556051189156	-50.1230970124452	4.65031626697244	1
X2922613	34.6572969725307	-1.59371932589204	21.4783805745652	0.200698454656031	1
X2922614	-26.612917898085	-4.11379484492193	-49.0014958650254	-6.34819170714052	1
X2922615	9.89758951280166	1.74063463778641	24.4740175268686	-0.257438087234259	1
X2922616	-16.8191446567857	1.83154351980303	-11.4723118143072	-3.40056313185059	1
X2922617	-13.2965687762373	2.97488226531534	17.4277406150316	8.45594541275591	1
X2922618	12.7771974701532	1.50106736207298	-21.159057532822	8.89199056110565	1
X2922619	16.3099674854471	0.178857030998804	-10.8376865723619	0.512101629425886	1
X2922620	-92.6259764153841	2.84590985824156	-53.6637880406247	6.50794420210906	1
X2922621	41.9485728214732	3.76821970078888	5.57781247887342	5.69289346630546	1
X2922622	-10.4634367852692	-1.60345785908958	20.2966482523855	-7.10547796432385	1
X2922623	-73.880118107955	1.00271154175643	-77.3980650820777	1.8521905486734	1
X2922624	-48.3015266406105	-1.5022212400767	-39.8170073300049	-5.30262836816257	1
X2922625	-42.59229795319	0.260530326802854	-57.4334284830858	-4.88876757923576	1
X2922626	-67.8765885521624	-1.26524186230351	-41.8108809010619	-6.12181866661189	1
X2922627	-57.4433914180767	-1.62553774316694	-52.1143509603202	-2.28543153614202	1
X2922628	-4.83309247644141	2.38037632164909	-8.08711298556004	5.50811763418496	1
X2922629	11.0066031120466	1.83282059157792	-20.4560953182856	0.968926134723075	1
X2922630	-49.4258505811483	-0.0855837200241524	-21.67198076308	0.187551453144432	1
X2922631	-5.21559992690988	-4.22162669728072	0.0477001233314045	-1.61275932998677	1
X2922632	104.80530455925	1.94898371399518	113.716439301142	0.354622545082307	1
X2922633	21.2720052816217	1.72979160619731	25.4347174643963	2.58509236308487	1
X2922634	45.5406866713836	0.739562821317454	61.3702096363036	-5.60820324172111	1
X2922635	59.4399665914513	2.24842373560578	80.3116713849398	-4.45920071735566	1
X2922636	36.0964999084665	1.61236041783685	-6.2028673490197	5.40420752109134	1
X2922637	-0.211630230374958	0.168690436647287	0.0328505710851488	-9.55257133181214	1
X2922638	114.979800996084	1.44621519732462	97.7643121086571	9.51175562089702	1
X2922639	44.8003018704675	1.86376562179714	31.9319880345694	-0.698952657303919	1
X2922640	83.9052292243135	1.7742661123356	64.0658962558856	6.48343816675512	1
X2922641	29.17348493619	-1.19237249980109	53.8013600948163	-6.34006800406016	1
X2922642	66.6312033610211	-0.138786540941798	102.178100984887	-6.82735539461067	1
X2922643	38.0665822425611	0.827301185370256	20.3811722750824	-9.87039257721386	1
X2922644	34.4805264415247	-2.45757245014564	32.6717611241838	-3.94983202959286	1
X2922645	36.2530942211414	-1.28785652694736	59.3140456866831	-3.6897478408584	1
X2922646	-17.544090756521	-0.0687128393569222	11.3736300876187	-1.36400932969988	1
X2922647	21.3591910215365	-0.278713254865833	56.0374735584348	-1.00955477359403	1
X2922648	52.5580692902506	2.91598769356895	45.4747584359302	-5.86734901076782	1
X2922649	18.9649426902674	1.62665578160987	4.1730204025093	1.98631558800717	1
X2922650	64.0769147928282	-1.76193151673567	25.6876586022834	0.310680454472521	1
X2922651	-41.2605229548074	-4.27114595879095	-29.541546116532	-5.22542390894552	1
X2922652	-36.7101692696574	-4.82677231981818	-42.6645006945664	-1.88715732511953	1
X2922653	-89.1035391900013	-0.496425815482431	-56.2960228379667	-3.92746958911963	1
X2922654	-63.9086229126035	1.90111180175293	-64.3198435292973	7.86217270082117	1
X2922655	-3.57424342212394	-4.31874937523749	8.93358225314111	-8.15291390577862	1
X2922656	20.7526427583284	0.459773339122484	4.05516435662387	-2.06139499385535	1
X2922657	-52.5088775598649	-4.14109316353466	-84.4122389461738	-8.64844422285362	1
X2922658	-29.1118402600754	-0.433035725228692	-52.1390212416903	-0.295010004846271	1
X2922659	30.5326373392846	-0.596280723202067	16.4925157636198	2.54479318967442	1
X2922660	64.8384954851879	1.66940636394504	3.05069738756954	-2.58208546986266	1
X2922661	-57.9772144768945	-3.15966939164636	-39.6747829064672	1.52942914219652	1
X2922662	1.85225495771639	-1.01555031721758	8.70131158849826	1.62829909500886	1
X2922663	-42.431017499234	-1.62017575562761	-15.4218719659632	0.284628163635903	1
X2922664	25.0744473056339	-0.251246205112279	-3.15985318643318	-0.663145275126837	1
X2922665	-42.6612408786057	-3.76100927115621	-32.3489345844531	-4.44182733170649	1
X2922666	-44.8607766255312	-0.834931240800954	-50.1973393722236	-6.46965820674482	1
X2922667	-8.76257794988458	-0.328419623230855	-16.8943672764153	1.19505027625778	1
X2922668	-11.9442231228404	-4.87322187990037	0.415201598802089	0.924613216560053	1
X2922669	22.4320966331666	-0.542530564247165	35.8268202747218	4.58755986454207	1
X2922670	-26.2457305827119	-1.81312740617577	-25.1634149504652	5.88184305482105	1
X2922671	-36.7016186962877	-1.76416014521476	14.6342149467637	-8.58830466720428	1
X2922672	-62.207186800544	-2.75227405410826	-35.9608783751758	-6.20932213789536	1
X2922673	-76.4673441479892	-2.79547759230746	-114.810771195083	-2.80098032687535	1
X2922674	-43.8721615636816	-2.64725479976644	-49.3501933925075	-6.43456212569828	1
X2922675	-91.8307893434723	-3.53917029676602	-36.9815301807171	0.334749092853668	1
X2922676	-110.615013189148	-4.02352433226862	-92.3334442780277	-6.66853673432007	1
X2922677	-67.1734116407835	-4.6982669955682	-84.9365417688102	2.16618964484454	1
X2922678	-71.607152164749	-3.75599174732868	-73.7297626239674	2.44709460872888	1
X2922679	-67.9849084247815	-3.71057226271742	1.80581491948551	-6.21676012660359	1
X2922680	-64.6909415940767	-1.10584113999206	-77.177681166138	-9.4357054894421	1
X2922681	-6.73835571758634	-0.7793123326296	-2.71845941968278	-0.223808962382967	1
X2922682	-18.6138745035359	-0.861437341398804	-0.682780318889372	1.31973762077988	1
X2922683	-71.3063607972133	-0.139330046404803	-49.7700874371605	1.01893881415417	1
X2922684	-70.5947168759813	-3.042401957956	-52.9353316106376	-6.85492299951068	1
X2922685	31.7589934830206	-0.446971980351768	16.3512628067687	-2.24903151864648	1
X2922686	-42.0011507596281	0.526144640492976	-56.1085749554325	5.67069140506415	1
X2922687	-47.764217164006	-4.15602930513806	-36.6852046730193	-5.49084596076714	1
X2922688	-2.30635060119398	-1.62871658015714	14.5453586270194	-9.49290342749106	1
X2922689	-26.6831742517978	-1.12260539913046	-24.6025341865944	-4.29080973059091	1
X2922690	-55.3043302442988	-5.11725955026978	-52.7626302844206	5.41755810199044	1
X2922691	-34.2054848402064	-3.77835622151721	-46.3204355159189	7.17748325368555	1
X2922692	44.7435964790413	-0.0631381591721667	34.9884962624364	10.8991549808286	1
X2922693	2.54494459750146	0.456819882377619	23.5755823295628	-0.995265212357715	1
X2922694	-1.15500473136728	-3.83101408949182	20.9864443480683	5.37484642407407	1
X2922695	47.6027229461648	0.462587448829055	-11.8095883291535	3.71793056361968	1
X2922696	-50.8300386503729	-3.2499712514632	-85.0157191512586	4.52636338994947	1
X2922697	-22.6831323449568	0.484037307407802	-19.7712596011839	0.974300289996455	1
X2922698	41.4819109720506	2.04755883383248	35.14941540592	2.71111943489054	1
X2922699	-43.9726261349967	1.76676573222346	-76.7430190387523	9.46451053431062	1
X2922700	53.0316453684771	1.50105945942141	97.7810080954973	-3.7700580240577	1
X2922701	12.3121459129566	-1.32458042178717	4.59640035201251	-0.513452600053522	1
X2922702	6.53968370514519	3.64072586926767	-47.1718724557419	-2.69300790296705	1
X2922703	45.9600261929766	2.52076904626273	25.3707173888377	-2.98419667415601	1
X2922704	35.2555868607616	0.820103959154529	44.4647901303869	0.138864044979037	1
X2922705	-45.1615344531297	-2.96650497675963	-14.2561959646156	-3.10711577817828	1
X2922706	49.5134013543337	1.93069626859905	72.3687855733396	5.02645850618562	1
X2922707	60.5897128229154	0.380717199470073	100.613301954875	-10.2152798162674	1
X2922708	-24.4392102428278	-0.240188133076766	-9.94684340197688	-1.79242665732164	1
X2922709	56.0307455450562	0.0949414522934735	116.279654580215	-7.08090430816547	1
X2922710	28.4482070784143	-3.16712951639939	3.63315578770409	-4.52286758198986	1
X2922711	111.885856802093	3.49007090348172	70.0169944811918	7.9048722720062	1
X2922712	51.0269511791862	2.73963327833797	62.2617462526333	3.42061142938495	1
X2922713	-31.586436069823	2.02707172876223	-5.0773159468225	-1.22401873266088	1
X2922714	29.7725725666572	-1.84296951757141	60.2492379975966	-2.27278076667714	1
X2922715	10.7739267463153	0.421060758580177	-8.45690340054399	0.474781369470593	1
X2922716	18.9301545355263	0.34327983602193	25.7184363520818	2.47025536012531	1
X2922717	75.2573291410055	2.61249381781489	86.5218891467073	-2.02882163384751	1
X2922718	47.7052611695013	2.86840392006374	12.4893853640019	10.7683935048132	1
X2922719	10.7891515579415	0.717946133099081	-11.4075959177573	1.82108724467665	1
X2922720	-12.371156101529	-0.777097534240877	-16.2193031940952	-1.36446653087954	1
X2922721	129.781480899825	0.383245736361883	127.62111134086	0.352447636982573	1
X2922722	40.7459817091334	0.49933328513869	49.902964772974	1.66060258255816	1
X2922723	97.6573018847762	3.14465292349191	85.0595496341108	12.5256184003466	1
X2922724	70.7735058310208	1.39415514395582	29.1330552990414	8.40345252780612	1
X2922725	26.5272281249118	1.66018046592145	25.5336292621899	6.54908157896817	1
X2922726	-9.27734812165416	1.53781628987335	-22.9171712470682	9.49474427303475	1
X2922727	42.7100960243566	3.83930363954486	53.199460673073	10.9327742053578	1
X2922728	27.8627127435145	3.80754579398013	-8.69914558088117	11.7197318600712	1
X2922729	10.7210647278553	-0.0215904715052378	41.0558321165906	7.48900777957155	1
X2922730	-4.74867739668811	-1.57114915093139	17.5753052362474	8.84322580166799	1
X2922731	50.3141206944406	4.30301870438464	36.0815358867201	14.8384507923475	1
X2922732	24.9051900225825	0.565638249793732	5.17357482081589	3.46152964994677	1
X2922733	8.47151290273573	0.924402848385408	20.3987530201434	4.75899584099144	1
X2922734	48.229609584167	-1.43768794523285	7.06947652798132	1.79676797479183	1
X2922735	18.9878830608225	3.94847357759144	14.5483649352754	0.369672499654645	1
X2922736	58.8448843715406	2.99281604162141	28.7779361290694	14.1642692080305	1
X2922737	88.0028789339017	1.32739856175089	42.2479996354802	-3.00530139189205	1
X2922738	-71.132424735573	0.23770508620057	-56.8250444768085	-3.35104551519529	1
X2922739	-74.0416586511329	-0.725698146248426	-33.1254044792323	-4.4341344444906	1
X2922740	-37.6247969493997	-1.46921637842648	-34.2704176989393	-0.00480553401087969	1
X2922741	-88.1314073647363	1.49895060778322	-68.9193506176021	1.32200896331202	1
X2922742	-2.12850803724322	2.5621876579974	-29.2451676754776	8.12055773316556	1
X2922743	23.9690643393874	0.216791136055696	-7.07621398473268	-2.73273438964673	1
X2922744	-56.2446357586919	-0.489178978712249	-6.61727164845021	-7.74467464364314	1
X2922745	-28.0067763512786	1.40714112914552	-32.5201711247444	-16.0164592920352	1
X2922746	-43.2004645568621	-0.54714244900341	-42.1714486331467	-7.20917066130407	1
X2922747	-73.9157941487655	-0.400597085788072	-51.08654412522	-13.1017334009565	1
X2922748	-58.9151546365356	-0.704838606007583	-63.2295194208807	6.00728440622375	1
X2922749	4.07121002479666	1.03865852382763	8.03838018186235	-5.53006972223313	1
X2922750	-17.5721164408364	0.2347256559105	-51.2794048355112	-12.0270215651671	1
X2922751	-29.2877942515795	-0.423818052294978	-45.0160052023544	2.28802496006499	1
X2922752	-43.71568426038	-0.619659130608193	-28.6432650758017	-4.39546026058602	1
X2922753	-48.0779646138864	2.05926332761336	-40.6629499487557	5.95158393420872	1
X2922754	38.84554652972	1.77759890748902	43.9296605027804	4.00409811496852	1
X2922755	-16.8224365326987	0.266264395917819	-22.8053884093987	-1.32358602357192	1
X2922756	4.58564444794928	0.666908219488663	-7.50644265975908	-1.39851428446603	1
X2922757	15.215909848031	0.127186586458261	39.9374253426917	8.33729597776449	1
X2922758	7.38386146413392	0.817623802034562	28.2439553834817	-4.47326460505151	1
X2922759	46.0526287046336	-0.324359590840173	40.4244185484581	-1.55511155888858	1
X2922760	15.2079418172168	1.17234204579033	-0.212814831013244	13.2869981762162	1
X2922761	-13.9267032114357	0.670018551286864	24.3356672160219	4.1850127891614	1
X2922762	10.9775983124347	-1.35131859377658	59.5418369226118	1.55764928513928	1
X2922763	44.690772071263	-1.47809579839393	28.9984705781552	0.918281552748674	1
X2922764	57.1132436517388	-1.60509188818331	24.6365927613025	-3.43231022087999	1
X2922765	64.6295325455992	2.61277254522165	32.6457949560203	-10.1203104561026	1
X2922766	65.2513035289134	1.93722638775214	50.1052406105871	-1.05544186914189	1
X2922767	26.0963094378156	-1.50748536321443	2.42781458449712	3.91691944262934	1
X2922768	23.162265919621	1.98947917704325	21.9632528600836	6.37386273230836	1
X2922769	13.2986044825142	1.89039223914418	23.0872583729546	-2.77664504414855	1
X2922770	12.2521296925878	1.62427628125091	-32.2719085073563	-1.61653310360072	1
X2922771	9.6659252647504	1.96854182476222	38.0172033123527	-6.98370125877162	1
X2922772	53.0328803713568	-0.981598894709195	56.3189784560945	-2.51977863780468	1
X2922773	-14.8084541925552	-1.55218456921066	-21.8275301652409	-9.68670718197304	1
X2922774	13.5306935740745	-0.0503601794727111	38.7725627097202	-2.98045669298867	1
X2922775	26.1147218330279	0.0199328606731617	5.37123025520725	-3.60421569212218	1
X2922776	59.9239288165018	-0.142503688196495	40.9653927379719	3.75312285237716	1
X2922777	42.5080914307568	0.858021051732554	60.892571559725	-1.80825537417071	1
X2922778	79.4120514971434	2.22461786782015	63.8127570584028	5.15844845782458	1
X2922779	53.4014740638168	-1.45717984706942	44.6386670994889	-3.55683900246236	1
X2922780	6.18015693689789	-3.82943271648525	-17.2285205666076	0.312902187592334	1
X2922781	56.8341157406118	-1.95719437484788	59.6165900885264	7.84052393547	1
X2922782	-18.4361837184458	1.63299017644434	9.9054393283218	2.07260674387373	1
X2922783	-43.1862105250528	-5.49163789806966	0.430747495745955	-4.3390666370847	1
X2922784	-76.7653466273908	-4.51403917694037	-74.0229228902151	5.08885712382919	1
X2922785	-61.737880498421	-2.90442555310659	-54.8538273693164	-3.62997404236051	1
X2922786	-91.8535153943788	2.14053302470561	-75.4943481831937	3.70248107242324	1
X2922787	-71.7246411339053	-3.54609121151451	-89.8374109634063	-8.41338041029478	1
X2922788	-55.6406847608592	-2.13763895839616	-54.3925322906757	-4.80317430519749	1
X2922789	2.52301059826974	0.193763465852634	9.44768612298473	4.66169635325666	1
X2922790	-73.3585683421034	-0.898341126065262	-14.7275325029917	-7.93346105127419	1
X2922791	-74.7031112391434	-3.42070998412983	-68.0422722655123	-1.11085497878525	1
X2922792	-27.2820515555641	-2.42258189852403	-48.1531079118983	-3.48099971615353	1
X2922793	-32.6109379426239	-2.41075424894919	-31.9722006934941	3.17991800903335	1
X2922794	-45.7446609887182	-2.44669418071257	-41.0472034736324	-14.5374587560797	1
X2922795	-17.3129759496734	-1.8012193836191	-23.9523641632479	5.12885874015692	1
X2922796	-48.7624607014918	-3.70909751875168	-39.534469570251	0.938897753524205	1
X2922797	21.198770333808	1.60804122815367	23.6589635283119	4.48313253751447	1
X2922798	62.6692736443977	2.21990829562097	67.6026459419981	2.16858757978063	1
X2922799	70.145907310287	3.16465407013767	47.267628696193	3.0130247145449	1
X2922800	65.7602418999746	2.97103340050824	63.7347613471689	6.94418112165543	1
X2922801	46.5710753365948	4.5446031344131	72.734027784384	5.70160537522237	1
X2922802	28.3503103558514	1.14724768118001	21.8680687472041	1.54885343085128	1
X2922803	45.0565825843035	3.45372440503907	40.5232615946597	0.71069944040662	1
X2922804	34.6760182623939	2.19345162025529	39.8378880104786	6.36182139208086	1
X2922805	74.0078618662942	3.13237504809761	56.1087016031562	-0.983171608000121	1
X2922806	3.32243131378781	0.630165603568041	-19.8093368846364	2.7416919202929	1
X2922807	94.596930842532	2.14444543530835	22.9092551431315	-0.0235737845172435	1
X2922808	36.9760646833955	-0.249245910691315	60.1880715523293	-5.89274037075092	1
X2922809	-8.78218305559906	-1.35845774687191	8.94387221310104	-5.26824650643265	1
X2922810	6.05049249049336	2.04553983257413	-1.12145000216849	1.83729641276696	1
X2922811	118.829518220793	1.05252476248692	129.862858586235	-4.32970591324413	1
X2922812	18.0898009713959	-0.0569634589513764	29.8938263767634	-3.45219152043548	1
X2922813	71.7055495670076	3.67758512098815	65.8258880649781	-1.16029496400886	1
X2922814	-81.3488547818247	1.02400991990729	-49.7370967749417	1.39451916389134	1
X2922815	-8.40129480236515	-1.0215418698775	-1.40875977685811	9.07164245834227	1
X2922816	-27.8728933559942	-1.56968378130694	-58.7890776969186	6.22039287416679	1
X2922817	0.507302810238372	1.94626072465259	19.4892214339302	0.779304179475276	1
X2922818	-82.1798853016381	-3.43186353619564	-55.361142093647	-3.35255601729992	1
X2922819	-15.0227132022184	0.759550533740144	6.34614023446617	3.37103183130411	1
X2922820	-40.9621494233548	-0.367901938402668	-69.0873523842073	-2.74975475025778	1
X2922821	-86.1806554269187	-4.24468471540296	-78.5171142271584	-3.31997939253099	1
X2922822	-56.9472056189406	-1.23310071410088	-90.3409766662533	0.00524918206007818	1
X2922823	46.3698479196392	2.41718194129414	34.5667808697332	1.04333780434333	1
X2922824	-16.8907596263092	-1.52871831633772	-24.0727490482864	-3.46283278159022	1
X2922825	4.17407458646709	3.86847549015302	-2.76053301067604	9.48167014094199	1
X2922826	-11.6716175700817	-2.47236454937263	-43.6329232630925	-1.42784553118445	1
X2922827	17.5891387977823	4.49985806700668	15.4297065413485	6.73588052388177	1
X2922828	-9.41766043721052	-1.18233208102774	40.8516054696945	-8.82890605363697	1
X2922829	6.26826558506799	2.27870025137929	23.2353709586483	1.11080753217058	1
X2922830	-66.8892761955825	3.40074650343075	-92.2421555208884	-0.332884505586666	1
X2922831	-9.59267183983935	2.67877851060327	-5.4648161505536	-2.32459548960078	1
X2922832	-86.6472623317904	3.20031597963388	-48.3218833005633	3.11814344104132	1
X2922833	-31.73382224182	3.23954829655884	-24.7127349215275	0.653617935676751	1
X2922834	-45.4685314197189	0.903670160072376	-48.052013763011	-5.59958368605489	1
X2922835	18.6181506830596	4.24782676760641	22.7748160585143	3.85490588012959	1
X2922836	6.27275685948463	1.3902053990328	14.8291220217624	5.86135111858903	1
X2922837	-45.7887243956593	0.605978384817303	-71.3618160469336	8.70993981345233	1
X2922838	-72.9322536871309	0.128639950664483	-70.7594594860332	1.09670217817494	1
X2922839	37.8247756887144	1.79688327058301	34.7538008605397	-1.09271958036533	1
X2922840	44.0572622457079	0.0486594227089964	25.1922169225513	1.87829673182736	1
X2922841	-51.8534913241036	-4.69904563469234	-41.1170753693161	-4.81417081895281	1
X2922842	-36.4211699781701	-5.16077747600579	-42.6758428050242	1.97191296181859	1
X2922843	5.72601157843564	-0.701142574090161	8.38864552918462	-1.82790184018027	1
X2922844	-96.7028173914207	-4.73934808467022	-44.5586515203793	-3.18273676970978	1
X2922845	-32.1716846123795	-3.24400543474683	-6.75021634218984	-4.48708638739808	1
X2922846	6.66879619277832	0.247231234873476	2.47384038629006	8.21328639246448	1
X2922847	-40.2376103315556	-4.9751446643495	-19.5536368929779	-8.59053038757338	1
X2922848	60.1880636609608	2.26602954041009	85.3512318591485	-0.413262348633161	1
X2922849	72.6236171332507	2.80755311709595	41.7510687566637	5.95513985014295	1
X2922850	40.478406740344	4.19048902928094	51.600190130594	11.0467098775836	1
X2922851	13.6998961846263	-2.0033084706867	31.5250020537991	-10.277415509095	1
X2922852	88.0226239848597	3.58272778319918	100.584761977005	-8.83845847109058	1
X2922853	38.2277049049698	2.50005035674847	24.8247634347248	8.24734976512776	1
X2922854	-10.4310901478988	0.288739862510802	-30.7784638493644	-4.06395731659738	1
X2922855	39.8512517180994	-0.349810370857833	35.0100230101978	-5.38031576529138	1
X2922856	78.2997091993879	2.17485713416238	81.6098166278231	-1.21532615154563	1
X2922857	12.482023348605	0.30048537940136	32.5389614823904	2.71519268349731	1
X2922858	-90.4744049425888	-1.67515417546357	-119.434806357264	3.80132582067973	1
X2922859	-58.667340380408	-0.880942927075309	-67.2140912231804	-2.63022348799502	1
X2922860	26.5502415201693	-0.130941221078184	1.7698724896612	2.3332431888026	1
X2922861	-97.6096899208792	-4.55129398442774	-76.9557366387292	-1.21010732060586	1
X2922862	2.66639934712003	-4.38081933347942	-24.5479770097911	3.41201887972833	1
X2922863	-54.6048546485489	-0.603118470544403	-24.9749528174496	6.47641601354874	1
X2922864	26.8071070647064	-0.105875713090711	8.20396015301725	1.86889036898345	1
X2922865	-56.3322336730377	-3.71909525567323	-39.9131619938405	-8.23518722189006	1
X2922866	23.2497347020833	-0.677697374903704	38.9754717976891	-3.68542603947324	1
X2922867	-4.43559037366545	-4.74362678384524	-8.10544993434953	-2.00807944108693	1
X2922868	-36.2513111988631	-4.66300182055397	-33.6528984103345	4.57389047183129	1
X2922869	-8.52940051794166	-0.933485585118246	-12.0934399481815	0.200734067645765	1
X2922870	-33.3472915065711	-4.53412211920124	-9.003330439182	-10.488509454781	1
X2922871	-0.509514895798475	-3.25173453936821	-35.1584502421465	-5.06706609320548	1
X2922872	-60.0319676313355	-2.40384013721546	-59.1069189585114	6.84249368884412	1
X2922873	-51.2556795579764	-3.15434222533121	-77.7880732665817	-5.72637719066504	1
X2922874	27.2312026547248	0.280630596744498	28.0727340009359	4.88637296348372	1
X2922875	27.6333973228916	3.06768087357015	-20.0786611892338	17.3422770373409	1
X2922876	-27.6435376075412	-0.0198908027353005	-38.4564769585904	2.40556273732114	1
X2922877	-56.2222910363187	-0.535023556119955	-32.2729538513737	3.84327488883017	1
X2922878	-2.16940543730035	2.75902204180923	3.33739057708482	5.91270860552502	1
X2922879	-47.6853547996947	0.167495843905695	-42.491318174902	8.8999108663262	1
X2922880	32.4688085794578	1.42746723464716	47.2858601326308	0.0354388616068908	1
X2922881	-19.9235695927904	1.41752228523895	-38.4251116289269	4.34078723380189	1
X2922882	15.4931744646726	1.09356840934779	-2.39046500679575	3.25455332838063	1
X2922883	-64.0037281316677	2.38702802862397	-48.9958331976721	11.6369094542032	1
X2922884	49.1462944755542	1.06092347108833	37.9446004280937	1.01617161813709	1
X2922885	41.4889239683603	3.34044329075079	61.4803992575293	9.46910966904602	1
X2922886	20.0587442951199	-0.458920741318981	-0.0483161668029926	3.55118768731878	1
X2922887	20.7109148719836	-0.734963925571622	19.2198704014157	2.21576544217578	1
X2922888	41.247708793818	2.43907168378494	43.0682007516182	-5.40811327666951	1
X2922889	31.5691580294284	1.07347004714153	32.6986283446276	-2.49724439150381	1
X2922890	0.287173532227651	1.06306159786249	-8.76507110724405	10.2923822066237	1
X2922891	-41.5507283426094	-0.254409627919444	0.146045123346045	-1.68898969030704	1
X2922892	51.9583491887488	1.42602711128639	72.5999040836339	8.86023675244446	1
X2922893	-57.6447022185033	-3.35251163214038	-46.6514954685689	-7.4775557978311	1
X2922894	-81.8414979637411	0.288269087742393	-71.5437826389061	0.0811993530975423	1
X2922895	-69.5310036908769	-3.49112237631003	-78.8953948103879	-1.27987255053209	1
X2922896	-79.9145818673286	-4.5013050990459	-101.589747275309	-2.42045742208069	1
X2922897	9.29272326448773	3.33637310642858	19.8822056666099	-5.43004541600461	1
X2922898	-38.3062018846005	-2.78613546594848	-47.664650490737	7.8274915318373	1
X2922899	2.54002004728393	-0.064882731406001	5.43460498054875	-0.147937948336312	1
X2922900	-49.3555356308028	2.62757864256956	-55.7368099201557	-5.133786320365	1
X2922901	-28.577172593048	1.97268137336319	-28.5974304987853	2.29657757895517	1
X2922902	-73.3078643693304	1.47483819014621	-66.8380261924378	-0.443794281291648	1
X2922903	-33.7468122009885	0.0687689386903125	-28.8514682053074	1.31991584096782	1
X2922904	-7.66479483190385	-1.15497442784567	-9.59058675686141	-2.51011549321715	1
X2922905	-49.381215872675	3.82657193835948	-79.274430196592	0.0652237609939652	1
X2922906	-55.273317220389	3.64266921024173	-30.2852739268628	-0.222964427614496	1
X2922907	-52.5813424829751	0.275526708885919	12.5745169615761	-4.9352215982178	1
X2922908	-48.2723509791626	-0.053599482895005	-44.284849264978	-8.37503985784481	1
X2922909	-52.2640113570086	2.70499466575567	-49.5228808360364	4.24312529628207	1
X2922910	-2.88480001818763	-3.52434704606665	-15.9607816597804	-7.04906128889342	1
X2922911	8.58085020723981	0.385732907933014	11.5413723434215	1.57647124020068	1
X2922912	43.115036350999	-0.676763746640549	0.918386759848939	1.85436004347381	1
X2922913	-55.4195074335965	-2.72731375982765	-54.5056605558942	4.95867105272951	1
X2922914	27.8161005378261	2.61972535285612	40.1927289884307	-3.17515020940681	1
X2922915	6.17747008619989	3.38800495178301	2.5350645146177	2.08078101431612	1
X2922916	-54.4337553743217	-0.904652767131356	-57.4883545384956	-2.9609795847533	1
X2922917	-41.8598652226698	-3.84825722878187	-44.0192209837818	5.57411054963702	1
X2922918	-76.0130555832302	-2.39657810615581	-37.2750299019308	6.70956993499933	1
X2922919	39.7827870099648	3.28855894746524	30.0513469169944	-5.14303927339041	1
X2922920	-35.0725316854381	-3.47019952572368	4.56378784728052	-9.08385585009601	1
X2922921	-66.3790009859179	-1.63527613847071	-70.013516518609	8.04744952216917	1
X2922922	42.1345563417273	0.927011121563144	23.386682726404	2.23025875298749	1
X2922923	-69.5391634664664	0.90877919608808	-56.4151614499917	6.11823640640979	1
X2922924	-9.28219881811487	-3.58031662130731	-16.6280945507472	-2.45859218031904	1
X2922925	-47.1173182872183	2.76150054929901	-72.0776554995027	-1.91531903736078	1
X2922926	-90.0735732638259	-1.51139344545108	-86.7805162308256	-2.70334628148018	1
X2922927	-18.6438642928356	1.43512223507189	13.1901950340556	2.62971360660081	1
X2922928	38.2326339415285	0.762320474240041	45.4581024527653	-4.62526912995992	1
X2922929	39.2842735958002	-1.84210316218869	22.4373433283179	2.24330204334675	1
X2922930	8.02626741758028	-0.852548693884399	28.0699836015923	-4.38058296910386	1
X2922931	23.0240316175708	1.17328619310217	12.9727845266265	0.235958878198577	1
X2922932	92.9582838848325	1.48163212203131	82.0923904078333	0.791071074497173	1
X2922933	-35.6812467943086	-1.80357626439653	-24.302864883605	-1.08489081956429	1
X2922934	-42.3036088837837	-1.57179744151925	-52.2545417059063	5.08794958531207	1
X2922935	23.6832347511074	2.68572303645276	5.20790287395307	-0.577454515127193	1
X2922936	-40.4420914982825	-3.47416362414318	-38.1481167490078	0.105919660266706	1
X2922937	14.2889677777548	1.19953055072203	3.99915049217568	2.30574225354524	1
X2922938	-37.890518850399	-0.699877064246602	6.93158128039402	-0.973721861481431	1
X2922939	18.6500961939097	0.495467394793706	57.8288036779831	-6.532974395019	1
X2922940	-32.7401271266654	3.62747694150914	-27.1561387292065	-3.20698642926886	1
X2922941	-48.8632097362014	-4.94139700085579	-31.0137593139313	-2.38981995445589	1
X2922942	-36.3016903667155	-2.47490875945684	-7.28821490213263	-3.52950360573094	1
X2922943	-17.2383208549556	-1.48163826144019	-14.4826951216019	-4.21564539654454	1
X2922944	-4.78092922484167	-2.54012248208788	-17.877408928063	-6.67964489896409	1
X2922945	-17.2158748854747	-0.812326346110766	-9.37288569944343	4.16195205580679	1
X2922946	-34.7155381664115	-1.59725967298513	-44.2947711606913	-8.42170952792052	1
X2922947	-20.5982773169694	1.00312822390145	-7.19404464372053	-0.320630630373247	1
X2922948	6.10594754908763	-0.745093310638684	-34.7263946619739	4.60494821766999	1
X2922949	-21.7153447763104	-2.99184514852973	-16.3367869388676	-1.13662470256192	1
X2922950	15.868016741306	-0.228079228747306	39.9539561758948	6.55037581589509	1
X2922951	81.0899086029741	4.62286784334607	64.1628513195589	8.27364011286453	1
X2922952	26.1229075313666	-2.7731162711217	10.2145520945529	1.15987282347677	1
X2922953	76.6451938165746	-0.892892027215978	60.9173943615766	5.16575283468009	1
X2922954	3.46291467464293	-0.605779702252433	40.0599230192563	-6.64918543901373	1
X2922955	48.5669711195409	-1.07154329565512	20.0278743034615	-0.962560932745711	1
X2922956	31.1291650785	5.16086384699822	12.2169612048134	13.3549420512983	1
X2922957	101.886739176925	6.96203877270538	39.0512901611181	12.2112763189285	1
X2922958	-2.54366006363461	4.96207971898865	33.198669659062	13.652334258692	1
X2922959	26.9562933182126	5.19184443013845	27.671049460065	13.2654398409502	1
X2922960	76.7731459810182	1.96490754830288	56.7327530434089	12.817892220089	1
X2922961	32.1099525104585	1.73139391672509	24.6246547888828	4.29318164532708	1
X2922962	20.106943437469	1.09764428162013	17.9209800000447	3.38928858543169	1
X2922963	10.7747102585701	5.42157839186204	2.33050483848196	7.86681873596706	1
X2922964	67.5378712877504	2.69336711378844	25.3991545909118	8.42891430231997	1
X2922965	76.9287886263526	2.01913477995941	80.9633033900247	8.16734464050836	1
X2922966	64.8175041914829	0.228024037749064	42.0645159337852	-2.27447996802215	1
X2922967	54.2608492473585	0.972409460078518	39.3576593684223	-4.90652022083131	1
X2922968	48.6408625414762	1.91215471512031	19.9220529402071	1.463278198529	1
X2922969	67.9429127174732	1.69345472127561	50.2924901017214	7.75259815607797	1
X2922970	72.3715907956754	5.00749691886265	49.9667994650665	10.4620745586422	1
X2922971	27.405582723358	0.721672205470289	3.80425511833823	10.7459778747582	1
X2922972	78.3202114356293	3.21545027453433	91.3544609047105	11.8006471714576	1
X2922973	-1.75692316398491	2.89579716017897	-14.220613286484	3.24018960345495	1
X2922974	18.6800469756995	1.6585402589738	24.1838976989859	5.92552968002652	1
X2922975	41.4364058068365	1.30735349935343	21.5204818370119	12.1020975138167	1
X2922976	43.0644256357756	2.40642341473345	1.15514605932577	8.07037151292587	1
X2922977	60.8293968873661	3.11881880381891	48.516123595936	7.04691560240413	1
X2922978	-22.0800086652999	-4.0106556490348	-29.097248741427	-1.05651734296835	1
X2922979	-30.7171881844102	-0.43231028480307	-34.539612337437	0.903375981894232	1
X2922980	0.307948616259031	-3.4539189293636	-5.57023363126347	-1.00648533452398	1
X2922981	-29.0039411941068	-2.41252062472478	-8.362806406508	-6.17771084363651	1
X2922982	14.4655489643624	0.180634598299633	50.5278529185842	-5.49826807626689	1
X2922983	19.0939433950589	1.49540910708821	-3.16412800052468	3.18898173819047	1
X2922984	-48.5992330951167	-3.03760211155871	-70.7363525948614	-7.58764968395562	1
X2922985	-24.5883303541978	-1.50949143891501	4.33946452776018	-0.295250744288071	1
X2922986	54.0465878251668	0.599430427398024	76.7569229088154	-6.75540668351857	1
X2922987	-62.4555651618855	-3.05438823732531	-23.7851543914307	-2.88167436146055	1
X2922988	-61.5406567399396	2.47751066745603	-36.6635301852569	-5.87388461930106	1
X2922989	-47.110627954415	0.131713211423023	-36.0025774966032	1.52926350656325	1
X2922990	-48.9854911050748	-2.01105602069427	-54.1860458440971	2.57984028749451	1
X2922991	-16.4016400067054	0.303228645540039	8.55599347737635	-4.4394497159811	1
X2922992	-19.8910990573754	1.16166745943139	-61.5934935275324	-7.95051007038028	1
X2922993	8.02290779620079	2.22605058702041	4.2337455481359	2.39694588898904	1
X2922994	-45.9771520251473	3.72148833014529	-48.4207029751575	2.70174660656951	1
X2922995	-14.7304703257631	3.06938192260863	3.32150280477148	3.64530189795623	1
X2922996	-33.3439898746441	-0.500758620756744	-18.7252025196385	1.86135318970955	1
X2922997	76.1483281749774	3.3046733744583	4.65540596258585	9.75436709762506	1
X2922998	19.7143617373947	3.23773263128136	10.0032680084917	13.6371105292222	1
X2922999	48.9760741788011	3.4228153369147	37.6223014046134	8.61376145510795	1
X2923000	55.7916448968522	3.09474489960398	51.8163463275084	6.28808124823587	1
X2923001	19.9133101429295	2.00127327613671	31.1899971659508	-1.59232141160021	1
X2923002	14.1986603569698	-1.46040441971848	2.248342345992	5.17071022023287	1
X2923003	34.997306900139	2.62701660079093	65.0797354063946	-0.442050704988246	1
X2923004	42.9153975026821	-1.21422663017416	39.4928922099709	-5.064857820658	1
X2923005	14.2223989462567	-0.0214455987221661	24.1287107094166	-8.62893807676394	1
X2923006	-48.8473987098348	-4.57644045197874	-34.9528204825258	-5.13341168770007	1
X2923007	-55.8426141654091	3.76698686180208	-26.7769076477045	3.58642480217766	1
X2923008	18.1134053236868	4.12067185215347	43.2675335522091	4.80858849221125	1
X2923009	-39.3537593432136	1.08700747424698	-36.2519294449101	-6.09846419457085	1
X2923010	6.00852766766793	0.0272727064443606	-38.9763695063075	-2.15373296690369	1
X2923011	-67.7286377939939	-0.525699778380386	-68.4242168410665	-0.202368537999457	1
X2923012	-67.2932094126871	0.194912992043497	-38.9087967520406	-4.87603050032394	1
X2923013	-50.55586199873	-4.98674780493708	-5.40300878710325	-1.98755283791642	1
X2923014	-22.934698359334	0.446349853208339	-27.7952110620662	2.80653123498618	1
X2923015	-77.6900512389424	-3.96494806012323	-33.2951030589797	-8.2990120855585	1
X2923016	-65.379779043711	-3.68890524984254	-65.2937055161762	-4.82449366278502	1
X2923017	-40.519754035437	-2.15391990030043	-42.7276523616081	-3.14655269718477	1
X2923018	57.3209961822436	2.01884102234404	30.3834517144329	5.12206606232231	1
X2923019	-5.15392951793961	-1.24245000591055	-8.88804034557984	-2.82799516108231	1
X2923020	-40.85957743061	-4.69581626406833	-30.9424673065916	1.96251533735301	1
X2923021	-55.9681150018455	-2.87262615459912	-33.4081187412321	-7.19121192777366	1
X2923022	12.9635031734134	-0.399186094107811	23.2146031461346	1.21154388335623	1
X2923023	-64.1895203640393	-3.54899555471114	-33.3926799331192	-10.4860459741512	1
X2923024	6.86508089520302	-1.58154908056313	28.0908892325784	11.5071316594027	1
X2923025	-27.2252057703759	0.415128719464041	27.1003067537466	-2.14402590285851	1
X2923026	24.627720596884	3.22747485890261	25.0432527868	12.1324017307065	1
X2923027	82.5168562946846	1.70146472016778	106.785854778927	-1.07530870772794	1
X2923028	27.4574060352062	2.33857588859103	32.0648488075776	4.41569976951594	1
X2923029	127.98207799861	1.96769041177965	111.596796273974	-1.03328474771261	1
X2923030	83.8697026069462	2.63873384188164	9.40551271502488	8.54331488529796	1
X2923031	95.4521347202409	1.61784983342142	91.4884387634073	-0.970871185463239	1
X2923032	-16.4252186074976	0.130372792579116	12.9061470244316	-1.15327917072525	1
X2923033	23.0587708267856	0.99941568923725	29.9118978626879	0.102430839891795	1
X2923034	-16.4659079462935	-0.278491443088381	-36.702658248452	-0.856986571835692	1
X2923035	-34.5065793462901	1.42291221802449	7.24888870116623	-2.72538543633324	1
X2923036	57.9142680720721	2.10060716628777	37.7340916529261	1.84291130780407	1
X2923037	42.4354624512771	1.22739644720264	-3.70706628731852	-5.68786176326355	1
X2923038	13.1585697662947	2.57402221175992	4.80820156116878	9.87368146806394	1
X2923039	-56.8113737280195	0.278414289579559	-6.868575584846	1.82864021429764	1
X2923040	8.90946713484029	4.14812247766452	13.3428708503991	6.72694656729734	1
X2923041	-53.6980826744242	1.16024311564642	-59.8490805724435	2.04735915758618	1
X2923042	48.9408590826863	5.98244365044267	-16.2070488308347	9.31048638867083	1
X2923043	23.3111508354422	2.05405731062464	34.6626626594543	7.48150322134014	1
X2923044	46.990741165504	3.19517533063777	-9.58418867413057	8.80235336128461	1
X2923045	49.0067349088058	2.99232834461806	21.2923800738868	3.27285242480133	1
X2923046	103.147843933241	5.06230644682765	97.4140755530076	3.44069030023539	1
X2923047	34.3927023690915	2.3994013739437	9.45865574478625	6.93386822214372	1
X2923048	97.6451159649613	3.62224766835238	64.1780476811112	-0.607181034853425	1
X2923049	29.2507273393589	-0.202003277027691	23.4509674537061	-3.12080236932628	1
X2923050	17.2026709683828	3.25620121701703	18.7869107273617	4.47960676618552	1
X2923051	-5.53542629512215	0.11819589046613	-20.151124908293	5.95382639024774	1
X2923052	17.1676753227326	2.30482406587718	-1.36414655104454	4.30862504400292	1
X2923053	80.9865233393992	3.5135949302886	35.0902945955803	-1.81638226796354	1
X2923054	118.06451399587	2.42314485071902	76.0638734373591	9.3161525792216	1
X2923055	-47.7712040980885	-3.96506258151858	-24.8969985556797	-9.91277003249809	1
X2923056	-58.1957404194959	-1.47696172718673	-66.8591809095895	-6.19210593266223	1
X2923057	-90.2866606896941	-2.00916423999935	-57.3840479176701	-12.2320576788861	1
X2923058	-13.0733510092483	0.55935856070341	-7.03963365566446	2.50226724408918	1
X2923059	-54.2708575709931	-3.56426064750621	-31.268643102406	-9.47219885924038	1
X2923060	-34.5263212441425	-3.15950137143194	-14.6758565014907	-13.8065066701409	1
X2923061	-27.0885197614833	-3.50789913940841	-20.5132321335291	-0.852646394833072	1
X2923062	-35.6608495897228	-2.23958577206498	-19.464059894854	-5.64464721797152	1
X2923063	43.5953695856525	-2.03023092649428	33.7130032432768	0.537913304730508	1
X2923064	-83.4241029602779	-2.50748640824584	-92.1744712569688	-0.135163976589233	1
X2923065	43.7171746700013	-0.715082424486671	23.161348186126	1.65294311065524	1
X2923066	7.84760240253468	2.56396213383669	-46.9386423778981	5.54788180935117	1
X2923067	-83.8798387011224	-3.22625434888254	-56.0126541600041	1.34351766040495	1
X2923068	-46.0208266742751	-0.00881349707922094	-48.9110011563956	7.2813867937201	1
X2923069	39.7057598382272	3.11021334509849	31.2920056114402	7.41025081194481	1
X2923070	-20.942842901742	1.4137138822125	-34.0550770150843	0.375108835002819	1
X2923071	-3.88364515042533	-3.55986235009281	1.01826273706318	-2.69817501771528	1
X2923072	-83.5490552370461	-4.67537355613049	-64.539551619501	6.32419385538027	1
X2923073	-61.829213991331	-0.758126063342291	-76.7621028295376	1.68696736390114	1
X2923074	-81.5649871771396	-2.79945328361163	-17.9046830161762	-9.16171552068966	1
X2923075	-88.6533583311394	-4.44259916134966	-65.4887527245302	-7.69726164328903	1
X2923076	-40.3928149509034	0.91291104330354	-55.0402492165805	2.49955603565462	1
X2923077	19.1669978108617	-0.895001197908833	-22.7582581156031	-1.65005998369505	1
X2923078	-52.2263397907408	-3.90238200076911	-56.6438347424334	-2.74623542674588	1
X2923079	-7.04654662886295	-1.47090471863848	-22.2485857162148	-5.55459855548381	1
X2923080	39.1096859445113	1.39456583386985	1.11800161910726	-0.264053426047576	1
X2923081	5.07264610392363	-2.48940238657396	24.6947600474256	-2.87426270559566	1
X2923082	9.2835551182515	0.230141990485547	-7.70023018193756	-10.190989737967	1
X2923083	5.44145003285609	-0.563686329280097	-21.2724838354392	4.90436440053839	1
X2923084	-81.847021930659	-4.56455644871523	-61.0613143966621	-18.6303324417924	1
X2923085	0.782230837220989	-0.426404455003204	-9.4796913186748	-2.75301941970389	1
X2923086	3.48999997814266	-0.916793161058477	34.4574595985528	-3.99964926428111	1
X2923087	76.4906223358529	1.84698291524197	70.8926207930107	2.04152365205558	1
X2923088	36.9450681791272	3.25950556731311	-8.85665133211538	8.22721943008609	1
X2923089	81.7853435673993	4.15470777078862	59.0508785889775	10.456797747522	1
X2923090	39.3056653485354	-0.644070936299313	-11.0843987769756	-6.1534710037304	1
X2923091	76.5327138008308	0.314647597018746	84.3118509997324	4.86701811431151	1
X2923092	14.7316657902192	-1.12110750090207	3.12528646002081	-5.54096783539911	1
X2923093	37.5160997796692	3.10878512595094	23.5425767468481	7.68281389672571	1
X2923094	32.9215694246759	1.03969547540769	12.1133721920907	2.35600501024158	1
X2923095	49.9676365352618	0.476604325102882	24.7224480721491	-8.00828904474125	1
X2923096	-41.7591016314957	-2.27747215662866	-50.5288510724215	0.841467664422451	1
X2923097	-40.8036565814241	-3.65505214941015	-59.6251590128213	1.74130334291643	1
X2923098	-31.7232830893918	-2.91743026360513	-18.7976376257955	3.07687630071019	1
X2923099	43.2827127507219	3.38218247116921	33.8506508512182	8.74721091409862	1
X2923100	-35.3033944254701	-0.0963463133069395	-47.3933522266691	1.67689062900733	1
X2923101	-86.4600388108911	0.486375147831224	-34.7362487872944	0.988387397165713	1
X2923102	-78.4954552730483	-2.70473651675553	-43.1133102887882	-13.9189761219373	1
X2923103	-32.3155257394018	2.45541842371614	-14.9117239329811	4.40574014768293	1
X2923104	-28.4412069263098	-3.61962246352568	-59.3040827983965	4.84946911148209	1
X2923105	-50.4778801931348	0.652618317614318	-16.7666171197866	2.96277593318347	1
X2923106	-80.3401030162234	-0.815824802213435	-63.713760544	7.52571433114917	1
X2923107	68.4182307129823	0.875884963344656	65.0140930717883	2.85831711265049	1
X2923108	72.5076940066127	2.96140386335945	85.3577139775209	0.849015686423681	1
X2923109	102.12559933885	2.15821991427433	80.0827543184724	0.530437211256322	1
X2923110	43.4117293121271	-2.0261638204117	33.517900003213	1.28845953039738	1
X2923111	28.8882384131073	2.32026981522325	-25.5227437738294	-0.785477949315737	1
X2923112	47.7455786240959	4.12116415655943	40.2158562637827	5.19738193793519	1
X2923113	38.4486307642204	-0.226790791875394	31.4101999747297	-3.32585636897635	1
X2923114	-0.865294961181317	-1.64870040493284	-10.7594053990022	-8.64091758356524	1
X2923115	-16.7930165083142	3.00178528416814	-25.5679987220212	2.05324033652441	1
X2923116	82.0494608316132	1.27621776289246	53.7124532342603	-6.68528851406165	1
X2923117	49.525043983853	5.27278476307663	43.3095942413992	-1.83393895748971	1
X2923118	-24.2740717564648	-0.372177091289327	-12.9473541682564	2.96280817672876	1
X2923119	-87.5577325757594	-3.68815235829326	-78.2153706782032	-6.12218996051266	1
X2923120	-82.1403641176593	-4.30184144775689	-68.2932286618609	-5.49541281992748	1
X2923121	-48.5908250746947	-2.22339298827597	0.647455420556678	-2.47663156600652	1
X2923122	66.5027043864561	-0.395674656870143	46.7296541856047	-0.774421878913191	1
X2923123	-92.2483294052637	-4.13858225025479	-48.3239137046298	-4.70176299742576	1
X2923124	-8.51340374764848	-3.59891009737444	-13.4652646668021	-13.3701353876393	1
X2923125	6.89347732802756	-0.0450772491519932	4.80339264512878	-1.5659231540764	1
X2923126	-5.95026086633717	1.7264061184902	-23.1203155446881	1.8690512280772	1
X2923127	-3.94450758508195	-0.0210255950570453	-35.3064558820455	-6.86880192330328	1
X2923128	25.4794321908178	-0.490191790181593	-7.21935709499423	-3.93099240086987	1
X2923129	-58.4842837168772	-0.457942851285401	-29.0171808323554	-0.826935382722992	1
X2923130	-17.2639107136438	-2.2725388875812	-27.764245383824	4.13383103595643	1
X2923131	14.9880991096936	-0.333734906983431	8.56511833943543	7.62333446470307	1
X2923132	-14.4835046075926	1.47516471816255	7.17292449313315	7.689060831598	1
X2923133	-48.1994666164878	-1.60623030578155	-13.4987745344371	1.73977139800711	1
X2923134	28.8312974895759	2.78711899034927	35.7045474640604	0.263154600260917	1
X2923135	0.395726784509712	-3.91165898820253	-31.5558058250206	-2.84542118772667	1
X2923136	21.2186012287169	3.93589938135811	0.227568667273902	10.6639830046396	1
X2923137	7.22032153160038	2.45490910702086	-30.7042795941273	2.89138793294168	1
X2923138	-44.8091739081955	1.1427247055721	-58.5881112960623	0.0560607884449491	1
X2923139	72.9288801202427	3.50049541042087	44.4055163416136	-3.97583109052941	1
X2923140	-100.222802147097	-3.24140579906709	-105.247139599956	0.589509111802996	1
X2923141	58.3369350851288	2.08749013193077	57.7570276232924	5.49240573330448	1
X2923142	-3.62781762297445	-2.95687715871861	0.692251772481633	-1.86139022968431	1
X2923143	-54.2694792212974	-2.29389215550999	-22.4984247905502	-7.74601676577498	1
X2923144	27.5049200380091	4.23878499355413	41.9824630776197	5.09486369032877	1
X2923145	98.3535251797642	3.16180002779267	41.6526056999318	-1.5833257659456	1
X2923146	10.0206873828446	-2.30084167943565	11.2379435513012	0.462916080452889	1
X2923147	75.6006078822382	3.42863493981283	57.1782299851492	0.945039234396209	1
X2923148	39.2307518923292	2.45749739192309	40.1010310867887	8.40665119001889	1
X2923149	59.8308494047678	3.49498322334469	33.5736181103608	8.11892762755777	1
X2923150	-12.7971295559769	1.54811701949007	0.726281175619805	-1.89689373116347	1
X2923151	-73.5547734493623	-4.53696214623627	-41.5237297916745	-2.06645223101608	1
X2923152	49.9468392765328	0.0671021626025088	85.045993436184	-5.51461374308802	1
X2923153	-49.3711371912655	0.107688087800495	-52.3888557398816	-0.584607336757298	1
X2923154	-45.1781573299469	-1.10295534954672	-37.7521295460557	-5.37409027954813	1
X2923155	-83.4593510716699	-1.57554887761482	-97.7447937424123	-3.36753573200214	1
X2923156	-29.1442672481059	0.537061891688849	-18.3311502385984	3.34986132605373	1
X2923157	-6.02017692956409	1.03262588665647	17.5427717180296	-5.96554908549316	1
X2923158	-1.36830805871901	0.733513229417391	25.5694278364355	3.80208687638423	1
X2923159	85.1816675977543	1.29321716919339	57.4193618113519	5.31655411425174	1
X2923160	2.88182009455893	-0.768980898863635	16.2268664310236	-0.662200384578483	1
X2923161	72.8758946429691	2.020946889993	85.4030595615455	9.49351434069388	1
X2923162	7.95097087609587	0.799583471958478	-1.90906498363603	-3.10952828121977	1
X2923163	43.7216497819942	0.0547795183901729	56.0719913673188	-0.906703166562863	1
X2923164	-46.0375225351986	-1.17104387056292	-50.7572876528946	-3.1758559196074	1
X2923165	-31.6698225664953	-3.56768362131636	-23.3306324102954	0.975229336346827	1
X2923166	-68.1531729631432	-2.95730311306602	-36.3122724813208	-1.59854132424976	1
X2923167	14.2008551235685	4.22505894521014	25.2350889960119	7.22599257580652	1
X2923168	-1.10989274252049	4.26804079135113	-3.21321792562001	7.61542686966933	1
X2923169	25.9643606451025	0.520339302357875	17.386617615597	0.927517465710893	1
X2923170	-38.6419461464164	0.352038920053101	-10.7841873821379	1.53442965096627	1
X2923171	16.9943594879404	0.684094345113847	23.1408956948558	0.73801869231759	1
X2923172	4.67377251258032	-2.27993278198315	25.9102699441225	-3.87349080496504	1
X2923173	47.3052487576682	1.56961916207459	51.1723979174481	2.12644966627848	1
X2923174	27.0834231555608	2.55034072915143	8.17825030148484	-5.35095960484039	1
X2923175	46.725590057021	2.44098320332036	60.0555021491334	0.734732535574425	1
X2923176	37.5990853839616	-0.50826666486229	17.9229543052454	0.636039316775461	1
X2923177	51.2122297088422	0.236166699578709	50.5176420622448	1.07464501432602	1
X2923178	33.5631305124369	-0.824816538107933	5.87865736701448	1.59355258533049	1
X2923179	21.5851649273312	0.563317256243361	20.0979041425146	0.515720546596688	1
X2923180	0.565878558092604	-2.4691999417621	-9.16487693928535	1.17424747463353	1
X2923181	-31.5415188940156	-2.45766430500162	-19.370390330644	-3.52816668498888	1
X2923182	-40.9975219966685	-0.786548748249788	-39.6660319044403	2.335854709667	1
X2923183	-85.5102373348549	0.968566775891927	-76.6831407877773	7.50686890511373	1
X2923184	-73.6500276761819	-2.81345412173694	-26.5430589508478	-4.88830457743354	1
X2923185	-8.68851542336098	0.625075774663288	5.62757807252284	0.390893347694961	1
X2923186	-70.5891531241656	-2.26999513125309	-39.5360796601879	-9.48637373851959	1
X2923187	-43.3489731229439	-1.55978853086299	-29.5994997767288	-5.48278172948434	1
X2923188	-75.070737028512	-3.28762802123314	-55.020774741561	-20.288815728786	1
X2923189	-63.6933321331404	-2.41024955873746	-8.96789397266336	-3.41767975397051	1
X2923190	30.3348706003097	3.0657743705405	16.3398614687847	-4.47764796788816	1
X2923191	76.717037640648	3.33117523780529	73.1756744369537	-6.20232451719896	1
X2923192	-16.5820768733848	-1.40095819145289	-57.7960777606601	-0.198579566002735	1
X2923193	-21.5273399681539	-0.353514726465203	43.7342777944948	0.623882300878608	1
X2923194	43.8877855612291	-0.148606689125159	41.3228468125895	-1.92262824002257	1
X2923195	-9.91287342862731	-2.96911807656701	9.7344732436181	-6.05411135520422	1
X2923196	46.0156631818222	0.506859196250216	40.3710602448484	-0.0336564609088899	1
X2923197	-25.1045998684544	-2.41883504403353	0.628543760487418	-3.64330904252409	1
X2923198	-27.369542394091	3.84934305209438	-44.0065170440572	3.82192018281676	1
X2923199	-18.3610001200258	2.13085446365201	-28.0647241324975	-1.02279309699054	1
X2923200	-52.5796877012549	1.00147402198381	-58.7663591755596	-0.9648851897171	1
X2923201	-50.2934436362136	3.91159605269857	-37.8544981374174	1.82783021087009	1
X2923202	-66.7543183841525	-1.25241283612971	-42.1470035352164	9.51092957951859	1
X2923203	-58.0757024890714	-4.64203721891077	-6.34537445575845	0.913781801395415	1
X2923204	-50.4237746898274	1.05277308175834	-16.3646470147236	5.70424772651213	1
X2923205	-58.842440223093	0.236951095319548	-56.8355959445695	8.91247222658285	1
X2923206	26.2942580053642	2.92174720967861	12.6382892623826	3.56835084006678	1
X2923207	9.96307945701072	2.40004673382923	7.64750060260095	8.010121251194	1
X2923208	43.384136454287	1.40931653361708	16.0201306777169	2.32116766504132	1
X2923209	76.6690146876533	0.64071218583817	81.8215528762153	8.76437933248103	1
X2923210	22.1577221207431	-1.67122523764021	27.0288966364772	-0.283525572397848	1
X2923211	109.970504191953	3.09089986382481	110.505786095983	-7.70663483860244	1
X2923212	28.6781962354573	3.7308325685245	-1.81472617568617	1.10756868616076	1
X2923213	87.2543917778177	4.07790118532537	74.922616044447	10.1736595445474	1
X2923214	29.6665240300633	1.14572258310224	1.74387516613297	-5.24572730732033	1
X2923215	10.1267018352736	-0.301534169968946	-1.05744740770309	0.0439631008887758	1
X2923216	-0.349689104106586	2.20309319145585	31.875027672937	-4.80404930711039	1
X2923217	26.8057729496284	-0.365667793457436	34.9135643856754	-2.85446673049472	1
X2923218	0.857399107784342	-0.157145382596329	7.39566826458533	0.237803764766187	1
X2923219	43.5614876229005	4.2883844588115	44.2881136737717	6.29202674315635	1
X2923220	2.8912510811376	3.39179542180486	-9.1821042083121	6.29184734075996	1
X2923221	-8.7682384583658	-1.20734132836973	3.8928982276683	7.42316846560509	1
X2923222	-48.2232077437389	0.171440185318547	-60.8859795790204	12.2490453732055	1
X2923223	25.8116451057534	1.21531201419483	9.32588883477109	-1.13430721807045	1
X2923224	54.5472340733492	1.37687924603411	72.543156365732	5.84538413136289	1
X2923225	-11.8475283440797	-3.88457320614375	-6.48168116044335	-6.91585956478446	1
X2923226	-21.9591757814887	-3.77763482717199	3.75937359130284	-4.8177830582196	1
X2923227	12.2413595708396	0.637320312530019	15.3444429592149	1.94707683542639	1
X2923228	-38.2129187078626	2.34850891587093	-36.1988235992003	7.13616591732655	1
X2923229	-14.1606177478105	-0.699077102526164	22.7025620127467	-7.16943641484135	1
X2923230	-77.8329819244865	3.16970655963715	-40.4511852614555	6.59685574169702	1
X2923231	-32.5602240237678	-4.82470497965999	-14.7083303235281	-15.4041898956911	1
X2923232	31.4481916060146	-2.18184636833078	27.0698810323044	-0.851528939617799	1
X2923233	-50.0625322244555	-2.05145130814507	-27.480686812895	-7.22143964613603	1
X2923234	-51.5385382217729	3.61308538924526	-31.5661848750353	4.02447793182105	1
X2923235	-8.11353194199624	-1.86222035337964	20.0907402153513	-3.70813040433713	1
X2923236	-34.2901942943188	0.200344812575546	-21.2416623404383	-10.2364463872852	1
X2923237	-58.5599842423308	-2.03946584299766	-33.9268162331163	-3.98694355847942	1
X2923238	72.4208681703696	3.36331112450789	77.2227324908982	6.1540354252063	1
X2923239	37.1768014254206	-0.732466415898516	62.8875049023333	-2.79142178404944	1
X2923240	19.2319064483801	2.48008943505977	62.6714102066873	1.46830271668785	1
X2923241	-36.6165745599107	-2.77335996096336	-12.0957804248658	-4.06107398712743	1
X2923242	-49.8438708162873	-3.80392775041373	-32.3603582881363	-14.5362593555	1
X2923243	-67.0704372541003	2.97342696299234	-61.3481177726226	-6.11050528221648	1
X2923244	-77.1988069184345	-5.98981252114552	-71.4421579127156	-16.4563739949285	1
X2923245	-22.8651789446371	1.23912836734996	-43.3611120394641	-1.56320659589077	1
X2923246	-63.6926888395168	-1.47414921508334	-37.0929486909507	-8.23249608246952	1
X2923247	-56.1044229439976	-1.71226311743606	-54.0366542434115	-4.33716192376486	1
X2923248	-48.317658463056	-4.01210615095422	-37.7767121873597	-4.07228775214089	1
X2923249	44.5244207511043	0.311996224796445	29.1499951609312	-4.63563634197764	1
X2923250	35.7247193085314	2.92223999949651	15.4165121271178	8.11476462118076	1
