<Trait>	Trait_1_H2_0.9	Trait_2_H2_0.9	Trait_3_H2_0.9	Trait_4_H2_0.9	Rep
X2901971	-39.9850534049136	-0.523339096916333	-30.1727981345605	0.0960498382730433	1
X2901972	-71.141700562748	-4.38640232929664	-43.2507635560099	-6.2328510339365	1
X2901973	8.9657873175861	-0.799323755948457	9.4550598402445	-10.3791118491516	1
X2901974	-18.9480408125123	-2.10254975784645	-3.04755429483479	-19.1846631863584	1
X2901975	-81.300799182517	-5.30049580271833	-73.7787436191588	-14.8191264022763	1
X2901976	-10.7467597001544	-4.6851637464354	-9.02908693357022	-2.77171969789773	1
X2901977	-87.479565156237	-3.69216324586992	-80.954008472964	-14.4035319538463	1
X2901978	-33.3916476084617	-4.46967833574432	-43.8399584415949	-4.24254908910485	1
X2901979	-13.9968748573955	-0.9066737742072	-16.4568336956009	-8.67808838887016	1
X2901980	-41.443426957261	-0.644956606803937	-40.3758620060793	-12.2388454321073	1
X2901981	-29.6036167848835	-0.835207035436659	-33.0493181645775	-13.1403028303799	1
X2901982	3.17877162864458	-0.934055806112632	8.3231777215154	-1.91305188482751	1
X2901983	-18.4248737277223	-1.74853995660319	-8.259504760116	0.810324504326345	1
X2901984	-17.0479517432645	-1.32272055501292	-25.0946739863725	0.307020108961416	1
X2901985	-76.2717871893455	-6.74160693993836	-69.7294929116237	-16.0346444106754	1
X2901986	-44.6585354559238	-3.8684042273108	-48.5261108483763	-3.31165360715516	1
X2901987	-16.3174080705426	-1.0912518999975	2.59565135504554	-1.93314130717965	1
X2901988	-51.1706898904948	-5.40475835582399	-38.8825241843511	-10.9158289600113	1
X2901989	-59.5095888084026	-4.83566299782687	-49.6793246666488	-10.6712660529657	1
X2901990	-64.8462945041548	-2.98923953422327	-42.4192065262559	-18.9740540593654	1
X2901991	-53.992469980476	0.216925109256104	-12.3122140520318	-9.17650272938218	1
X2901992	-14.1202250157708	-0.469271670360788	-18.9174509140201	-10.0597809160317	1
X2901993	1.24016460531528	2.62343687718847	-6.19682399103912	-0.962990301297282	1
X2901994	-9.96511022602461	2.04064735149187	3.31062443827857	1.22729421128818	1
X2901995	-19.8160647223053	2.23336222071674	-15.3472489217686	-2.71707121238476	1
X2901996	-96.1440007059336	-0.517934223968298	-69.6523755783034	-2.28267484800541	1
X2901997	-35.1739949805691	1.17274160234321	-14.8034371576075	-4.02273523573592	1
X2901998	-82.0008066588999	-0.853121148595472	-62.6593470067151	-2.21386007557383	1
X2901999	-19.4656108143851	1.8153816368913	-3.14412735793757	-5.55628203193153	1
X2902000	-127.130900131489	-0.986330559541948	-108.382987706039	-3.02806104140662	1
X2902001	-91.5294175699986	-1.20777827332041	-74.0959266412932	-5.55270632415732	1
X2902002	-4.00306303644326	3.41248627427673	-1.74533515518124	9.27151654951641	1
X2902003	-20.8731138536445	3.28543947939343	-39.5909788596272	3.72119371369375	1
X2902004	-55.3654744307399	0.0210391963172855	-65.3533881458019	2.79991694596733	1
X2902005	-12.257431084884	3.7756586591483	-16.920476387129	4.65196879701265	1
X2902006	-26.374916205173	2.44762630847695	-12.5401747301009	1.41100976250004	1
X2902007	-24.7251077178322	1.55099412107544	7.03809229427085	0.301248328994689	1
X2902008	-6.03461429123441	1.85431078008874	-32.4202268466054	0.259682332791362	1
X2902009	-6.12027512096723	2.69852987263177	-12.4431855828988	-3.26357604379579	1
X2902010	-4.54998467965612	2.5048048936489	-4.6377480620969	-1.76308978406321	1
X2902011	-61.0053686867326	-1.43530601200664	-50.8537511823301	-13.2158168238391	1
X2902012	-88.3184859601299	0.0459707462238458	-61.3544619470971	3.03358774667598	1
X2902013	-92.3535988104712	2.32740815900033	-82.6845897407916	-1.15520239515735	1
X2902014	-70.6560375683264	-0.980034213584311	-77.6017974197901	-12.2008262009868	1
X2902015	-44.6318483090924	0.238561689941872	-48.6250234840081	-7.47560638494522	1
X2902016	-57.3097930646641	0.801610344575581	-73.439620359916	6.47633973100586	1
X2902017	-18.1066317658396	5.28273381638418	-55.6953339463384	-1.01769266549033	1
X2902018	-56.1593521258123	2.45623852544482	-65.4698501326596	1.18026789750076	1
X2902019	109.844795672885	1.36431484396327	100.299236812062	1.98282670860866	1
X2902020	86.4535748736168	2.91567112003057	55.8949368846534	1.52399576837919	1
X2902021	19.9410255265391	0.335442166297697	22.2581514635516	4.89719821121904	1
X2902022	7.19431050571644	-0.103880697479872	6.05662410659708	-6.02488129421275	1
X2902023	78.4263445753092	1.45469428021839	75.4285403364418	-2.68842180171269	1
X2902024	100.504356943267	2.58196279525609	52.3880695006851	3.18160895417788	1
X2902025	49.6230900528626	1.72131345626865	56.3424983089821	4.82702825357718	1
X2902026	-40.7274619906344	-0.128174225918368	-39.7117182140702	-7.49309465625881	1
X2902027	-7.42662807261231	0.348195566817906	-7.76890830658383	-3.22588155375978	1
X2902028	20.7869947897303	2.87680166544926	11.136040950084	7.78614703786492	1
X2902029	30.8602092549446	-0.490379303824183	6.89078351364388	-6.60914775751597	1
X2902030	10.2032642730042	-0.725194375272146	53.6119315806268	-6.00538529559193	1
X2902031	56.3737885597059	-0.807229465993605	36.0358600422661	-0.289741412731999	1
X2902032	48.4409037659265	2.911676966335	28.7721310560704	-3.37423117272038	1
X2902033	-4.63689235409212	3.35544979016874	-10.7235335693359	2.77056990021356	1
X2902034	93.3485734123875	0.395351000799166	88.3392287715699	4.20165071522568	1
X2902035	53.6456622092405	4.59539943602177	38.6220880860915	3.0924115237644	1
X2902036	53.3617522170826	0.788956710571266	85.895275532758	-4.23117663292545	1
X2902037	82.3401793068884	3.07597499206042	62.0407112302078	-0.207759511720116	1
X2902038	77.3105777785908	-0.00129176984373125	64.841776865048	5.21667304046146	1
X2902039	60.3696990664023	2.42282678946045	42.7794694738284	-0.637327198462231	1
X2902040	42.7761668002271	3.06508249012051	-3.72704867895488	2.63809750412731	1
X2902041	66.5539050256075	0.944299076063649	101.870885759367	4.25851817061737	1
X2902042	-5.28526468884615	0.0335818012192776	18.1412615284688	-2.7044908111246	1
X2902043	11.5076588404297	0.581159470325984	15.6457606016229	-3.55110308125077	1
X2902044	-15.2666149120425	1.95494739845009	-0.461812907137444	6.81470570253571	1
X2902045	53.6116546400006	4.19806208549923	42.4600659113301	2.58481163175092	1
X2902046	-55.7083301643874	-0.342058561611734	-40.4286563893351	-4.50849834172856	1
X2902047	-17.9763329289111	2.51676557648028	-39.5818268646113	-0.164755053245764	1
X2902048	-27.6213419561862	2.29467343845751	-63.0802699916455	-7.85127311128485	1
X2902049	-29.201420302754	2.40242352329916	-23.5499887071211	5.97793484329206	1
X2902050	-65.6903817565493	0.0881187363045793	-33.5487761674047	-8.88543790694123	1
X2902051	-75.7412442399022	-2.00792020863823	-82.0395465471843	-6.74859596192267	1
X2902052	-54.9305169625849	2.37022316398845	-56.554059007144	3.38898985391768	1
X2902053	14.3125660799783	1.83654188575727	30.7074038962588	-3.70631235410191	1
X2902054	22.8947522457761	1.0534348674484	-34.5244289497545	2.10797806375366	1
X2902055	-37.1537656852356	3.18589588184955	-39.3904407983021	1.95646250891379	1
X2902056	-19.6857548330113	1.82609446364684	-56.3714918041832	11.2252801376972	1
X2902057	1.11587319436985	2.77353467214108	-1.96715370310792	3.81401388967948	1
X2902058	4.10245965971963	-0.716424630060248	1.87443236518499	-12.9868848424385	1
X2902059	-11.0783432633897	-2.05119088916328	-6.79917188255593	-9.46307370523219	1
X2902060	-22.2229176555707	-0.037733310813544	2.36634925042868	-3.41580491992911	1
X2902061	3.99216522893114	-1.05291059504971	5.80740235429035	-11.2805101205285	1
X2902062	6.17667532827033	-0.0504062334397007	28.5711966931726	-5.15280511792851	1
X2902063	51.1400954257833	2.50515649291971	14.3056047067195	3.71546170472705	1
X2902064	-2.31957143181247	0.180900237409323	-15.7999090399808	-3.43710408825134	1
X2902065	5.03735599109178	-1.62963558634596	12.0871720542541	-13.4521373551382	1
X2902066	20.2154564749051	2.54494721074778	30.4966867038686	-5.35643724366226	1
X2902067	-15.9063051320711	1.79511882080511	-26.4390950663575	7.19337235438118	1
X2902068	96.1368100127923	-0.0179573605976516	66.8849668422876	-5.36540919135964	1
X2902069	-11.361513882761	1.18071996469838	13.728719359342	-0.168855751117741	1
X2902070	45.1443307485575	2.59813665742763	52.7985966237815	-4.60255723784731	1
X2902071	73.124851960651	1.74001611547954	13.3965002171194	1.34301665941578	1
X2902072	60.6583688744026	-1.37676786933612	67.7495537445863	-3.52181983635562	1
X2902073	88.4069440176322	3.71389995092981	112.923702723499	-0.205029360660365	1
X2902074	89.4073806831449	2.40192502234307	80.4392352993148	1.24101537251595	1
X2902075	53.8761015433705	-1.75816781042905	67.7141251254328	-14.542575512785	1
X2902076	40.5426742977628	1.98713310745959	56.1256709632378	15.1274960835772	1
X2902077	23.4400914020234	1.96384255969245	4.36624488011521	3.8733537040524	1
X2902078	18.3126773740477	1.35087886424012	23.5128330326853	1.84618449984185	1
X2902079	-5.50405960352067	-0.79659040537985	32.3547942931145	5.24649714119318	1
X2902080	87.3468201059907	1.95400188142127	81.0171341472731	0.829969234079864	1
X2902081	77.0033887072588	0.806303370991817	89.4306664016085	-5.43405289793509	1
X2902082	75.0328347175579	-0.315779712693664	76.6503062310609	4.0775698453762	1
X2902083	27.5256383759569	1.05133170399015	-30.179159077759	3.20399630168347	1
X2902084	29.5109353278702	1.85725152298996	16.2644035737537	9.52358811438362	1
X2902085	18.2817087127341	2.22563655065028	-6.17875302157795	9.62280272382712	1
X2902086	54.9251077169809	1.90743247615194	46.3703945366693	4.26539167465829	1
X2902087	21.9366563242948	-0.326578994675574	40.8750199889344	-7.69399992954251	1
X2902088	63.6975550297911	2.75972044221955	37.5229293050354	-0.659005779755807	1
X2902089	25.6531499010486	0.73298579349072	18.821978717888	-7.16136495520762	1
X2902090	63.8644801707843	1.1563634755326	17.2445439818837	3.08517237447342	1
X2902091	-91.637685559014	-1.4951576417201	-79.8256773923504	-2.08255762305719	1
X2902092	-115.010534277075	0.567071942988037	-89.4911161891756	-5.65195677396751	1
X2902093	-104.17361975017	1.34409248922473	-78.9565852274336	-9.50701870011811	1
X2902094	-18.6617348334161	-0.822796278947041	-21.6299404153399	-8.41193257034903	1
X2902095	-40.13621619453	1.74832699297886	-21.4632544958764	-3.28666525111976	1
X2902096	-79.0944682222245	-2.53862050014495	-57.4225547383537	-4.00267060247764	1
X2902097	-64.824394049646	-1.98752829909728	-35.0784912889988	-2.85410482248862	1
X2902098	-75.1081007682576	1.31467416253116	-73.0695214097906	-4.89922748110588	1
X2902099	-87.0503392602184	-1.31642888922079	-105.062654585564	2.06724867391176	1
X2902100	21.1423793357227	3.2735408417171	-7.88127109007183	0.503123599867139	1
X2902101	5.00927642817352	2.37517673928135	-18.5603528208687	4.56727222361979	1
X2902102	-91.7542217179202	2.99880487504717	-79.1597174770155	5.34570884505861	1
X2902103	-89.8787476150229	-0.504744974242785	-55.8656980322658	-11.7292049317197	1
X2902104	-63.0432644999444	2.59335901088222	-65.1525321396167	2.71885192051808	1
X2902105	-71.1136169386035	3.25952795043382	-92.0990851991106	-4.04172019124347	1
X2902106	-90.3483586921452	0.434166615552231	-106.286721785543	-0.875944976644593	1
X2902107	-16.9713580985609	4.23983410140373	-43.999776039745	10.3881262322237	1
X2902108	-75.230889957985	0.417980635182638	-59.7034656963943	1.38734980784524	1
X2902109	-32.4649317224193	2.83272864392096	-28.0787086905	4.77025764808419	1
X2902110	-53.5144492307265	-1.51190006676023	-55.7617618251261	-7.92152835147798	1
X2902111	72.9334360161495	2.35052917538732	18.3028935694787	3.87054462291945	1
X2902112	109.598871480302	-0.86686326068775	83.8468154724886	6.64161266335917	1
X2902113	96.7235151894596	1.46784000404344	66.8590062487193	2.06337121369142	1
X2902114	90.1648236923009	2.04677003481107	49.7755144723615	12.5320974682317	1
X2902115	82.6586680216219	0.784910952111422	70.8467547645194	1.08801152810845	1
X2902116	70.5665670084206	3.94207601795372	42.0617968830725	12.5922061864105	1
X2902117	22.4825467697328	0.693292140757173	7.84633595910186	0.439381664086717	1
X2902118	78.102688136312	3.79846313982546	38.0299155691454	9.59151055811743	1
X2902119	11.776558357413	-0.565516231864896	6.88562865068397	3.70184493150109	1
X2902120	7.58535031802689	-2.60476616066676	41.6905070493384	-7.33214944189345	1
X2902121	46.8332280577213	1.95202379709088	56.7575736398592	1.29936746771822	1
X2902122	20.8803006268956	0.226261223385178	-14.7877108197176	8.97430340587105	1
X2902123	57.7567515717364	3.18016225116275	34.5161550833066	9.45704495453796	1
X2902124	40.2149422045351	2.0145319668099	16.7169181131711	-4.43106730723241	1
X2902125	60.5003825004426	4.21485836851355	29.4507964487239	12.8055168600958	1
X2902126	-1.21359425986834	3.87688712030951	-11.5280234185519	3.86496476389283	1
X2902127	25.6679113669902	-1.34373761778644	13.661133230089	5.0644657783818	1
X2902128	-4.78765484776013	-0.27693714705978	12.948909436407	-1.64533165296048	1
X2902129	68.7229874017861	0.95213144293914	49.1745648027497	16.8440140917978	1
X2902130	45.220737539292	3.44954142838681	19.1074162902393	0.525699690687888	1
X2902131	3.76527971889043	-0.946684666316002	-7.60539389429105	-6.79808222064566	1
X2902132	70.3315254851604	1.91690576909979	58.6345807446959	-3.197043417504	1
X2902133	79.1619067989903	1.43265940803844	78.5207049592531	-0.996593783221527	1
X2902134	-17.796574985092	-1.98901830339245	8.10648744372104	-10.2423725927466	1
X2902135	-19.2059624704339	0.0314712667538097	6.08607409326993	6.74761912382265	1
X2902136	-36.3821523947085	-1.50040901055626	-8.11980215622722	-5.4138251418768	1
X2902137	-20.1054282240676	0.62199337713823	7.45019895146357	-10.2564193123932	1
X2902138	-25.8167873941412	-0.867977798275532	2.36573877981645	-2.37475064166224	1
X2902139	8.78758455676192	0.976074334367298	10.5833362428633	-1.78448025878492	1
X2902140	45.0763411988037	1.65795042482506	71.0948381901245	-8.10260719761133	1
X2902141	-4.28619626081074	1.54353938671231	15.6181588701078	1.81937431641967	1
X2902142	41.2887709411673	-1.78697660724867	60.6465010800209	-1.65471977664101	1
X2902143	48.416345112095	2.71193979026911	16.7853863959461	5.82669991034794	1
X2902144	-8.36265129034765	2.33655555050733	13.9401090167794	1.92662430457936	1
X2902145	53.4398643507421	1.24069652386219	44.1569260123499	4.43665117746361	1
X2902146	-62.1091694100902	-3.35080285210959	-42.8927651203694	-2.31758694033137	1
X2902147	-84.8948542588139	-0.204994552367451	-81.5192334646073	-8.45187599899831	1
X2902148	-5.52627094710731	-0.92203448887004	-30.177944906758	8.51732464417822	1
X2902149	-96.0692516377915	-5.67992537193848	-45.6292761414782	-6.16760487862147	1
X2902150	-25.268588909063	0.578075501135851	-36.6670154627978	6.28904294731649	1
X2902151	-48.4126239634784	-4.29005445451558	-47.7150850487135	-0.0256279927205884	1
X2902152	-61.016949295216	-4.46637349078049	-29.4087887772177	-9.03537353735491	1
X2902153	17.7704498980355	-0.711758060830527	-7.57858381938594	1.03357744211347	1
X2902154	-70.2488442662361	-2.49376820322124	-55.8202865271558	9.40117537179248	1
X2902155	-8.96223475831465	-0.489058367425398	-8.86442969373628	10.11984352902	1
X2902156	-81.9450144725609	-0.924624644186167	-67.9499901310461	3.48557200750252	1
X2902157	11.4678792553267	-0.488943729795639	8.03932881759483	-3.32955097021873	1
X2902158	-2.80924998160464	-1.07619319020095	2.99114281322751	0.746978803219923	1
X2902159	-63.1586009925452	-1.66382425837477	-49.5479360911203	4.21084124821843	1
X2902160	27.5078958891654	1.09362755635156	7.51227341203083	1.62263770512962	1
X2902161	-17.1476702479417	0.437019168709745	-36.9247649647261	4.33110837819194	1
X2902162	-113.102087400859	-4.54289599078772	-98.7696505087159	-0.27507797696268	1
X2902163	-13.026321200619	-1.51126168579844	-26.6025348066609	1.7818164343837	1
X2902164	-6.10830682591097	-1.51705062885074	-21.7420872417392	2.59835849251048	1
X2902165	-2.74086684037151	-0.950707295226877	8.18648678783475	0.813685395102696	1
X2902166	-44.8959963265081	-2.54078774758175	-28.8439122579553	-3.21758011397955	1
X2902167	-31.7008969568688	-0.39582449346295	-28.3991020984282	5.1034763456217	1
X2902168	-14.251841111735	0.435446855806407	-6.42870317873314	4.81314207514133	1
X2902169	-57.7991018877606	-0.625326652896754	-52.9382169485147	-0.907923685108861	1
X2902170	8.23745441362824	-1.20247136172635	-21.6238590707869	2.94215227863228	1
X2902171	-97.3761097453541	-0.526356664508651	-108.954075657378	4.72000681001079	1
X2902172	-11.5301817898696	-1.26181043246372	0.413658263165996	3.74616621860887	1
X2902173	-48.0709661423432	-1.65987816873294	-59.8249324308084	7.41987196126486	1
X2902174	-56.2185083823752	-4.10766121375291	-70.6941204804472	-3.5954715485366	1
X2902175	-38.9200440553831	-1.26559766895495	-62.8598239969355	-1.53208790200976	1
X2902176	31.2446529430446	-0.691825087097907	38.1873132566679	2.53305264260736	1
X2902177	94.6998102876766	1.13826321447154	70.7642580916315	1.97623469817143	1
X2902178	29.0054195367218	2.64258488798944	44.3851319343533	5.18011135536683	1
X2902179	-40.2391227787177	0.190945007992024	-18.6608387639109	-1.15316063026398	1
X2902180	2.93266273965068	0.504911697220868	23.3711362864742	1.32309304743902	1
X2902181	-5.05312352290457	0.477493263007525	23.8785870416601	-5.06208094846939	1
X2902182	49.7387946085166	4.44071570428129	36.7394655863827	10.2854106810575	1
X2902183	4.25258878308209	0.678748953751891	19.7879517514058	5.25521957602878	1
X2902184	-18.392775411108	-0.106790043168752	2.28687151916901	0.107952453692116	1
X2902185	26.8183496729574	0.451476892053861	35.5887653576638	-1.6710319608159	1
X2902186	0.792599762587296	1.53713956658639	14.7524149273045	2.48020438856929	1
X2902187	-30.2661710236394	2.44097664763362	-17.3851352100286	3.93973617541027	1
X2902188	82.0536727541132	3.61040744705061	44.2042511637583	11.0553688606494	1
X2902189	57.1426902398625	2.37435312616239	32.4716397264419	5.25860330861549	1
X2902190	3.50163667985411	0.155889247649072	-17.7740387093894	0.803154291894542	1
X2902191	-10.9612146810566	-0.627171605475501	-0.219801723631805	-6.31026527368793	1
X2902192	65.6867634541891	4.75560688469074	23.819453576022	7.5161615790617	1
X2902193	51.6883468036656	4.4765607222096	41.4682689255922	4.27623853591146	1
X2902194	-83.5499471828278	-3.1679347344512	-33.403510231593	-5.19605781928774	1
X2902195	-75.0504934755391	-2.55884546588001	-84.4068581384464	-8.93765856313173	1
X2902196	9.93139743741614	-1.91083226979963	42.2609657377987	-4.52796567692412	1
X2902197	-12.7081717853288	-1.11989163934685	0.745368502632888	-7.49023814891384	1
X2902198	-44.2116640066241	-1.263967612273	-49.8548956885803	-5.47264338568339	1
X2902199	-37.8034521294499	-3.18651371577674	-57.6541758394594	-2.90715199816519	1
X2902200	-3.12142781126161	-1.5296168867444	-2.75114028518389	0.201917700826862	1
X2902201	-19.2474396305668	-0.639266787982442	-2.29293546149251	-9.7612073311731	1
X2902202	-90.86795856972	-1.61221345545759	-54.4304895087833	-16.8302499131183	1
X2902203	-27.6595350296064	0.0490770336716078	7.60669858209102	-8.85538792193566	1
X2902204	-45.4187384859664	-2.98678211261323	-44.2027834025575	-12.0245494687069	1
X2902205	5.39335415151799	-0.469481062706984	-4.43065255800815	-4.75197135757266	1
X2902206	-13.9585792401898	-3.01921923920406	-11.5419611141256	-2.87825806720357	1
X2902207	5.7440351032842	-1.05271799902443	10.7941767399216	-9.45896652186955	1
X2902208	-0.189362885897971	-1.258553781911	-51.2584186301406	-1.03871273279408	1
X2902209	-38.3979815835091	-2.73426484736849	-19.0862081086041	-3.55435924521787	1
X2902210	-76.2314548407261	-0.357485660637949	-55.063994422882	-16.4785229218809	1
X2902211	-27.2018781455305	-0.14527480424763	-17.2635326279944	-7.13625033326676	1
X2902212	-40.2605039113365	-0.669065648665475	-49.6012684874241	-14.5605331321856	1
X2902213	-16.5238693058739	-0.935086368249486	12.608036575741	-2.35403554493027	1
X2902214	19.9399980368842	-1.82325240556872	14.9695454190351	1.61678785487593	1
X2902215	-1.17898441078785	-0.751856265825902	8.39858183912037	-9.19520104283499	1
X2902216	-58.629076445273	-2.93386078613175	-34.9197721844858	-2.72130996105877	1
X2902217	-53.0608531209191	-3.67719326822382	-36.9308454197832	-12.6785652900633	1
X2902218	13.1351167919328	-4.0368424736405	-7.79052580319332	0.094745655742544	1
X2902219	-14.127024062008	-1.56142199194722	1.15288055054532	-2.46442026571041	1
X2902220	-92.4563345855255	-4.68399602056611	-83.502972633452	-2.44067501882123	1
X2902221	-93.4327726520259	-4.37485660277407	-73.1541411900384	-4.43104020046371	1
X2902222	-54.0512172953935	-1.07513625444105	-49.0043587348143	-8.89711928972253	1
X2902223	-104.503504615833	-4.32891080376115	-89.7046300525366	-0.81981082864214	1
X2902224	-66.1954512246994	-2.52449870378449	-71.2559244874721	-4.92537005103229	1
X2902225	21.4772946289721	-1.23290869449028	-9.92646893118734	-2.03768098587526	1
X2902226	-69.4313478476813	-0.613091939754251	-71.237196907935	3.23395362239218	1
X2902227	-33.2164144320783	-0.908901966792902	-24.6542301800538	3.3894140967974	1
X2902228	-60.3571381712023	-4.59870099956576	-33.5908179543629	-3.61305236500591	1
X2902229	-102.550856679603	-1.32685084226656	-69.8380169986037	-1.87328751283768	1
X2902230	-70.0188024149689	-0.294028232726355	-78.9744497738169	-1.72460639609033	1
X2902231	-29.8871434601764	-3.7436443474729	-65.4548958433239	-4.60060663387146	1
X2902232	-10.3747606916745	0.114965782530092	-27.4830082396775	2.75587881010681	1
X2902233	-36.8390261224121	-0.958570808864273	-17.0513351288887	2.92827920898784	1
X2902234	-14.9766063153601	-2.60279608322304	-14.140960284887	-2.46246330067841	1
X2902235	36.2192138390891	-1.08494685726465	53.8335669881877	-5.61548912802121	1
X2902236	-52.2986330322343	-3.7162413746385	-40.7214369161532	4.03484421295753	1
X2902237	-54.4941740587811	-1.66925891941853	-25.2992355677229	2.6385965102707	1
X2902238	-44.7198607161335	0.233232123513166	-66.1227035628949	-1.41662929189886	1
X2902239	-16.7869085454286	0.382492455657099	9.02504734438581	7.1972215487227	1
X2902240	-92.2973151465103	-3.94244378979225	-35.6872362606477	-7.13696369428719	1
X2902241	-12.1440868409724	0.338920864142551	-15.1527217170962	4.07844841856004	1
X2902242	-36.2196759036946	-4.27968462583849	-37.9413452965757	-5.73958746647503	1
X2902243	-47.4626341734404	-4.01463541010273	-77.2228914196128	-1.43790319684573	1
X2902244	15.3235018349417	-1.8298129910526	2.18526125502521	1.37513210512476	1
X2902245	-8.71806878094681	-0.892732063345138	-37.2681432411907	8.60183689042619	1
X2902246	-49.7313347178617	-1.31717190536676	-41.6617373283877	6.71833423372651	1
X2902247	-60.9609840184471	-5.09928295838518	-24.5336628417041	-3.68089245255476	1
X2902248	-32.9300958369042	-2.06068089411394	-57.0748261332105	1.59889001982979	1
X2902249	-12.5803841843654	-0.554885908520864	6.94867764737779	5.3944182711794	1
X2902250	17.423917200948	-2.35097003142286	5.94413008193714	-4.20689576312973	1
X2902251	38.3219390975444	1.16658226150694	40.5083877294774	-0.256026327655796	1
X2902252	83.8643121268995	2.82692478385565	71.7101517635742	-1.25864031274486	1
X2902253	16.8169171832782	-2.43545218443265	41.4384010947848	-1.56666103489742	1
X2902254	76.7493762697152	5.25538632585208	92.5105875885727	-0.0367436042980507	1
X2902255	18.6632440151553	-1.97583230384377	17.8737412607934	-10.7497386421743	1
X2902256	4.41543873041478	-2.76819459354337	18.6925335331281	-6.80680972432939	1
X2902257	38.5739783457344	1.3144427532985	62.4302453900041	-1.18489819912837	1
X2902258	73.2215202490562	1.69467945861349	98.4606230334933	0.0387179057740712	1
X2902259	32.1907658044912	2.69375136297595	27.2561258154321	-5.64480173678783	1
X2902260	47.8926273993229	0.695810873255447	32.4582723613127	1.02217561218674	1
X2902261	49.0997842771624	0.765489571095849	57.4394763992096	-2.04155327600835	1
X2902262	47.25008091255	3.90153214429183	55.6580019518888	6.10999044762869	1
X2902263	65.5126980473259	2.03954040189731	46.5457330854405	5.34569049585152	1
X2902264	49.2073304249075	0.648962667157726	42.7415926664017	-4.77905172697886	1
X2902265	-10.9951865189579	0.408687880899276	6.98581642697518	-1.78725305451102	1
X2902266	38.2334608448619	-0.886107693233803	50.0722029326356	1.65355903217929	1
X2902267	10.8488125389876	-0.847004074418602	13.3903563423858	-5.99232562007367	1
X2902268	57.5782583835167	-2.51432777852483	62.3267453563593	-5.94521174426181	1
X2902269	74.1989988659642	3.80405470030934	71.0783290890375	-0.345661101780671	1
X2902270	44.5858299713618	1.76669305361441	29.2473213488743	6.89093949375964	1
X2902271	74.3914737559016	1.5852230521059	50.2206545535034	8.79083268339705	1
X2902272	23.1893398666708	0.26189940406302	48.0017444071658	-6.19887144803318	1
X2902273	77.0062672199992	-0.0506820533213321	81.7903268119951	-1.05784396356084	1
X2902274	46.6382720180784	2.47736124081951	56.6743161951873	-1.6503983891341	1
X2902275	85.5478743947438	1.40942132793566	60.5274156660223	11.16760569258	1
X2902276	34.6514317794142	1.29534245423691	66.6272726714653	-1.84843258355127	1
X2902277	1.66007547050213	0.292934419648372	1.36165903427049	-1.74304563747615	1
X2902278	5.26986114934	1.89189639314848	-8.82665066883033	2.78991621628163	1
X2902279	28.1456077334287	-0.65397821391782	25.9045581867863	2.01458644001226	1
X2902280	58.616494047929	1.85829851987463	71.1724437879079	-4.86593739952752	1
X2902281	105.530864909611	1.93468122383831	85.5198109161882	0.239811910199535	1
X2902282	71.3101318400894	-0.332814235168483	47.1428159640484	7.21035041609383	1
X2902283	35.0729240279954	0.273657000444437	43.8268800942098	-5.22494964523688	1
X2902284	81.130680479735	0.0742222603473093	100.142333093127	1.2705549743842	1
X2902285	41.1350599939599	2.01405783413	25.4004639051779	-0.25251921501808	1
X2902286	9.31927899096992	0.0503263635240534	1.4085000142509	-8.56410478727015	1
X2902287	-5.42604411771505	-1.88892413038997	-1.12894877983201	-6.33072062753654	1
X2902288	-18.0213182953943	-0.729039699702842	0.17307920433189	-9.17943076309682	1
X2902289	49.9726442651164	0.202789464514156	55.772070096696	-0.639945133360752	1
X2902290	29.6738148629923	-1.25796467708927	0.728966553858554	0.247242498541569	1
X2902291	-7.27463318943476	-1.25275293010005	-0.213123475995667	0.279156614290591	1
X2902292	78.8328023624752	-0.0826854693649138	79.7495819071543	-0.57584258453192	1
X2902293	-13.5451947707485	0.549787340199363	-1.14489546474797	1.80034948152158	1
X2902294	-8.34785753201207	1.57635971418301	-12.7978863920059	0.776576344509362	1
X2902295	48.0753101999444	1.48108333343332	47.7109055204027	-0.576321025001211	1
X2902296	4.69943148200745	-0.908999993574006	32.8819390036669	-1.7703868127658	1
X2902297	49.0948234832072	1.48160276080855	35.7553548930632	6.00701949826578	1
X2902298	46.9446163424125	1.42558314391758	44.5882639872992	5.69348333406527	1
X2902299	-22.0170912372337	-1.82761558339132	-21.3598243307226	-5.13349719360917	1
X2902300	6.19305428250861	-1.09868037378948	5.73874271355144	1.47155604228702	1
X2902301	21.6511367682412	-0.794912505715853	25.7956254782581	-3.73248889433036	1
X2902302	-77.371997739108	-1.91860024450791	-76.6009531133339	-6.68816364887337	1
X2902303	-68.6259641307574	1.00438830519944	-76.6346109895524	-3.92923209209534	1
X2902304	18.7647726788652	-1.51880272282341	13.8774435180929	-5.88473594975678	1
X2902305	-35.4156199429852	-0.847589487941425	-6.26593304445468	6.018309698115	1
X2902306	-37.8146238757134	0.556366964741095	-8.33088633283001	-2.64532955557265	1
X2902307	-57.6371561557387	-0.268178002766904	-84.7070444367031	5.79568696681331	1
X2902308	-60.6106455660728	-2.91934672713924	-54.0048718817608	4.72562199224245	1
X2902309	6.30801188779186	-1.26392192407727	-3.00287505734167	0.649506876498228	1
X2902310	-60.2262112767972	-3.23900959797872	-36.038102785188	-0.160803624510225	1
X2902311	-67.2260844205185	-0.924501068034774	-52.3543634641974	5.46629533433053	1
X2902312	-56.6653061695917	-3.75048485960107	-54.4770714624717	-8.08988080803935	1
X2902313	-70.4223231408069	-3.14324566206812	-46.9218901290347	-0.281308174071039	1
X2902314	-9.20003329173847	-1.68990041747504	19.4965654109036	5.30738065224119	1
X2902315	-61.4622970740179	-0.967978833718887	-11.4575781190088	6.51034368884906	1
X2902316	-42.5945442849365	-5.06432374941537	-72.8024329631353	0.823200768663722	1
X2902317	-29.7559903868561	-0.706454751095113	-12.9922937313626	5.05263266881649	1
X2902318	-65.5240593567721	-0.968772047246369	-34.452073841325	-3.82435810900709	1
X2902319	-21.0022462052104	-0.878433614289181	0.301029344273473	2.86766378475754	1
X2902320	-25.1678475832275	-3.69454031815651	-18.8307301255749	-4.216098802949	1
X2902321	5.73514287778144	-1.8906361168183	22.0969433058468	-6.31817321089223	1
X2902322	-74.9927460337471	-3.00965749165473	-57.818937231969	-9.27791167068609	1
X2902323	-74.5598789043307	-2.55929062051921	-47.4401904973145	-10.5683931674782	1
X2902324	30.5927244883535	-1.139887976703	19.2515688886177	-0.0487303413441902	1
X2902325	-15.2656462045068	-1.81223078276316	9.39982084260913	-0.556634846258593	1
X2902326	-43.7164173393664	-4.83731456511086	-58.2123966307009	-15.3671248413895	1
X2902327	-3.10436667203732	-2.54609009709529	-25.7292285170315	-10.6781878545574	1
X2902328	-23.4226599720751	0.279549361443491	-1.60742526778876	-10.2283896155543	1
X2902329	-43.9479964675727	-1.17905606459875	-20.6865039141898	-7.63185885683526	1
X2902330	-87.2561749808785	-3.30828286785327	-52.8288485057835	-6.53501814146608	1
X2902331	-5.68146680072264	-1.69187779677583	-4.29725077715053	-2.85827261794417	1
X2902332	-79.480374840576	-4.51445868261294	-45.4580095366326	-17.3888145895798	1
X2902333	13.1137587454345	-0.692974292963632	-22.5187987758746	-4.86554805585184	1
X2902334	-18.8928767232709	-3.62659199998771	-22.1743080497871	-2.63542968884794	1
X2902335	-29.4478845795479	-2.77580495301566	-29.1273698956142	-8.67833515025696	1
X2902336	-58.0957076058572	-2.91626891720284	-35.8388995318141	8.09357904441384	1
X2902337	10.4194958463996	-2.32525136976539	10.6860103012777	1.0892281312156	1
X2902338	-88.3455102651512	-4.56100219890306	-40.0989015449392	-16.8541599092591	1
X2902339	-19.4867295547925	-3.66748720989173	-39.4786161116943	-2.91632299061124	1
X2902340	-89.8577573309308	-1.72830303061071	-45.6907270280185	1.62195679746085	1
X2902341	-8.8631647193717	-1.29992245376346	-37.61415564762	0.854956115555376	1
X2902342	-1.47477691924441	0.0439902120409116	0.376780396024977	3.13118144471005	1
X2902343	-48.0440941474974	-0.540385949164597	-44.299854502739	-1.90632977352936	1
X2902344	0.613426559202186	-2.04061918017077	-16.6120770078369	-2.3351985178383	1
X2902345	96.5849351243827	-1.42644807121498	100.007294713097	1.64162785958149	1
X2902346	102.716799145839	0.205697700881485	59.443400350506	2.23440294893441	1
X2902347	-39.9043735188418	-2.17354288981576	-18.8237888251845	12.4052975918993	1
X2902348	94.6072955148661	-0.532846780502435	101.475620632002	-7.25263778927469	1
X2902349	104.967907799424	-2.17148000646564	34.6822076507571	-9.62441906927048	1
X2902350	41.478022078932	0.53960707807116	48.3154227162689	5.01368338321982	1
X2902351	2.80446783653527	-2.86417095267208	2.82875639571723	6.46317676545281	1
X2902352	70.5350950926831	0.0791309575353474	32.5127651633861	11.533029388752	1
X2902353	25.9352664548764	-2.54087510739948	16.1358380459675	-6.87351487770345	1
X2902354	2.26783474648595	-1.81089660879563	-2.5750766312664	9.77928674144956	1
X2902355	40.6262287280005	3.14073991047587	44.1210187587551	5.8757006707328	1
X2902356	13.219183145428	-1.81040369125981	22.2759545260874	-0.151924948298102	1
X2902357	66.0307199429807	3.4324157271349	40.4274056617453	7.75857938494869	1
X2902358	-18.4165649274731	1.24176992635906	-17.665590464526	6.91512480147169	1
X2902359	31.2125869567189	-1.43169887335423	55.1960851606819	6.21515912135491	1
X2902360	61.2341673828229	-1.74976600457791	74.621196775614	3.65776009381006	1
X2902361	90.9914269158966	0.0927834819119932	65.3015821766927	0.478433411345471	1
X2902362	-62.4612104266996	-0.365924458665131	-35.6497608961778	8.41592354258389	1
X2902363	14.2121137835354	-2.6711425859828	-8.3958346583698	-3.01234772870047	1
X2902364	-21.2237711177897	0.0185490015320791	7.21904308126527	-1.49095255546934	1
X2902365	17.1914692342159	0.766742395092763	-6.39008502053082	-5.89895691433093	1
X2902366	43.2934944473404	-1.48812074372699	48.3214817017992	-2.7573205569646	1
X2902367	-5.52550476705813	-0.617447640281925	27.4413850050083	-2.96006954544539	1
X2902368	52.6775881071353	1.31308691337897	35.3645065939099	3.13720235385361	1
X2902369	19.7880958418452	2.02134708445188	12.7374101246404	1.81815609870564	1
X2902370	64.8407509073603	1.59575016953964	61.8011258162549	4.51899259960143	1
X2902371	73.642098139105	1.78504268992338	53.3730819073175	7.89530138317115	1
X2902372	95.0274441418448	2.13251410135892	82.2209557089721	-2.58298575918543	1
X2902373	67.8717211231169	2.56301683709037	56.8933115725874	7.43362014476928	1
X2902374	0.352289054522332	-1.85184328473845	-5.3999969746876	-7.31060931478883	1
X2902375	61.9023868828884	-0.131162116850319	55.8093867913454	-1.16831034233253	1
X2902376	11.749071804153	-0.678965862086146	22.0022303860641	-3.58442066964875	1
X2902377	52.85869326643	-0.747445096185126	49.1357239377596	5.70576737760907	1
X2902378	10.0066481072464	-1.68225472046701	8.44309630373823	7.54442138793896	1
X2902379	-34.9934913652561	-1.5528384459566	9.41809603942379	-9.25348916531191	1
X2902380	-1.77825214124454	0.277313777878794	29.5157395750256	1.84403468730724	1
X2902381	30.647129605211	2.85777282674579	33.3912399960497	4.96852401709178	1
X2902382	58.9910191405009	1.40949254658798	29.2212919194847	4.59537479431956	1
X2902383	6.35502169935531	0.00840350893540831	-6.40100159958221	4.6608813601118	1
X2902384	91.6478169004824	0.228026053322144	71.4799666077976	2.15457855496341	1
X2902385	9.12338532239292	0.456200234972317	22.6809460154678	-4.7081725564335	1
X2902386	9.97836315862689	1.26781361134895	19.6368122115176	7.2828800486821	1
X2902387	70.9184355934715	2.15006275988498	45.9328154783809	7.01903488496303	1
X2902388	8.68942537157134	0.246265825824693	-1.77347459321808	-4.98352021539651	1
X2902389	52.7338306342484	2.04874368616787	47.5397834150766	7.77846886936578	1
X2902390	39.0864619652846	2.71487276306714	17.5244237498881	2.98583137785325	1
X2902391	121.152495956914	3.17649345514809	83.3233518855295	10.041571455904	1
X2902392	19.8435723817119	-1.84247706426412	35.0582330992006	-1.73883808022026	1
X2902393	90.5454677333921	3.59446733193935	94.1994463719598	7.9667018715862	1
X2902394	61.7713061686529	0.56591345792856	49.7966464373123	4.06846429860274	1
X2902395	-27.5171437482487	1.36970449989958	16.4863612056301	7.63459371320774	1
X2902396	29.027807676073	2.65159099437482	18.348780120446	4.48940487042873	1
X2902397	-69.4746589459126	-5.03580205424448	-72.0445720674069	4.2414545743331	1
X2902398	17.2637815015197	0.472063583431754	28.2284704610074	-4.14916802465007	1
X2902399	-100.533948302078	-4.11469473924879	-72.2705702754033	-2.68282810802094	1
X2902400	-56.2260055009264	-3.6928978977449	-78.4427215186111	-4.81807613472971	1
X2902401	-68.5328938153777	-2.58283849991728	-57.227880173475	-4.69969441193075	1
X2902402	-79.0663266233388	-4.59664647213465	-67.8094724329708	-6.31329248952826	1
X2902403	-15.709131899652	-3.20059474023065	7.21578146957933	-8.1554310436573	1
X2902404	-63.5269905913493	-3.83442925489183	-52.9725944575796	-9.71950881095679	1
X2902405	-66.8998547885345	-4.50324344659692	-67.6147312271071	2.30291803852366	1
X2902406	-49.2646603171239	-4.18988275889169	-50.9025514669012	-7.6774763772111	1
X2902407	-16.6515799958771	-3.01446510549649	0.393963448433176	-7.44157032674957	1
X2902408	-101.488668126342	-0.973193949966762	-67.8424590960674	-0.157533064364677	1
X2902409	31.6455113989738	0.111633944062216	-6.59461389926816	-1.20207913634791	1
X2902410	-62.6086824796788	-1.51455443841009	-22.6189634322119	-9.19359324066075	1
X2902411	0.372201079288968	0.537582646542179	-23.0606889955491	-1.35074073381277	1
X2902412	-30.1615720047338	-1.30790834604117	-58.9228485198092	-8.32944707568725	1
X2902413	18.121168617001	-1.06232914516265	-12.1793681222925	-3.14291071445289	1
X2902414	-35.2682273661301	0.5248201905449	-30.9905221245554	-5.09608479803524	1
X2902415	12.1826973095697	-1.03602463803355	7.24040549986524	-4.99580097234931	1
X2902416	18.2067232066349	-3.63337719553798	41.9099444760171	-7.28861248820314	1
X2902417	-77.8768530538773	-4.12663954180873	-60.077477559108	-3.45731452134223	1
X2902418	-111.506146903379	-5.02974786404773	-88.6392177674613	-0.388264631997327	1
X2902419	-81.7388353410179	-5.0375125435782	-27.6523924358759	-17.0319553694766	1
X2902420	-6.79008576275204	-1.24204132843069	-0.188334842183711	0.81530066820681	1
X2902421	-73.0319418117435	-3.96430527875626	-71.0241893113198	-1.82543128197834	1
X2902422	-25.3704699829995	-1.35536034075366	-2.95364605347902	-5.71737976712471	1
X2902423	-96.6042397882584	-3.45924835833753	-29.9441027270486	-14.8469753942666	1
X2902424	-46.9495446230211	-3.50713158396145	-48.017816411871	-4.12712567818782	1
X2902425	-19.3456648233597	-1.76720438663442	-25.2219855404011	-5.07711965523311	1
X2902426	-81.0980816054828	-1.22258803748023	-90.7456484638878	-8.80341415200706	1
X2902427	-19.3231807523209	-1.98849625619739	19.2271973428574	-4.69777626589047	1
X2902428	-83.9785651862348	-3.64909614746933	-65.9319422824213	-1.61566634785882	1
X2902429	9.161170886718	-2.06153316482076	-23.2563323740503	-3.67737803888559	1
X2902430	-95.6591501832695	-3.09344312447685	-95.5775295485606	-5.67230954114568	1
X2902431	-68.7240918654586	-3.84508891258488	-50.9947046407125	-10.1545608349866	1
X2902432	-50.0956999806908	-1.96384939888162	-47.5146757050809	-7.30284906108189	1
X2902433	-96.477188146275	-0.773126539436454	-65.8311327999483	0.08455279695997	1
X2902434	-5.49730344792001	1.19433733507619	-28.9826831675644	0.261598277211826	1
X2902435	-0.0421977282733623	-2.16748261778022	10.608654465955	-2.01695515427626	1
X2902436	-71.2071785452321	-6.14194034941137	-105.157418761691	4.7220573574595	1
X2902437	-50.2733788558065	-4.32535819593398	-75.0425569674834	0.479494379323336	1
X2902438	-27.8306599207699	-1.17967347829419	-31.2323120026491	-2.08556309185604	1
X2902439	-88.1958427803487	-4.97681064300369	-81.7940450780183	5.82686996303029	1
X2902440	0.654594276647421	1.02338498939656	20.3866212193603	-0.446147816847509	1
X2902441	-8.20332480735276	0.00661318417905898	17.6647625766068	-9.32374637328406	1
X2902442	4.44434738580424	-1.67833972989732	29.2627659056482	-6.52245344325318	1
X2902443	2.92183750906292	-0.958419782593426	28.4048926569727	-2.51476690926845	1
X2902444	16.5250290925726	-0.135989422068062	-19.1292204638872	5.21246263736809	1
X2902445	-82.0033333129469	-3.43742725297963	-54.2326988573858	-10.583795705339	1
X2902446	-27.5953450824343	-1.9593866569576	-47.1750060824414	-3.29930173842432	1
X2902447	0.750037556975193	0.841571319571265	5.92612797672708	5.29864624367491	1
X2902448	-80.407065378257	-0.611436547247064	-78.6105888404454	0.267647493529999	1
X2902449	-11.9717539085112	-1.2372223258182	14.6254067869759	4.72871351837847	1
X2902450	25.5493255117622	-4.160204382006	17.2791713161578	-3.41992764374563	1
X2902451	58.5647145074272	1.47977102835072	49.2769413748003	-2.59448079636326	1
X2902452	-23.4058547681461	-1.28456786059221	1.40182819323103	-5.17712594152399	1
X2902453	14.765948090225	0.162326732815718	-3.65855026657044	5.38829616703169	1
X2902454	-6.31335772998521	-2.66900156673109	-25.0826832795417	-8.4677517770802	1
X2902455	36.0430642264454	2.06120903266552	45.6847139844933	3.19739225806175	1
X2902456	56.927092512638	2.43422142043804	65.8399163038212	-7.88752673175594	1
X2902457	-0.418296439289623	1.54292283079551	43.0499402996854	-6.07190938197666	1
X2902458	77.1788934844257	0.871623159149201	63.7312656485297	-9.70450788973828	1
X2902459	18.2854802804281	3.0021864282533	-0.732775717026463	-8.00668219066512	1
X2902460	-35.6055249448364	-0.83364922726302	10.0565409468747	-0.872436899889506	1
X2902461	72.6559586635411	3.21929618829785	39.3378579082704	5.35883256535309	1
X2902462	4.00818482838477	2.87885988887737	16.0723046981612	5.04083340375023	1
X2902463	20.0218572208958	3.41516565371754	9.73688081849841	6.28660077869164	1
X2902464	-9.50121147477523	-0.601720960108234	-7.85474189715315	0.926814232407067	1
X2902465	-4.32241465030809	-0.531799300175259	-11.4313206957606	-10.7702692356045	1
X2902466	20.5118191243639	-2.59391705818752	49.7139895733135	-10.0371188136721	1
X2902467	23.7753793852495	1.74711861968287	26.0787396940343	-2.2624632820433	1
X2902468	35.6639166387399	3.54594008206258	34.5433713926423	1.62494280766129	1
X2902469	31.8108392201663	2.24010856102384	3.60334010943507	-0.772070253066818	1
X2902470	18.1438488617869	1.7283806932838	41.9270316383202	-0.572268399981765	1
X2902471	64.9618026963281	-0.20241907810894	66.366453182445	-2.1280868558143	1
X2902472	-71.7477167719173	-1.30542750284292	-59.8719093540127	-0.690385613154648	1
X2902473	14.7826189072284	-1.75074440293288	15.066964017084	9.94183988206928	1
X2902474	15.9476510102734	-0.371268536903397	16.4718547926263	9.16148904459935	1
X2902475	-34.9953034296372	-0.353671311380742	-20.9172382381044	2.87929080683263	1
X2902476	22.9001169157195	0.705501859706034	-19.8122448667954	10.1051428679973	1
X2902477	-33.2164483479104	-0.73761846907031	-56.3502273420673	16.0447727158709	1
X2902478	-57.331668256564	-4.81728957645615	-57.3096580792502	-0.851191553652142	1
X2902479	-38.5473648627209	0.129875917958668	-62.2628914544712	13.978044168563	1
X2902480	-4.20144383385571	-1.48618858449607	-17.502110802274	3.93942587426974	1
X2902481	-62.1751718614316	-1.31529793674688	-62.6915747191928	17.5268710634196	1
X2902482	-44.0481912249058	-1.38796973092831	-27.4094023008471	10.5493629545876	1
X2902483	-95.4925452687931	-3.05077766995067	-123.519704415684	6.40224977265072	1
X2902484	-65.8236354359692	-2.82026403985544	-76.1647514242086	5.78703988870143	1
X2902485	-21.936179051889	-1.42900861715276	-13.2904211885191	9.69256597960473	1
X2902486	-48.0352702945235	0.132283463481566	-34.4145293249219	11.2097974279984	1
X2902487	-13.7494180477964	0.230816047840243	3.58239062084529	12.9535800249604	1
X2902488	-8.89660405310197	0.0791669639422701	-25.1823139705868	7.19171487414711	1
X2902489	-35.0502046307839	-1.15887230498389	-55.7139955555632	11.7320225152552	1
X2902490	15.4611851485391	0.198501497773644	-13.8782593948141	-7.5308006220085	1
X2902491	57.7805726322058	2.14295603205172	58.0532711514979	-0.417317203593284	1
X2902492	27.2414616217126	-1.70801447940682	21.6409218525043	-4.28137743327129	1
X2902493	21.646591311599	0.38537078978212	53.1544088255469	-6.15255690891597	1
X2902494	41.2995869641637	4.15906058675265	45.2503685409962	0.141527173750172	1
X2902495	92.2970740797675	2.38620688494374	92.3849934919257	-2.14098796582698	1
X2902496	15.9313760542014	-0.720831237041382	13.6327812038634	-14.0348087966394	1
X2902497	71.1174305014368	0.664977834625355	28.4959082131671	1.45139071117697	1
X2902498	33.550229895611	2.38769636046655	3.85734261336271	6.69645395726244	1
X2902499	71.7244821930666	0.89273662156523	59.0752668058476	1.07572245727652	1
X2902500	72.4883194001914	3.38189586920257	17.4459436018043	-5.88242509738968	1
X2902501	32.0669411811316	2.66065582068783	46.1061834828269	-1.55422980911054	1
X2902502	-10.5906146149805	-0.00238138879556576	3.73970824651097	-7.39073241857754	1
X2902503	61.5468918060927	3.14684201076526	80.6169354633385	1.42752001767838	1
X2902504	45.7617031359423	-0.344272126845587	25.0349514365534	-5.21166421247588	1
X2902505	4.26871272688706	-0.244016463363491	17.465333428135	-10.9221680577051	1
X2902506	29.3504515656697	-1.38562844430254	25.9666581179864	-7.08120284694416	1
X2902507	27.1149025210125	-0.136598980495507	24.2225729231449	-3.29273833777781	1
X2902508	74.8441402985402	-1.80242902209903	86.7410396687488	-1.87631391838866	1
X2902509	20.1710689956537	0.604205373164163	32.0496526963224	4.36302963210552	1
X2902510	-85.7893301019742	-1.56190692997919	-78.1034856469883	-1.43503400276463	1
X2902511	-103.108850409908	-4.57464920662404	-64.2951318651784	2.41882198578943	1
X2902512	-16.4919820736618	-0.928479429954296	-6.10284730611343	5.53678717630871	1
X2902513	4.18443214173996	-0.352453399483642	-31.9729941712296	-3.39317150309997	1
X2902514	2.87786790680103	1.53854478983556	-17.1410532886285	4.58401885074948	1
X2902515	-85.4904778586901	-1.02423380967626	-36.560664164877	-0.578650793884504	1
X2902516	-35.4312986466072	-0.551643716080368	-24.7301331247139	-3.02961898792557	1
X2902517	11.7484124121758	-0.960813894377953	-0.224677332654967	-5.3865956727258	1
X2902518	-81.673765029753	0.537018545240573	-87.9819845863152	2.99184923576348	1
X2902519	-69.1193757411307	-4.71765602538003	-4.80552569852647	-4.83574787657042	1
X2902520	-13.0427049533359	-2.74972179112058	-30.3744690047471	-0.771471115906051	1
X2902521	-100.035252030371	-1.99214503869278	-92.8567252434698	-2.37727758566156	1
X2902522	-92.0120897517799	-4.7493946703937	-74.270465961805	4.23907782288789	1
X2902523	1.41332910910385	0.184325668848565	18.3197450767015	2.6818115770371	1
X2902524	-34.1352420452867	-0.886041389181229	-26.627680560183	0.0989760177658303	1
X2902525	-47.7753916578052	-4.16312763174202	-62.5698570646066	2.53149035239145	1
X2902526	-37.8919359609378	-4.30266746004874	-31.7146195038183	-8.96194225531712	1
X2902527	25.7315918487311	-4.87120591303706	30.4164164218875	1.48789311501738	1
X2902528	-11.7583159376741	-0.168949954777462	-7.51561174363229	0.363437510343295	1
X2902529	-65.5949503106194	-2.17771036300908	-72.0989149260399	5.34568452570379	1
X2902530	13.2239208155675	-1.41152943506203	9.92266703172033	7.35009892892352	1
X2902531	-83.9179958423458	-3.98651953132804	-78.6240252249606	-8.97235159252837	1
X2902532	5.6279862174557	-1.23747780878382	15.0411533035521	-7.33109175810357	1
X2902533	5.72618060673857	-0.475978250674384	33.4736034479013	-9.02915479412161	1
X2902534	6.91141255585137	0.0559075370787801	30.0382363921887	-1.0010607354958	1
X2902535	47.0207990678789	-0.60997919852977	-2.74241041600536	-0.615151037903837	1
X2902536	-57.1096599868166	0.401666824285937	-90.3004550907209	2.86751918724497	1
X2902537	-33.7805582766563	0.174102720402035	-33.5482013243938	3.30492487442869	1
X2902538	-75.3600433375042	1.26818453997278	-80.0915676460377	1.87950826411348	1
X2902539	-90.9208150931177	-3.52006070552169	-105.076629291807	-2.14528488196432	1
X2902540	-90.4037696297691	-1.99684444039035	-43.6902467932214	-5.98658093236296	1
X2902541	-3.26814948835687	0.20657951116563	-19.5778968681546	8.55376496357073	1
X2902542	0.994225959844393	1.87039367850339	-50.8966074398632	1.56617290846946	1
X2902543	-16.6821124581004	-2.417164017268	-23.3887234136413	-10.8414236200357	1
X2902544	-37.3200740234717	-2.40091199344193	-19.8364310336533	-5.82866317028704	1
X2902545	-13.3707055119081	-1.32484262072605	10.0808636378266	0.429295823231617	1
X2902546	-35.9149421033913	2.0890424010303	-14.8741035050576	3.88830471988368	1
X2902547	-85.9590530257764	0.637661356046011	-61.6616352081988	2.53170138090247	1
X2902548	-47.3689157117361	-2.93501073317445	-27.5577251539489	-5.62742434110746	1
X2902549	-27.2149423364532	-2.11414991062251	18.7783100079762	4.45318080647689	1
X2902550	-39.5874610316745	-3.20450603683372	-66.6967168330332	0.659825167154106	1
X2902551	-42.3607758493689	-1.82492285942889	-61.5389496505842	-6.97684970225889	1
X2902552	-21.4376465511923	1.41213766125163	8.65400444039955	-16.7458830234761	1
X2902553	-94.7259170884277	2.25408734833446	-69.4412901661816	-2.63263149499427	1
X2902554	-6.94812363611755	1.05771141019081	27.2690144106817	-11.7464114458591	1
X2902555	15.5715582583821	1.85635914900062	4.8854585090549	-7.37158342565825	1
X2902556	-55.9675353082444	3.0055742124154	-50.0619371083696	0.0974744511114594	1
X2902557	8.09204161698026	0.699770973734577	25.78670850299	-7.54766513929816	1
X2902558	-58.6502911470155	-2.63510760928963	-58.3518596397586	-16.8729524566182	1
X2902559	-19.2559784168187	2.06432154777594	-43.8999698724413	4.8643732706389	1
X2902560	-1.21145097952119	1.16884285385887	0.887414883582582	-9.04081600327719	1
X2902561	-75.9799211923302	-1.53285927115815	-67.4979188853772	-8.3488892960224	1
X2902562	-44.0102457838987	0.186466942967965	-28.9671025597517	-4.65355292673067	1
X2902563	-48.3928676066275	-0.193578633492421	-42.9985649111156	-2.49198066619468	1
X2902564	23.7627092050766	2.04584234011842	-16.2419833990398	9.42784699602778	1
X2902565	-50.9400502833825	-0.129806935352727	-36.3600307243944	-7.86085337920293	1
X2902566	-69.7137075077895	2.78986442567719	-79.4346257352527	5.09182555552423	1
X2902567	11.3366869064397	1.7931285388306	25.7900762800409	7.44497515367386	1
X2902568	20.5236813916813	2.23321657779274	-6.37882345375577	6.1257447622764	1
X2902569	-17.3793560234433	0.12550437773384	16.0062999987251	0.706147270007927	1
X2902570	-15.8064185690519	2.480997749578	1.03468297865	8.00037830917114	1
X2902571	-54.9111829478766	4.01556837694698	-59.7880427153894	5.78882177312953	1
X2902572	-51.7132077687413	3.88264230176572	-71.7511968280166	1.81451054580338	1
X2902573	-22.9722370290753	3.90928159620708	-10.9853432263259	0.179963027323056	1
X2902574	29.4780943306807	1.49205867698003	-9.97641296241709	1.47082268498108	1
X2902575	-28.9505372580397	-0.0268044929613465	-27.6946393459048	-0.947178979460978	1
X2902576	30.202346709192	3.87747783210831	10.6868556580959	4.25662658936151	1
X2902577	113.105441006437	0.359772168088868	76.4205181474512	-7.36805663420786	1
X2902578	45.8782201701052	3.04342899613727	49.9134080457879	2.89181303621083	1
X2902579	45.6945112786054	1.64914948769152	83.0243855767656	-6.54999615070794	1
X2902580	72.3741359480477	2.30877979415032	66.084227786667	5.40919979666954	1
X2902581	39.534352873428	0.477215047341965	59.3908153151238	-0.205223783374773	1
X2902582	67.4665334723915	2.80332095820086	44.0316406152803	5.75789568112863	1
X2902583	66.0981198882659	-0.444619253254553	32.4246762485007	4.35396254462236	1
X2902584	17.9344228581077	1.88015875016838	61.3638610079797	-7.96055996456175	1
X2902585	61.7029405937443	2.51812628199357	47.0914363752681	-5.45652614884941	1
X2902586	80.3965186743303	1.78142980033565	71.0560898277597	1.47263835096971	1
X2902587	25.9126809495084	2.25059223266121	25.6490174848502	7.08141230771846	1
X2902588	20.7549023368586	-0.621492778811509	23.2489698736279	-0.675555180539661	1
X2902589	37.8447962698429	1.84516715876117	33.2351729839646	1.84004719315317	1
X2902590	37.2785539299426	2.74774455794814	-9.11269862061108	2.05040254170171	1
X2902591	47.8750042042837	1.97777364814375	31.6967567411465	2.42973261127664	1
X2902592	74.9298160391418	1.27429006126574	82.1670585815643	0.737527173078032	1
X2902593	59.7083250825245	2.31075603870249	68.648784382681	2.63932305608593	1
X2902594	36.3271823967512	-1.68080540829301	52.3365246461393	-4.25373182176689	1
X2902595	47.4803984698717	2.68402477103977	36.6544481177026	1.49751059713637	1
X2902596	-6.01914639243582	0.317494304619567	-25.605648943174	7.87368421035204	1
X2902597	-81.1816702345231	-5.0181259287752	-49.2334028993164	3.93636333444619	1
X2902598	-67.7806858704344	-0.17599570770868	-47.1572360682733	-5.05858570736396	1
X2902599	-31.5321856317937	-2.55654242163324	-43.3315968895025	7.51504865922688	1
X2902600	-25.383186296342	0.745207245375785	-29.8337052862791	3.20860307269371	1
X2902601	-17.9436713777433	0.608672932033067	18.9077798014106	1.84284500973867	1
X2902602	-45.390146935365	-2.6986768381661	-4.6568830122451	6.72804435572137	1
X2902603	-4.59705777053362	0.507389481212647	-26.3256692108307	7.44215137421927	1
X2902604	-67.0989327424208	-4.1424306733808	-99.5325282824208	2.40687476794869	1
X2902605	-47.7301268673557	0.686154758588263	-83.3249145503918	-1.26584426015275	1
X2902606	-50.0020057715676	-4.74453021027281	-61.043959134774	2.53222628459434	1
X2902607	-55.1287504291274	-0.717446178025248	-77.9615817310723	3.61570738239215	1
X2902608	-8.70852424050231	-0.66566820726575	-6.77952727338673	6.1118119931983	1
X2902609	-58.9666751870088	-0.0696779777510983	-46.5029352851119	-4.30477458303316	1
X2902610	-3.82115590486076	-4.37467231942986	-34.9896330624206	-5.21944411559826	1
X2902611	-3.45057813564085	-1.21520292988321	26.9220423910331	-7.97518055583448	1
X2902612	-16.5908712687187	-2.59154982795486	3.60307416362629	-17.7501887898831	1
X2902613	67.9489327072652	-0.693277154451878	60.0687319647349	-7.64301081495408	1
X2902614	24.7438804731648	-1.42533514707808	48.9621117925818	-3.09396760233202	1
X2902615	43.7688405238714	-1.67753004815989	40.532309040944	-18.2044511000459	1
X2902616	7.95488481465783	-4.9026878154387	12.7584308895436	-13.8916377009277	1
X2902617	3.07624815381611	-2.35599739221651	25.4252783740769	-3.86531556330965	1
X2902618	17.7939537557863	-3.11223655361011	15.5619761548305	-2.01747006684323	1
X2902619	32.01140226334	-3.12865259019028	29.7872357524382	-7.27070317351193	1
X2902620	-28.5446084668292	-3.10256380604187	-40.5109094757625	-9.43880591051825	1
X2902621	61.7426482180117	-1.01005538544162	74.5847628957746	-3.37796456931913	1
X2902622	20.775652562302	-1.87118918960874	58.6593028962984	-6.40689236968871	1
X2902623	3.02030270938581	-2.96757063437295	37.1317880777707	-0.700444141574374	1
X2902624	55.6673066881901	1.83374288480128	41.2980249071697	15.5976636564976	1
X2902625	26.2683549387749	3.66377089986576	14.3388131643758	8.84675417090608	1
X2902626	8.05732540819509	5.6582658741991	14.5930146058943	7.88859121914393	1
X2902627	14.847775477599	2.0156924432603	-14.7705403102359	-0.0295386787148861	1
X2902628	42.1894878660077	3.57605311641188	22.2781002112484	11.1836383125219	1
X2902629	-16.7591385530603	0.998170147441899	-11.5167455841165	4.91372510671448	1
X2902630	-22.3553664464881	-1.52267063434352	21.705258220451	2.47136113047623	1
X2902631	25.2872323598778	3.50345430984652	11.3461796708224	12.1909187284734	1
X2902632	79.3610131064966	2.35371763735422	44.2709843873682	8.43877114444601	1
X2902633	0.502574364847322	-2.17167017622186	6.7659907409346	-2.94743803250251	1
X2902634	77.6618916235828	3.39569188903049	59.7825818337209	2.99217813826355	1
X2902635	55.1028785534644	2.07837788237574	35.6908906494217	14.7796431610074	1
X2902636	52.3547318591699	-0.60826106747846	55.8512607882807	3.53527025449373	1
X2902637	-7.23642021542168	-3.56688862855019	11.273654562122	-7.42319332601656	1
X2902638	-75.5548421568011	-3.93855779564417	-54.6419734853185	-9.15061763802747	1
X2902639	-8.98433919308068	-0.816032143806283	-15.626536222413	-7.8687460369615	1
X2902640	-21.7399413151315	-0.999345450306602	-0.141961604427161	-13.7372274563508	1
X2902641	-40.7514536473121	-2.09378309688949	2.60629356812453	-8.04386933318756	1
X2902642	-14.3508279798755	0.0633330230197041	-13.8095673008469	-3.20305053166588	1
X2902643	-5.12714126558817	-0.326095059042222	4.12786087936341	-9.72227822519394	1
X2902644	-33.5003498907687	-4.24729386073941	-12.3645190155176	-4.34322663956358	1
X2902645	7.61995640526084	1.18965253074527	-3.20486223904877	-4.99286032704377	1
X2902646	-4.98086816906826	-2.73948160526907	-23.5051542684709	3.60754397258214	1
X2902647	50.2992763991554	1.47838940461707	-12.7497584993102	-1.38348125170773	1
X2902648	-41.5434509968982	-2.3375098134579	-15.5752227258193	-8.46335243296172	1
X2902649	-49.5745310765366	-2.80573521764454	-31.5359045056873	-5.31551741884258	1
X2902650	17.1257635515434	-1.97424517180722	15.5060641233114	0.688594538951687	1
X2902651	-48.7061466190141	-1.39387051886958	-33.7893866838776	-6.89297562914977	1
X2902652	-31.4394326850501	-1.32656036157318	-14.1940385537004	-8.23910715941902	1
X2902653	-31.1724488357521	0.469016987658628	-27.8443110763108	-7.01542059572563	1
X2902654	23.7107981970731	1.23517502514497	54.8992409119496	-1.39416233492364	1
X2902655	-1.43635508602048	0.379513239072486	8.49429029546182	2.87515669721646	1
X2902656	78.5834368059715	3.20835245302595	45.4772911160474	6.4196196454813	1
X2902657	35.2620722432698	3.85096833908483	48.2188562188824	2.61679297873484	1
X2902658	46.5311745440186	1.22605986500381	60.914950064605	2.2414470118747	1
X2902659	59.5903121041206	1.28613143366457	86.3877498632346	-4.82387298858249	1
X2902660	-8.52564827247998	-2.08549729608873	-17.7929224436745	-17.5418823489982	1
X2902661	24.9771856081143	1.68960603921497	31.6130714748881	-8.31934869128167	1
X2902662	74.2259797148147	2.80866543315641	26.1805795741456	13.2652550789019	1
X2902663	71.9533957518566	1.82628098569259	54.7214495802387	7.52518717667248	1
X2902664	17.5243997140337	0.591213385739232	2.865775165257	3.20616959686319	1
X2902665	-24.6047169133133	2.93739699786168	-33.5182122671993	12.2480191830836	1
X2902666	63.396363588764	1.56886113138025	18.322024666591	10.4254878695677	1
X2902667	50.7454283591573	2.49901436289213	47.5536398995334	8.6382816421423	1
X2902668	17.8355665487131	3.72054123096658	40.6220709440269	9.69154620273205	1
X2902669	-8.21084919275268	-0.00652250600676077	12.0929995244144	-1.72102592613592	1
X2902670	16.450353717653	4.4811574210215	-23.4617472573653	14.8539927650996	1
X2902671	62.1948216635695	1.82143584167544	58.0323956122165	5.84278433325955	1
X2902672	-34.2964682260121	-0.235910558490998	10.0877165212327	-3.5759579763054	1
X2902673	76.5819179657111	4.48390024798099	64.668444647835	17.500821322156	1
X2902674	19.0238664893515	4.05315568570442	-0.266596707467659	8.10093906661349	1
X2902675	-2.55976780303854	1.24662354860847	8.14771709886692	-0.822612019222036	1
X2902676	1.02765594735915	-0.48064604439541	12.0708839143248	3.74094112513238	1
X2902677	2.62832069292353	-1.33627053568488	-9.44975293844984	-0.917200055602379	1
X2902678	57.063450700631	0.531635646149525	51.4196467680513	8.44215106166873	1
X2902679	-2.135094463322	0.317903455271893	1.95059059860638	-6.12284850848491	1
X2902680	-6.66865842705418	-3.23725485152349	-12.0681170015526	-6.69075848814012	1
X2902681	8.52933857595432	-1.72797432480639	17.1825886026778	-5.76771509083728	1
X2902682	12.2447327837657	-1.57892874766988	8.94585894265528	-3.56108944140375	1
X2902683	3.87187590022402	-1.56949003414096	5.39766769970086	0.0163264004661392	1
X2902684	-54.4828947766516	-3.49577874827096	-13.1207696456112	2.9293314419681	1
X2902685	8.24349828486235	-1.55969338158776	29.6290076715171	-3.32354115061081	1
X2902686	27.1445131924043	-0.479301585731057	22.1243474968921	10.1610352704666	1
X2902687	-27.2380051445707	-1.13786082638994	-17.9840412261277	-1.16345168319398	1
X2902688	-81.6491774164455	-0.937099862973781	-60.3830193730526	5.13115210866354	1
X2902689	15.6536591344248	1.97305126591794	-10.1908760221835	3.661384900123	1
X2902690	2.93598775509435	4.56420484884021	9.64757993513773	13.6494185052962	1
X2902691	-36.310113674337	0.996143243846023	-44.3420008607139	12.7205847825505	1
X2902692	-62.1408300323709	-1.35424306184916	-44.959216635493	-9.76028942741307	1
X2902693	-42.5358490966039	2.3515623585695	-57.9355579931746	11.0817013153581	1
X2902694	16.1578245509808	1.05175575616992	-1.06491983695265	-5.55203656934528	1
X2902695	-58.9205807448891	-0.916314645537681	-68.476116626981	0.878403375297861	1
X2902696	-35.9289686756821	-0.723093048736615	-32.6580526876308	1.32946578247324	1
X2902697	-17.6461702697692	-0.442425993015736	0.790942302286377	2.75444568500061	1
X2902698	39.971287587739	1.22931840448767	6.10708706033958	8.32892774858304	1
X2902699	-3.90746480882677	-0.361404532498833	-24.2752798763806	9.64343033808895	1
X2902700	39.6593345465753	1.87683815580131	15.2996854762564	2.19667400828934	1
X2902701	41.6114114761522	2.0537307388606	51.5485279288759	1.82071642613074	1
X2902702	66.8717785159127	2.47468150368559	34.284365740284	4.69880106353386	1
X2902703	58.1105382183818	3.66099902549065	68.57987018693	18.2214943160147	1
X2902704	19.2272377068297	2.5475967887205	-6.91272422436281	8.12256327462274	1
X2902705	45.4744659892629	4.16939853777211	35.6917837791584	10.2426283582289	1
X2902706	94.9578168179309	3.32925336704667	90.5831011667637	10.6088351473279	1
X2902707	32.151308967128	2.07862937587619	15.153558544601	5.56902893770322	1
X2902708	53.7933410958691	0.500255877670856	42.7091242341488	13.4105277258165	1
X2902709	-16.366849074965	0.683645617682775	-23.8337142812507	2.4818526016022	1
X2902710	3.10133962181117	-1.59198774066974	17.1912980937703	-4.59248665457612	1
X2902711	105.105686041698	5.35041848539474	51.2444544632667	9.32515569893246	1
X2902712	32.8532202524606	-2.91869338451368	42.0357902310173	-1.26955526170413	1
X2902713	49.0357589122635	3.7025124870927	5.9633835332406	7.21801138462615	1
X2902714	65.913126545827	2.13508658448679	56.2879067939539	13.3382243389314	1
X2902715	-4.55298237428083	-0.80857176702603	-29.2219331766562	0.550791688051698	1
X2902716	24.9467817341068	0.212119804036981	21.9548701862598	-5.11488484828697	1
X2902717	-29.6161408421524	-2.89584967259507	2.2850507954911	-4.91508425228704	1
X2902718	-15.874980717312	1.23385076133685	-7.13006397086604	3.08170654657838	1
X2902719	67.9098468123812	2.28435559090587	74.7701409365717	3.98073329052027	1
X2902720	-9.77068779258555	-3.53925391140458	11.0884938979467	-3.63030539361627	1
X2902721	6.22643191167574	-2.76192136962719	-8.05494850953832	6.22674342480325	1
X2902722	1.12884366605033	-3.56521954192722	-0.850412263424704	-7.43679438627459	1
X2902723	-38.8447058980655	-2.56104064968325	1.60885310096419	-11.4752463671939	1
X2902724	47.8425788665937	-1.23582123996843	40.9603914297194	0.138856854169977	1
X2902725	-17.9950715509989	-0.825993635803562	12.8568066773767	-0.0321098243617385	1
X2902726	-19.277282078579	-0.594889847284039	-33.3280533680163	-0.546955851940137	1
X2902727	-70.131957419439	-0.399283694093365	-71.3158188592644	1.63205993378732	1
X2902728	-38.0812225592557	-0.360952364116855	-41.9410824277845	2.91137275834078	1
X2902729	-37.7551446569389	-0.778407296561676	-41.7777488142274	4.68186909426516	1
X2902730	7.21875281970817	1.17868119433305	4.47378162786121	4.08690331866432	1
X2902731	-91.5830353248149	-1.02938889710621	-57.9141407417661	4.21055525991576	1
X2902732	-14.1758887424269	0.214973004233154	10.7452280977301	3.25443052733727	1
X2902733	3.3912392951313	1.57109074924914	-3.43372095709526	5.45773297677803	1
X2902734	48.7016306929794	1.10820508203898	57.3301824318906	0.00957565477056471	1
X2902735	8.76569546289327	2.51120002600303	-6.14682890633467	-0.706099152499196	1
X2902736	62.7706979827604	1.2044897010178	27.0946114399794	8.97937973886991	1
X2902737	35.6873795325269	1.43807725895323	31.4850103008509	10.6140783532231	1
X2902738	-0.762434257190703	0.997878373875258	-9.51122063906811	4.20215025398174	1
X2902739	38.071958036479	3.74354849016289	27.9249613708641	9.21083724930792	1
X2902740	21.2541278349262	0.523049299606288	-0.597905549782393	13.4538677774681	1
X2902741	42.7905459123027	2.41635502859757	35.8193780784809	8.51424503950837	1
X2902742	58.9052767048039	5.46252104875556	49.7930497719441	9.72141124116894	1
X2902743	4.03831030937516	4.00271004727055	-11.9274176331466	18.3542958912297	1
X2902744	50.0641618640731	3.9038475714468	25.9958716762621	15.394151982898	1
X2902745	46.1522570723196	4.01982860006758	3.59018275571048	14.4367050041864	1
X2902746	-17.1455862448034	0.317264983815163	13.3401089949394	-5.93003887838193	1
X2902747	-14.9009814373295	3.11575054991607	29.6521373694021	6.77655765157765	1
X2902748	18.5348343154814	0.261766408518838	10.4353824553541	3.6704226713693	1
X2902749	22.7107740172194	4.47494573487858	7.17026422027627	19.8342557564428	1
X2902750	56.7373685140695	2.30229440251191	30.0069810602906	1.98102508588758	1
X2902751	13.163890870416	-0.794204940119793	24.5615417558586	-6.16450621184663	1
X2902752	-27.7703271193019	-3.68347983235761	-57.3126492868599	-4.71709558537344	1
X2902753	-42.4151292768381	-4.2176120988426	-29.7967117714114	-5.33406976155084	1
X2902754	-56.4981805019837	-2.448767437168	-37.1803553663185	-6.02484843871954	1
X2902755	-39.3567864043082	-4.27524834723784	-31.3859797888941	-1.90292674267557	1
X2902756	-59.7832622205098	-2.22381562923963	-54.1474753905734	-9.83296269875549	1
X2902757	-13.643584315866	0.233585019848394	-9.17895357748277	-5.56101116636948	1
X2902758	-51.2997474603527	-4.16566855809905	-4.28280068543234	-4.03063598686593	1
X2902759	-18.4796433705147	1.16838295973284	-26.7893560856674	-3.63886344710997	1
X2902760	-27.5878609873121	0.675541764281365	0.581764291740965	-4.6296485090695	1
X2902761	32.0115611195038	-0.63820606841584	36.521271003169	-1.22365003758119	1
X2902762	0.348161949683888	-0.342061445995558	-14.6146838278946	1.5362364794621	1
X2902763	-21.6669499600413	1.17677463537669	-6.90761156089018	3.02160924171484	1
X2902764	-55.5184516748221	0.0566819275217786	-67.0299536324388	-1.02993261934242	1
X2902765	15.4914461607633	-0.226960515217614	-8.24889394134501	1.6281388908706	1
X2902766	-68.8438951919166	-0.423206670888543	-65.6861649490858	-3.48086261593849	1
X2902767	63.1486912918282	1.79350920034124	94.0553411191978	0.389347569683428	1
X2902768	34.3508642353145	2.04860685873983	24.892204966625	10.5675885317385	1
X2902769	27.6913777729762	1.16347641230839	7.3685568927346	3.7523006940293	1
X2902770	14.2640965239409	-0.865642391684896	34.8368315539948	-5.98724357377527	1
X2902771	39.3218432123373	-1.12222310236742	34.3236888793582	-1.54210988862094	1
X2902772	29.9801019293627	0.0112422937205887	14.4906119392001	7.59841166267108	1
X2902773	-16.9045098928614	2.88088377485253	-7.66265245052812	-4.36313371126704	1
X2902774	24.6220942695422	3.20644317582595	11.408577268336	3.64291043294112	1
X2902775	-35.4295069300916	1.07392587844495	-50.1796561304874	-1.90935484861822	1
X2902776	-43.1053974829175	-1.3963928056864	-33.7864025831214	-8.89627812332057	1
X2902777	-11.8508555390407	1.91024172581278	-19.714778306843	-0.336813108188431	1
X2902778	13.8859027355856	1.91309313280007	47.8621722071516	3.34886351202613	1
X2902779	54.5341470429018	0.988017030005261	84.9952779266199	-1.49781168614515	1
X2902780	25.9807581370152	1.50454048598661	32.5118308687866	-2.84733704282881	1
X2902781	47.1873127109708	-0.0507116125826506	57.4309123758626	0.597365902269584	1
X2902782	36.7989902382177	0.609242801773877	66.3102718355203	-10.210938307782	1
X2902783	69.4456586249631	0.959949326275308	57.9185138069641	8.08219574568239	1
X2902784	31.6873854682077	1.72969971036899	11.5458649922032	-1.91895839135235	1
X2902785	-3.8964625617745	-2.71592241706875	10.1380856939859	-0.831906751385705	1
X2902786	56.5185760156853	3.77607928382065	39.5911088595876	-5.21286973043135	1
X2902787	-11.061090814812	-1.98516294039102	14.1362187101785	-10.2269278917551	1
X2902788	47.4151368687434	0.869415410968965	11.2396385750554	1.96307902941071	1
X2902789	33.0375909688321	-0.428642852839711	32.4128679354673	2.2144208083001	1
X2902790	-16.5848565119202	-0.0847597414782773	10.3139690061802	1.24517492453317	1
X2902791	59.6290661993734	0.213526141382159	56.8051258646699	-0.906660058322122	1
X2902792	13.096731020124	-0.177072581540337	0.691902215225172	-3.06356351223564	1
X2902793	70.7758002469398	0.664728854633004	62.6011600350228	-3.20872487413264	1
X2902794	29.7224826204855	2.22837528248344	54.8981934702284	-0.673830498476467	1
X2902795	63.8512968582639	0.746834006560665	37.3298638888835	-2.17281423386165	1
X2902796	58.0333616098293	-0.43738040614926	58.2692802584342	-0.0406618692800949	1
X2902797	17.1859355745216	-0.254507392381188	-15.7177879224095	-6.7964393256429	1
X2902798	4.59807224796933	1.37875639974988	54.0892351445812	-1.21303259944793	1
X2902799	-15.8612221467161	2.72412269038946	1.2083049578203	-1.40905886368221	1
X2902800	5.05570112341872	-0.465024303008658	8.15922444786041	-7.35057616880983	1
X2902801	48.45535943577	0.312312870785719	50.3119175313445	-3.30782400686508	1
X2902802	34.389942084355	2.85827892900308	34.8779134477851	-1.00583743517836	1
X2902803	-16.3196070607176	2.25212881202509	-9.46668597652192	-4.2973587079856	1
X2902804	60.6653486352154	2.60600434034341	29.7009646874131	-0.448459253790567	1
X2902805	-27.0166477649229	-2.11884185382029	-6.42876904816699	-4.67683889027744	1
X2902806	48.9184578323392	-0.0601134855694421	24.375095790011	1.55965884112647	1
X2902807	29.6070310124333	-0.898895266253968	14.2825545361203	-1.06514829941455	1
X2902808	72.4627341517907	0.881163323483504	46.7553793840369	1.2423808606363	1
X2902809	63.2474607621148	-2.33317513665002	56.1692155583239	1.71540553905741	1
X2902810	15.0386258270349	0.379570906403672	9.43420684316531	-1.1508297393968	1
X2902811	81.6618222166485	2.23910724257606	62.8101663224601	6.07659195643351	1
X2902812	-0.828344890213067	-2.14317184513855	27.7844203281477	-1.02880384538186	1
X2902813	14.852369194095	-0.704999958573868	1.43566398707567	8.83359634262978	1
X2902814	-6.22519755761314	-0.997934539539462	10.7143303226187	-3.90627836398231	1
X2902815	7.36370163199371	-0.744114833940673	7.75202084788921	-5.76183768402302	1
X2902816	68.4996907620374	-3.47052509983854	48.990242711141	-5.65526963200295	1
X2902817	12.7309307592223	1.86461044472564	7.07312720649545	1.71703356604155	1
X2902818	17.6897068403124	0.216459695553724	9.52009156825002	-2.6287717501889	1
X2902819	5.88770153819583	1.23629463051504	3.31912653270592	-1.72184606797907	1
X2902820	-38.9292256837331	1.76827320128036	-52.1437489575451	2.4105051173162	1
X2902821	-31.5647486886362	-0.769043109377505	-12.0313688119797	-7.44295249655186	1
X2902822	-4.15284064469394	1.8724933217331	24.5911346661349	-2.45632165276817	1
X2902823	-19.1523053308964	0.198196293411201	-26.5061432020859	-8.4719590542395	1
X2902824	17.1671680690535	1.56420802506951	-10.0026608811447	-4.65535788955818	1
X2902825	-2.09095179506848	1.88634314638831	25.9881631315556	-5.1755592631939	1
X2902826	-37.6721706097134	2.1087469931272	-18.2274814455866	-7.32518135760959	1
X2902827	4.52500606744093	0.886644751584636	28.3522622856031	5.83491814086601	1
X2902828	-46.6435961156948	0.911079701278399	-37.0456980873747	9.52871022396447	1
X2902829	-30.1048669295382	1.64735521982461	-15.1134865532423	-5.08810404785005	1
X2902830	-10.4824590236177	-0.746331932413016	-13.3910195283487	-0.709879407750254	1
X2902831	-69.2467064077261	1.13671056700154	-57.8130646031291	6.18217758944451	1
X2902832	11.8637566209366	3.14391445139463	-38.1719282582099	2.68539852373694	1
X2902833	-44.4312287269615	-0.254521647953897	-42.0490213161171	-2.29627319032494	1
X2902834	-36.6814822064798	-0.0245292883985127	-42.5743825795461	9.61279216544071	1
X2902835	-13.7827258372821	2.38235435669442	-1.28701192812176	8.43526457571838	1
X2902836	-9.13138893864915	2.66573798825558	-3.8640898845188	6.39832611665983	1
X2902837	20.2903320945884	2.01674838990957	-37.0249112451587	1.95404911772192	1
X2902838	-48.0060383843685	0.653157352396654	-57.8924083423404	16.1651981581692	1
X2902839	-80.6395422380694	1.04493406101523	-86.923033272425	5.71839938310159	1
X2902840	-65.3464195000975	-3.4578431922701	-60.6039484990291	3.26320303823629	1
X2902841	-91.1106537492479	-3.48198102926366	-69.5840951946296	-8.30395880321047	1
X2902842	-9.8232388056165	-0.61488157470568	-24.8194729943687	8.60056592132507	1
X2902843	-79.0935857289401	-2.23464758682075	-52.6466988480779	5.21988628758719	1
X2902844	7.4787522252923	0.312779824284483	-1.58290458213046	-0.474390785920556	1
X2902845	-12.8884375584863	-0.450965581225564	-9.97883082637669	-1.50090285014512	1
X2902846	-10.1895592433172	-0.511473731777021	-6.83128428157247	1.09336352086368	1
X2902847	-42.1139084120789	1.09611765357244	-18.9757452534162	8.83902394193081	1
X2902848	-7.8985950351397	-0.0416303244025953	19.3151634626577	4.50923318503816	1
X2902849	-40.6108881250535	-3.15005683316923	-37.6190340813853	-1.44051835733871	1
X2902850	8.12983674179269	-0.98754340083886	-42.2028961932778	8.81510525394306	1
X2902851	1.26236333231194	-0.324437744523935	-8.36513015169118	9.78412950786699	1
X2902852	-17.0937245066202	-1.17603217992188	-9.73997759746937	15.6519790298984	1
X2902853	-23.116756085156	0.0948612104423386	1.36968686619644	10.623661168104	1
X2902854	-21.3561901084105	-3.87567074754945	-15.7500035238587	-3.32068545373574	1
X2902855	-3.62478192904485	-1.27900965994881	26.1778308704306	0.58728987974204	1
X2902856	-9.23515353998781	1.253075281127	-25.595699114329	7.95896312068448	1
X2902857	63.5461652460802	2.57440539620092	53.5447707059349	1.11223597321236	1
X2902858	2.68549953234223	1.67280014258126	-18.7569694829648	1.26014133024468	1
X2902859	67.2808919154629	1.71194060748342	61.2821734742448	-3.19935003252745	1
X2902860	66.6853379948646	-1.06430362306371	71.3155245174633	2.5523904934692	1
X2902861	-12.8484384046476	0.358180390578686	7.05919027515073	-9.6241869700602	1
X2902862	59.1175584198903	2.99064603193797	58.725683631176	7.04371573412809	1
X2902863	-30.8518928179642	1.37945623366535	-22.2038242338621	5.4914574488382	1
X2902864	36.3140690258958	3.02313956155625	49.9649461597903	12.1638762417455	1
X2902865	18.985253876592	0.94289650468249	59.3538243553855	6.45994007247605	1
X2902866	-0.695007556465315	2.35212040333452	11.3101021982862	-0.215853494670615	1
X2902867	24.8996361745302	1.00237172274393	46.0136025776866	1.58377257605711	1
X2902868	73.7946969074206	2.58594044660435	87.563676279312	-5.24905566122265	1
X2902869	47.3557156095406	1.76355614968885	30.3538944555029	0.818117708368169	1
X2902870	77.4229675454229	-1.05195430735753	21.8650737916896	-0.546745290705633	1
X2902871	9.40163483615945	-0.766285200486037	12.8948816050257	-5.45266187952364	1
X2902872	-25.706854101851	-0.550760094316303	9.68588133841838	-8.78531691580285	1
X2902873	4.5881230785764	-1.53034562673533	14.6227432133959	-0.898226947734256	1
X2902874	41.4259574788597	1.030562255488	20.6161341841757	0.414762864733289	1
X2902875	-0.523414592823951	3.44665044705486	34.5057112439541	-1.44308554975928	1
X2902876	10.1470070059186	0.0647761207336265	-6.23804785622478	1.9182668739001	1
X2902877	84.4660234897237	0.0166025725583744	41.525756848546	-3.33194490869278	1
X2902878	31.1223971346729	1.6102158841267	26.2106542457902	6.82499458732129	1
X2902879	15.6992697389797	1.50762655793682	58.4053706995593	3.21325755308584	1
X2902880	26.8208022668414	4.1423814110204	21.0118364634256	16.0819182922595	1
X2902881	-26.3942711701181	-1.63675076819848	-24.6614767925697	-2.23234195507487	1
X2902882	41.7639230442855	1.67504978273243	-7.73491593874051	2.86796089417357	1
X2902883	4.66677299260519	-0.416061005775314	20.4987847470045	3.55832979863513	1
X2902884	17.7960821316435	1.33429273084364	-30.5838490847622	7.23863810795993	1
X2902885	45.9788460797697	1.83085955612076	17.0301708641359	7.46752263379484	1
X2902886	-1.79847166007095	-0.178995082113127	4.587506539431	-3.59652234292446	1
X2902887	69.6069275386753	2.12904114441081	37.891629701058	16.1212050709446	1
X2902888	67.5062044855594	1.75864512527293	32.6298647991973	4.80267349050323	1
X2902889	66.7847127498964	0.175361104280617	62.8071614010896	-4.78604177158772	1
X2902890	47.5647259375411	-1.64909388636132	55.4688807438986	1.81090500527441	1
X2902891	43.3581378272405	1.52682680927648	25.8046329569598	8.3643109149218	1
X2902892	65.2096377258119	2.34380844233854	36.7735192896508	15.1670614459301	1
X2902893	17.5299754338271	-1.37149368271742	-13.6367553228844	-8.74274627409841	1
X2902894	64.2248253027124	1.85748137061272	27.7847067084876	7.1571314148064	1
X2902895	7.08882975009867	2.60313391323131	-0.175226150071621	12.8770260170671	1
X2902896	21.7638435533122	3.3691248627122	-14.5592409372681	18.6338886644062	1
X2902897	-88.87652831688	4.89707575873905	-85.9678847518643	9.33118351540955	1
X2902898	8.63362193956878	1.44739695003234	12.2786575032635	3.24104383858306	1
X2902899	-67.2118950767017	2.40286864418955	-64.1677934777563	4.10277817779037	1
X2902900	-53.6426168732712	2.54677644805962	-64.0801246602256	10.8357569428157	1
X2902901	-12.8924208450174	-2.2998631792642	-3.98961033089854	-4.42185206350449	1
X2902902	68.479309096047	0.969818198487643	73.0905155999667	2.09088054881607	1
X2902903	84.9965244664399	0.463531584068246	74.6953884975232	-0.471302096796571	1
X2902904	5.5681753187041	-0.130973393479644	-3.00591992437189	-0.45459934824664	1
X2902905	-3.77549999375817	-0.498567646932011	-16.1928427117206	-4.96256874387722	1
X2902906	30.8465156973871	-1.43323504576078	-5.53245930328491	-5.27967085543711	1
X2902907	-1.17807555926573	2.44541828858566	19.0428708572927	1.16336135335978	1
X2902908	-1.5040781854716	-0.00815985354018703	9.78826090949564	-7.3085505323041	1
X2902909	-8.59911582907282	2.47661736417208	-14.2396924151536	5.84784541699242	1
X2902910	95.1780575476702	0.546299238260433	87.9350020693637	-3.89650752009769	1
X2902911	45.8629858239237	3.00503495736076	39.484745788637	2.41077826852488	1
X2902912	43.4024704594296	1.35245808926196	64.4840827844551	-2.42725610466176	1
X2902913	20.4275785454588	1.73497179558284	7.39249549263827	-1.87445096063017	1
X2902914	-32.1131809286813	0.383958666895077	29.56050509522	-16.176499264127	1
X2902915	-0.274871849220258	0.834572661599753	19.1604268424747	-10.9320475470097	1
X2902916	64.766803821708	-1.05901711369587	62.183043614987	-7.19844886863671	1
X2902917	27.2903423854202	0.580931164027942	-6.6658227379947	-7.10883633960058	1
X2902918	0.68489699165804	2.16954382133698	-5.69664379777045	-6.17278832689589	1
X2902919	11.9752275953538	-1.35436785166992	-9.67677689673701	2.46488569935829	1
X2902920	69.4233900538658	2.65914901631324	30.3390692145009	2.87999728734865	1
X2902921	23.4054252671177	4.15198200802741	28.3331880346228	3.51427604291106	1
X2902922	42.0321111380299	3.71149196167533	2.44255848858838	11.5213847279862	1
X2902923	54.4115020562349	4.34268800148517	18.5223752097676	11.9645726256393	1
X2902924	49.1102380143806	1.86132590539398	28.3279055227233	16.362623577562	1
X2902925	-39.6201745390486	-0.651457663962913	-42.0820729536109	-9.87570355243269	1
X2902926	-86.2987897347091	-4.78556260839202	-48.2409418347512	-9.98612002893957	1
X2902927	-51.7704093587298	-2.69859047004666	-44.3348933987122	-5.77828824676489	1
X2902928	27.6513105645296	1.13993837528023	-0.952502120857078	-3.46392142109137	1
X2902929	-74.4634551172914	-4.76431935194417	-59.8869263864852	-17.1995971515615	1
X2902930	-43.5066956841533	-1.6511313390165	-80.3308783749306	-13.9299798729507	1
X2902931	-64.6493000760774	-1.90098436368782	-45.8416267608767	-5.42905481242422	1
X2902932	-22.9059508775341	-2.27447641803353	-29.1481251121659	-7.85225125874399	1
X2902933	-48.2496255145961	-1.01381170911772	-48.8596685015109	-0.594838340435913	1
X2902934	-8.9395689798717	-1.53723864337891	-16.1898408558099	-7.11247395230892	1
X2902935	61.7363056843611	2.39761796127335	31.9176427988278	-3.71764754043562	1
X2902936	45.3607275181723	2.65183395975991	33.6345428108399	-0.22053809786075	1
X2902937	60.050014344414	1.49880103645442	50.2353440693196	-11.0524140824663	1
X2902938	-9.1476690717775	1.21556851700987	3.22647347007775	-1.7783909309816	1
X2902939	8.13685188228803	0.683294730505316	13.5951416883094	-3.91668548107677	1
X2902940	64.8287920475739	0.730445507426064	51.827924904798	2.48098917961912	1
X2902941	-10.2375542701496	1.36297195842357	40.9008950623798	-3.90604706221163	1
X2902942	-50.3191641197454	1.05080877627356	-36.7008267656018	1.99445328043493	1
X2902943	-40.4648415928661	-2.37242713696527	-20.1276647689608	3.76397833350052	1
X2902944	-32.4673865723356	-0.75370615611525	-57.0207625825446	-0.737337703367143	1
X2902945	-29.0835610741576	-2.31962028211754	15.9132382839746	-9.45777354667122	1
X2902946	-24.7901061436375	-4.86986743680703	-2.40104044767772	5.2164427768002	1
X2902947	34.2155942006676	0.213066406447983	27.618426644696	6.47182248925067	1
X2902948	59.5229060222554	2.37468262990297	59.5707499489256	13.0056136571661	1
X2902949	14.6815962645636	0.672696995797038	-5.09990557458625	2.12612787110321	1
X2902950	26.0454421930027	-2.87242688878105	11.245905073297	8.20044541407997	1
X2902951	12.5460661192634	-1.1592224183314	-27.6652194728939	-6.93241983451197	1
X2902952	14.5743724633367	-1.68738402485823	25.4543298694637	-7.80318888950183	1
X2902953	70.5800861437401	-0.965435149292751	63.0844492617916	-1.65835044428897	1
X2902954	63.3516602773261	1.4155067284362	44.6784629397404	-1.91196332610002	1
X2902955	7.72879635843382	4.50166581633615	-12.8022804208434	12.4365319595193	1
X2902956	5.75501217178691	1.25740324835481	-24.6638081496456	-2.34964462534139	1
X2902957	-14.1202537812214	0.119029468289991	-10.6765764821169	-6.71443383893305	1
X2902958	16.9680794462358	-0.858412331620972	29.9417734917637	0.551304318697924	1
X2902959	22.0719554107403	2.155424747919	11.0058359420317	9.20288589969533	1
X2902960	-18.6195548582904	-3.81449525611716	-14.8037045785745	3.73600957016866	1
X2902961	-24.7814127868609	0.381270378875913	9.4403332457877	5.92924493297498	1
X2902962	16.1716729244769	-1.57738548687805	-12.2919883072816	11.6709824198807	1
X2902963	12.0860618241195	2.08074514444018	30.6548213468652	11.4241576307664	1
X2902964	11.6694180179692	-2.18752278819379	-7.31802534504377	0.738445968804117	1
X2902965	-14.6994090442922	-2.7749352856203	-21.220877599134	6.12828669253223	1
X2902966	12.1242810234904	1.74794069749673	-14.4677034289992	12.976240052916	1
X2902967	82.1299319348565	4.34589320974655	37.6610784430302	5.26386810766253	1
X2902968	42.1541784724425	1.70060109366736	2.40326246099834	3.79368029992791	1
X2902969	-10.9017016769619	-0.708207690467756	4.41009827897916	10.813981651203	1
X2902970	20.4687766988487	1.46734240426742	-4.60115065127384	16.3538764363295	1
X2902971	-8.2198737369211	-1.33811800428074	-9.39210240639864	3.28178885956939	1
X2902972	-17.5593445981169	-0.0678354250346289	8.33375181223053	2.77596817073173	1
X2902973	60.7634037817798	5.57372503818856	75.0119399214413	11.9094877872661	1
X2902974	45.8759960703151	1.25739033626504	47.0210343400848	6.51734569613635	1
X2902975	76.0067364016319	-0.127280034678919	33.1913281125975	7.50724897194931	1
X2902976	34.4031106670298	2.19434531147049	20.7267254222709	5.7999653216286	1
X2902977	-31.8143821175353	3.09755319919492	-70.2978754760995	5.66415155776385	1
X2902978	-53.67249411801	1.423150108058	-69.3249071073496	2.67705357893522	1
X2902979	61.8467068491309	3.55662848471776	19.244911616777	12.5970156160883	1
X2902980	-23.2542458766421	1.70706001768342	-40.3716430446305	8.59127704726965	1
X2902981	-57.2285506486942	1.05185737543659	-56.5960815417638	5.10632215655346	1
X2902982	-5.57357280449223	5.15612333007674	-24.0885856903424	13.8043484793212	1
X2902983	-57.6041878747601	-1.90517367428276	-25.6494689325188	-11.3527453780932	1
X2902984	-4.50429832002207	2.90920146182361	6.49679778453786	7.5233779016244	1
X2902985	86.5448511951652	2.04238510802571	33.3834859795044	0.876362662362993	1
X2902986	17.2925578577346	0.703561581527486	18.7184374814883	-1.95041648704335	1
X2902987	21.801105815688	0.17474167498914	13.1023752709598	-5.02049731457862	1
X2902988	67.7492997416158	2.85049009495575	74.3043642748398	1.49950372719739	1
X2902989	29.4030226748575	1.03381668902544	15.7789505243264	-1.00724414675932	1
X2902990	30.6795260772419	0.618328859853824	41.2983968982848	0.254638176478776	1
X2902991	10.3511765146954	0.0588453540326768	29.3457207259391	4.74282483717831	1
X2902992	32.3966197818777	2.97476564555133	41.9728307761293	14.0130570386268	1
X2902993	19.7917034883127	0.994925516804837	-4.35673936483123	20.0126785685647	1
X2902994	-60.3468434004471	-1.22434293580148	-53.9830157967829	-3.91022707325968	1
X2902995	-46.0662795659774	1.18473326293744	-65.9006669054567	1.42568657009963	1
X2902996	-3.54552336079486	2.0862755891469	-2.21725254187168	9.81043995155804	1
X2902997	4.83844858014152	2.29560475474524	20.0261083750881	-0.454621540835831	1
X2902998	-35.3336322504678	-2.92870838620464	-5.03161532487632	0.530976614415927	1
X2902999	-63.086702679878	0.765138347341809	-83.3832979059235	0.423918101172626	1
X2903000	-18.9422165635928	2.49167085650071	-15.7099938487509	5.28032485369632	1
X2903001	-82.7226038021771	-0.785685203128413	-63.6566165288471	3.82896936151769	1
X2903002	40.5773182502994	1.59277630791416	27.0808028324251	0.777849618960249	1
X2903003	-18.0490107844442	-0.498575715899949	-8.63734900110874	1.15557961909435	1
X2903004	-14.8678515297037	-0.249999591539528	-21.32604662053	-1.37709633164113	1
X2903005	7.27089072228038	-0.531644957771748	17.6424680633589	-4.53461721922904	1
X2903006	24.8531519225929	3.83964338878541	39.2231952075591	7.17766393602058	1
X2903007	-52.5073700764786	-1.45875625807405	-20.0595446523397	-10.4877374078537	1
X2903008	-45.7883991234593	-4.45698419762407	-17.5315460258151	-14.5621031491646	1
X2903009	-54.8678404965686	-3.41675373753525	-49.7913065747709	-8.10635478191505	1
X2903010	-37.9305116245873	-0.529962251247975	-1.4236135184284	-8.73322144233623	1
X2903011	3.91303456994372	-0.443655595499091	10.6069245211128	1.22314255097344	1
X2903012	20.0247599458095	-1.9122977394754	31.7082508272133	3.98402888950961	1
X2903013	42.0185120523581	2.72060979972914	42.5748405634362	3.85230430535002	1
X2903014	21.2269731170446	2.23566176392482	-2.13480224257429	0.909549953556467	1
X2903015	-24.0249613406116	-1.7967052063413	-8.00581989951177	0.603484018942772	1
X2903016	-6.56382351806286	-1.74009260620914	-20.5239445166001	-2.02681773270334	1
X2903017	41.7992866995458	1.30917602173809	39.0669172590954	2.14956982560666	1
X2903018	31.3977020237661	-2.98053417821217	9.90464044622554	-0.365551601600692	1
X2903019	11.2189309472818	1.47048521441982	-0.194239481467635	9.86082269770776	1
X2903020	-44.5396413062499	-0.851984294569403	-56.4866697568085	2.50257845648426	1
X2903021	30.8674033908586	-1.02129719454152	38.0748126885151	-0.613538147888121	1
X2903022	37.2462056573139	0.341768680843461	40.3715029834053	-1.13525886215825	1
X2903023	35.3508268281367	3.08425353970406	44.7002326144062	3.3198269939361	1
X2903024	17.8047508332276	3.20773052735171	53.8818323451928	-3.09836604514111	1
X2903025	-63.9736079661778	-3.23025372929667	-50.2525304171268	3.40783510078745	1
X2903026	-84.9199429693355	-3.38477050112804	-56.7593788100195	-7.12666014389641	1
X2903027	-49.6926748099297	-3.50711896587047	-45.4954093881616	5.6051746635613	1
X2903028	-26.6864074505966	0.171933494687215	-26.25154361904	-4.45344154479677	1
X2903029	-82.0988473190589	0.82928749668942	-46.0340010455404	7.89521899558174	1
X2903030	10.2950046557435	-0.73344875668699	2.9002432340889	-6.4609713916861	1
X2903031	90.6040698755337	3.47073093357278	75.2687498521025	5.13066664798572	1
X2903032	18.4514795180042	1.84119615285074	-21.6931007064599	-0.886737222028719	1
X2903033	-82.9138186080274	0.703512821304289	-22.4004835532041	-1.68019079789246	1
X2903034	2.3664692443948	1.27656054737782	-3.72538535064284	0.839867902777499	1
X2903035	-61.3944030971194	2.10134573915547	-55.3996849661658	1.72533742032428	1
X2903036	35.5756636306933	-0.658101648542581	29.0461955678159	2.16488277544892	1
X2903037	-12.5039423125412	-5.41333578563296	21.9844263177102	-10.8579068123781	1
X2903038	15.7002623635609	-0.731210447078673	5.75602197674313	2.62838891078297	1
X2903039	47.2886545716794	-0.916110057222703	41.2510958649333	-1.61453112699264	1
X2903040	9.4393871362061	0.574138559207265	1.12047115118005	2.57051298363265	1
X2903041	14.0392714479224	-2.30929841776573	43.9925150825078	-11.4634928427987	1
X2903042	8.25669670872466	0.916239688823873	26.2985466844554	11.8711745672598	1
X2903043	-21.182188749975	-2.21307061850748	30.1164663074293	-4.58208231970166	1
X2903044	-29.3584635414471	-3.11248591784193	8.46214425637649	2.37648938630707	1
X2903045	-23.9783901821255	-1.58156363561715	-2.28466023325742	-9.94166004068059	1
X2903046	-18.6482603435965	-0.681410501975026	-23.7985716212195	-0.560881313503546	1
X2903047	-13.5509563675388	1.60928110369018	-14.3249501096442	6.93656671092765	1
X2903048	18.1166696344312	1.05607595595363	-8.290112289296	4.23923668906892	1
X2903049	-60.9289874451667	-3.35649999215152	-39.4297293431578	-4.33435460705884	1
X2903050	-24.1776604708133	1.01002053959321	-26.0823183262119	3.20590801070148	1
X2903051	-54.7760322551008	-0.950367680778666	-55.0391411789858	-3.28201791119729	1
X2903052	36.9391699179188	2.37123427972543	5.65422248885642	5.8410061979214	1
X2903053	-28.6824554679718	-1.59993136580356	-24.0630167461892	-1.01800142002228	1
X2903054	20.4228773525495	3.03683005758101	-14.6590231643572	3.29435397012907	1
X2903055	30.2596237080854	0.70528103832324	17.7660790497753	1.46515452104891	1
X2903056	-32.7436019486468	0.469894519045786	-4.30609199408586	-1.94283885153044	1
X2903057	-62.9843943297255	0.887538104162244	-64.0067885327461	4.64462167709463	1
X2903058	59.4956388476695	0.0955910382512153	62.0462610816398	3.46092703175954	1
X2903059	-41.251538056049	-3.64595096370505	-30.702455426591	4.20656748624146	1
X2903060	-26.1902311608379	0.124521478180419	-36.057849321717	8.01232337364686	1
X2903061	-24.337773591242	-0.852010603054042	-10.2909940237854	4.49974551335292	1
X2903062	44.5320825521323	3.89740913385341	25.4620877918228	15.0638528514736	1
X2903063	41.7905870224564	3.28145288392055	18.6307526642666	4.75378746661873	1
X2903064	-22.0002489105258	0.207086178180698	-4.18514876760817	4.50585808476755	1
X2903065	-3.15252881580106	0.76497978755998	-9.25719489918787	1.07060128671027	1
X2903066	-23.8920084594312	-2.18568144647102	-0.821718606626071	-5.5491863798464	1
X2903067	-45.479075813443	-4.68984254321735	-39.0017619775699	3.39520166646293	1
X2903068	-31.8244985559959	-2.79800287078137	-13.4468796191565	-4.76124395636638	1
X2903069	-7.70371836287502	-1.17240031999538	16.7660603331666	2.98630038458065	1
X2903070	-31.6762004977552	0.1043934867685	11.8919691083506	-0.56019753919834	1
X2903071	-16.4806508429924	3.03945014002462	-26.093941929629	4.3538812548675	1
X2903072	50.50416295864	2.35639937842819	32.5968628606413	8.97670849197971	1
X2903073	-16.5236029378782	1.68825145285692	-10.5007368123224	3.96828018208009	1
X2903074	-6.07236982959931	1.64075917506115	10.5217684426687	6.72044658874966	1
X2903075	-2.65489594404798	-0.109192452485907	2.71992511909463	15.5124129871906	1
X2903076	71.7705152161181	1.97450369530295	62.9241490981889	8.75192562819632	1
X2903077	-26.1150914421885	2.43030603106966	-27.2133572583111	15.3238687636896	1
X2903078	-72.5456915354014	-3.03448981377713	-52.1507176495362	-4.04762494566665	1
X2903079	-71.7490065189358	-3.04416290336997	-41.5354328324399	-6.76499085077024	1
X2903080	-108.937309142294	-0.657058571801613	-62.8913786720589	-1.87979558865896	1
X2903081	18.3345169240319	5.03698043674122	24.7245207907742	4.61603137334325	1
X2903082	14.7539902792359	1.24144241528077	10.9293249174562	1.53629061734928	1
X2903083	7.29854240835798	-1.04450826966042	19.2967841894161	-8.46583472796866	1
X2903084	-55.3799730788683	0.113225544755499	-65.7916129836913	-5.37652868789629	1
X2903085	-0.750584642537491	1.10468442946003	-11.2218456894654	-9.92453456058651	1
X2903086	22.4747364924861	-0.928511435563169	43.858008663749	-4.70388617940596	1
X2903087	33.4200201813774	-3.28493004747441	36.052236514385	-3.13535539686369	1
X2903088	-46.7436472654303	1.88971146499512	-49.8083671335331	3.60748379169075	1
X2903089	26.8937338902722	5.07037359617697	-5.02660216296058	8.80961775994751	1
X2903090	40.0629634105641	2.57837414894117	21.3942772231259	7.76456453730854	1
