<Trait>	Trait_1_H2_0.9	Trait_2_H2_0.9	Trait_3_H2_0.9	Trait_4_H2_0.9	Rep
X2923251	-12.378009345445	1.08584276228315	-11.8341462082347	4.47436096192835	1
X2923252	5.50508854683462	1.91903241766366	14.5422945425867	-7.3469288888843	1
X2923253	1.59375796275611	0.461019354015855	-1.33213168787636	-1.87503744101363	1
X2923254	-30.4884127616701	0.159048449369735	-32.9665035031154	1.43712168852542	1
X2923255	-5.49002161956889	3.88366164432158	-15.3079606584914	0.940588105410735	1
X2923256	-5.07262191632294	-1.37427419600431	-0.00891099478191837	-7.09387053139116	1
X2923257	14.7692107971139	5.07003665122493	6.07188737427151	1.62691933706086	1
X2923258	12.0875053727683	2.41095668893428	2.26640073919369	-0.390083194349924	1
X2923259	-1.56757419106994	-1.61702167407798	-2.07710593042416	-3.33286501943856	1
X2923260	2.98868863655182	2.50762251467838	-5.58464148672153	0.493012691512727	1
X2923261	1.10742174867268	-0.868401592283089	-0.661522744062788	-2.69778934469887	1
X2923262	-8.68592175970552	2.88343823262523	-11.5910968541755	3.86438868742956	1
X2923263	-0.478856369736909	3.84394155562024	-2.78447259422852	2.06436643189461	1
X2923264	-15.4378829717097	-0.930443448909299	-12.413600914822	-4.79225918831661	1
X2923265	-4.85843496159199	0.479658334585483	-13.1708616279661	-0.0260258592475924	1
X2923266	-4.90414799027094	3.12616957224567	-12.4629243381504	0.994965410522051	1
X2923267	-37.1185130171295	1.02830631264377	-31.4993045657096	-0.0419311537639999	1
X2923268	10.7592371978062	-1.12351617364516	13.0036609129069	-2.79309727841776	1
X2923269	13.7356890621754	-1.7386683165679	20.6942354089714	-8.76537276730359	1
X2923270	15.0014731831481	-1.12544874765412	20.5420207207454	-4.32887824867289	1
X2923271	9.60677070314912	3.44429931829117	22.7977425362095	-3.86738575585727	1
X2923272	27.4768681726854	2.79863436940865	25.2937685776581	-7.52157747265005	1
X2923273	-14.1768800927699	-0.526298339227473	-4.68874413575371	-10.2394204615623	1
X2923274	11.8078501742391	-1.701036068769	27.7037140547199	-8.01093632450901	1
X2923275	-0.138228226672647	-2.01380648799572	23.8691037043981	-21.9028663224894	1
X2923276	6.57075754655521	-1.94907419826135	29.7374157848901	-12.7630180839571	1
X2923277	-2.1057346332062	-4.24075658723533	12.4813339432199	-5.94837247943929	1
X2923278	1.64684743130782	-4.32942841952264	18.8249899390398	-5.19012228395961	1
X2923279	0.639767199348573	-3.56259622933273	13.9052258359603	-5.89872775025981	1
X2923280	-20.869743247629	-0.822777750180002	-11.67034551609	-4.60434571193755	1
X2923281	1.230387873005	-3.1439268604873	20.7652152178544	-15.2297255761995	1
X2923282	-6.10508224249405	-1.19908108214884	2.95515595275651	-0.42605301129222	1
X2923283	-25.3670251163999	-4.50654564577978	-9.90061102399031	-15.9227346906634	1
X2923284	0.34831416711834	-3.47103301938489	6.00437372693853	-1.07862546448247	1
X2923285	5.7125833681624	0.262301537263276	15.2383574783437	-9.76499171629705	1
X2923286	-33.9188670200363	-2.19015968522973	-17.1889108922619	-6.39131067330313	1
X2923287	5.78046670011881	-1.6592903062237	24.8978669989173	-3.70332708797275	1
X2923288	-2.16180336334686	-2.51019896479368	-3.37216353728425	-3.58492333782353	1
X2923289	-15.5599293775401	-1.00679073388593	-1.40230772868139	-14.5807368072618	1
X2923290	18.1841080120282	0.42046324848719	24.6161918852457	-5.22536260192869	1
X2923291	-27.0531889254049	-5.11470090781307	-10.5664291159015	-13.1492635962558	1
X2923292	-6.92678517583648	-3.71156582328518	16.3891329388382	-6.02347675960027	1
X2923293	-8.27584008313324	-4.64914215290678	5.35566315371861	-5.27854291904781	1
X2923294	-12.1862820641373	-5.11734373333013	-2.30547334962883	-12.7437014280025	1
X2923295	6.51117155455723	-3.64381414830868	18.2733796875603	-10.322509444112	1
X2923296	-0.642466045319045	-1.54988033197644	3.74146298541727	-5.06030664259452	1
X2923297	-1.345820199428	1.13518616581619	-3.45322626805639	-12.8562890310068	1
X2923298	-34.6160661680262	-1.57866661816035	-27.2337164792386	-7.55486183522469	1
X2923299	-7.65520560259191	0.151068583249565	-9.60953568601745	0.814443242053715	1
X2923300	16.0560525176857	0.173621432804158	18.2998541525567	-9.20454597785003	1
X2923301	16.6790012339927	0.686992439682995	20.8407111638802	0.275114773224317	1
X2923302	-14.8012362257525	1.20286312510117	-13.743028343782	-6.17112693081411	1
X2923303	30.126709520628	0.681825906149645	23.4131357613929	4.19796345051791	1
X2923304	4.79134043971625	0.181543577423564	-5.76618479349155	-3.44094544293389	1
X2923305	-4.84981817174375	-0.953800958606135	4.50974360645541	-3.56960530247207	1
X2923306	4.85915507601183	1.40439003030784	3.35296255805286	-3.71918383329593	1
X2923307	8.78772073327196	1.49618827125186	16.3173806794259	-10.9823969248331	1
X2923308	-21.3877450915843	0.440274445408305	-22.0903298935708	1.96385599362	1
X2923309	6.94666030058001	1.74455585955999	-14.9353929475898	10.1555155981846	1
X2923310	5.4723446807818	1.84976968518763	21.2369470953948	-5.65422624737197	1
X2923311	6.18237045776231	-0.11127832703513	0.819400737728678	-3.45911385598679	1
X2923312	-0.646350991363536	1.47688302716878	-10.4292599422139	0.817506309867418	1
X2923313	-5.32922463688279	1.47866474393161	-7.5710116520205	1.78686294125241	1
X2923314	-1.74149947757619	-3.18459574742739	0.351844937935901	1.30704649025105	1
X2923315	-2.53961009967987	-2.80945835833645	5.75878895579181	-8.06528190056194	1
X2923316	17.3966940538044	-3.0229459516238	27.0842416828976	2.13995652204519	1
X2923317	8.02358225030232	1.42935952790568	0.373625302998114	2.6118180963075	1
X2923318	-21.4956261079946	-2.61186874831813	-19.1748385528679	-1.95968102786891	1
X2923319	1.47966886094662	2.18741445507815	-11.8384700163136	4.10620725094859	1
X2923320	14.5575614056269	-2.92759461567382	11.9552364173852	-10.0376370573291	1
X2923321	-3.93925259934381	-3.47488432125925	17.6497579763022	-2.46583313112496	1
X2923322	-2.62177115055212	0.392790559540091	9.09657330900568	-5.52299873572813	1
X2923323	1.67996766072442	1.33426098622245	8.23094264476059	-6.92214659926082	1
X2923324	3.55383573585115	-3.68894224629756	16.6109540381592	0.768629078213649	1
X2923325	-0.897097397251231	-0.28708147287267	2.08433911400382	-5.62461345576308	1
X2923326	0.908268054462453	-0.00246053028009274	2.68604572075418	0.926764751029951	1
X2923327	-0.0790615479719552	-1.38835303227704	-5.19067325021163	0.830244582907671	1
X2923328	-12.6626356970123	-0.528597337409586	-30.2274011681963	2.33543386786284	1
X2923329	-15.0092232977575	-3.53990579156736	-2.3277367987724	-4.60003215108021	1
X2923330	24.9336735596383	1.50702845856253	30.3984148781336	-4.28225542179147	1
X2923331	-3.72576141016364	1.03419820008454	-11.5541440544627	1.69154533704153	1
X2923332	-31.613498660925	-3.11329206068956	-27.8891718010925	0.843507686140458	1
X2923333	-1.7729727227537	0.195921685439862	7.2153895887265	-3.98302235974883	1
X2923334	7.3857187000285	-1.12366133753375	-9.17758397159093	-0.605211686821368	1
X2923335	7.50526506921498	-2.90444112898074	15.7426645977636	-4.72486490676561	1
X2923336	-27.0290917285547	-0.664424134899605	-30.3202377185339	-4.37718400041072	1
X2923337	15.2360319777952	0.950969666266432	12.2086840663476	2.35135657269217	1
X2923338	1.0441403844269	-0.523790410171825	-12.0815515407932	7.6471399788339	1
X2923339	7.67634250428128	2.07277583327798	-3.15225730699793	5.38765041566096	1
X2923340	-12.5365371381701	3.34670597722573	-12.1542881436161	4.97023066897151	1
X2923341	-6.68455650374067	1.28942289869155	-8.78571766165553	-5.77902179124267	1
X2923342	-8.74521364960066	-2.13910520161166	-2.87270378767544	3.72253715323587	1
X2923343	10.1870851913433	2.67596349921392	-9.29279299586087	4.57719000255006	1
X2923344	-20.2783951664079	0.131561408194037	-24.1741062743273	-3.45550069411461	1
X2923345	-2.57375792697367	2.58706874038615	-8.33461568348229	-0.115814117018402	1
X2923346	-14.2706564674135	-0.865840298524049	-12.6785344910103	2.9501294975078	1
X2923347	-30.418477926111	1.31581210345064	-39.851118671733	9.2266183486402	1
X2923348	-10.8591515160272	0.917609431388112	-17.9590740492412	-7.94624173027992	1
X2923349	-15.2113457033285	-0.157314690155335	3.43244112005266	-7.39464775508167	1
X2923350	-10.3441061006395	2.25615978595716	-7.98572220815182	-0.363623975741808	1
X2923351	-5.14366732100701	1.8769113766032	-21.665776957768	-5.41176152082362	1
X2923352	-10.9086318910266	2.54878740829248	-12.8827786510468	-2.53950809823025	1
X2923353	-2.41034943541916	4.96073907999238	2.52884919947344	-2.10963453059706	1
X2923354	-16.3660294323334	1.00675690418195	-19.3554235541247	2.37489821894733	1
X2923355	-15.3889148016376	-2.02232349958193	-15.9057354641608	-1.32502305520267	1
X2923356	4.93081694215644	0.960501950772552	12.1467087309807	4.65750178439888	1
X2923357	-2.24888371876975	-0.34374318978589	1.26021315850978	-5.7669914123793	1
X2923358	-1.21978721580536	-1.86183290968044	-2.97114015990143	7.18117204986653	1
X2923359	-18.1352719316636	1.06662010780635	-16.2641694194875	11.5820626570446	1
X2923360	-6.84323706265342	0.938514434755852	-10.5198128840026	0.864850773214533	1
X2923361	-13.014008426749	-0.477055308564432	-7.03651761101419	-2.59292450005185	1
X2923362	8.96377588988069	1.2674990455207	6.32151934693092	4.05350916182569	1
X2923363	11.0703582049762	2.32655759013369	-15.9819114057729	4.01204458354439	1
X2923364	8.10393167002981	0.860068042066951	-8.90326424981258	15.7387503261471	1
X2923365	-3.17087660852173	2.11003109635108	-18.4867925608659	10.6766545256126	1
X2923366	-2.08299862200294	-2.19342295483716	0.749368861925202	-1.76026164259191	1
X2923367	-19.2490412928419	-1.54577439603076	-13.27374333253	-0.394607686558382	1
X2923368	-13.447243691293	2.49910434086372	-27.8740946028319	2.73384902513816	1
X2923369	-15.1660625208793	-0.332907169589952	-13.2491988087197	-6.13325842020557	1
X2923370	23.1622924005319	2.52166175299352	6.60181708489008	-0.464217570424087	1
X2923371	9.36723916370394	3.57102509562558	1.10259197156222	7.82322215523264	1
X2923372	-7.35565102024944	2.54335951527539	-4.65158010774499	1.71441373917237	1
X2923373	1.9363377973495	-0.0632010036975222	-1.05047223213089	7.39806287952806	1
X2923374	2.08221459170436	0.397672686203061	-11.5550256085655	8.48172944452632	1
X2923375	-5.40577909299713	2.02544322488164	5.61964389105305	-5.47023971397899	1
X2923376	-12.3000650268692	3.74252108115613	-11.9580986573227	-0.414971916309331	1
X2923377	3.65540736726646	4.32407352763985	2.48491325610437	7.29124981889517	1
X2923378	-8.02395485530183	5.20080040048186	-17.4097096989413	5.01304260334518	1
X2923379	-13.0323358305928	2.05807934045716	-30.801205121127	7.90430842524616	1
X2923380	15.5638176389586	2.59222241533575	2.76572945227434	1.12887407617519	1
X2923381	-0.0106111659371848	-1.8001284589605	-1.99801044186228	-3.93873788229162	1
X2923382	-3.43235975893976	6.13169766250491	-4.18159674949439	3.28339637493688	1
X2923383	-4.01307515508606	3.82932669403853	4.60107168775336	-6.95331198511704	1
X2923384	-7.23193476958426	4.29072441184034	-15.0034603051094	4.07178405494228	1
X2923385	-1.16322356430975	3.60769205852998	-7.15123755557433	-3.55850078763176	1
X2923386	22.9960688294134	3.03597086329761	13.9491906146568	0.485641871011232	1
X2923387	12.6894580097965	4.34025840388555	0.227614859089261	7.56620769990237	1
X2923388	9.80267042214945	1.79452136614539	13.5080137201135	1.29666672738045	1
X2923389	-12.1295403173284	2.02168339273883	-9.28861321707106	-1.09706950814517	1
X2923390	7.30249714607635	-0.377512925327765	-1.18260888540939	3.78554163955512	1
X2923391	8.70030347638178	1.31476309081221	-6.4518214768976	-0.883107921024269	1
X2923392	13.5138558792644	-2.83154096666789	8.22370199102139	1.8426973690609	1
X2923393	10.5875053505363	2.07233834520066	-9.22799046235445	6.98147098097401	1
X2923394	20.1006406989132	1.34301655279987	-6.01818980566535	15.745434532316	1
X2923395	-1.72055953448621	0.430250609368631	-4.66738412798823	-0.977853694894039	1
X2923396	-2.87532863158733	-0.652635764995068	-6.98632580688935	1.40884230439985	1
X2923397	1.82813735743427	-0.187222626838223	-5.91851265441824	-2.07672605447444	1
X2923398	23.6440604740481	3.19153012053526	5.68730683031591	5.44693849155465	1
X2923399	-0.788104143873543	-0.509757359928556	-3.19022008484222	2.77076724833354	1
X2923400	6.00463590415743	2.44000208760544	7.43496577064589	1.49251846463278	1
X2923401	-1.6414632334795	-1.26280017941924	1.50381735628655	2.39918153441305	1
X2923402	17.3582230065178	2.74482872359389	-5.2042070195888	11.4130811021924	1
X2923403	-5.20568755238249	-2.53546026770731	-8.25635414860161	2.60772063678871	1
X2923404	-6.62387150072029	2.34148139260814	-21.9528611084497	1.75901292259946	1
X2923405	-17.5373979050115	0.613529561920751	-33.6967049786262	10.1589008456649	1
X2923406	2.90717094703515	2.50662607681279	-18.9574552787021	16.9793623869816	1
X2923407	4.97137759411482	1.36161521141275	-8.31800429607742	9.93227824042634	1
X2923408	27.2286333087164	1.06955447418301	26.0331474180916	5.05986199130811	1
X2923409	0.440394599312263	0.774196061731112	-3.53478783723147	1.43962007077635	1
X2923410	-5.88588594124645	2.94372122758651	-4.96648395427667	-13.1064329460299	1
X2923411	15.1106855606539	-0.278612596595341	5.74149991916572	3.10438801113357	1
X2923412	0.156438053628576	-2.77041829078043	19.0362674974777	-21.8741778762737	1
X2923413	-0.873360023177899	0.387759858566057	12.0277954887372	-13.4667324567222	1
X2923414	-21.229098701019	-2.16420268750118	-5.11614303118457	-11.351422262063	1
X2923415	8.55177348224199	1.27194382089685	28.2776972669403	-6.7226971343963	1
X2923416	-1.89489583223587	0.316482021984068	9.12097146574201	-6.287785963882	1
X2923417	-32.8733110184461	-3.04654375731156	-13.5638419167102	-12.2949482972215	1
X2923418	0.0704820517286251	0.332086366379721	13.8427989885958	-5.74257584629743	1
X2923419	11.3215205583802	-1.45297655279791	18.2985488080724	-2.87127272478991	1
X2923420	-13.074005848261	1.63098912907632	1.59249149348505	-9.00898666485019	1
X2923421	-31.6264211727038	-2.38652090154088	-4.91755220334073	-15.3222547969658	1
X2923422	-16.1375305669672	-2.23555322291312	-1.88208056474606	-6.9370429327875	1
X2923423	-17.4422943209834	-2.53734248289607	-9.96142685999929	-13.0670654416536	1
X2923424	-36.3081873868958	1.30001710870658	-19.9823961026416	-6.10209670851416	1
X2923425	4.68829396294677	3.13241483421059	9.11462125963063	-7.10239711341311	1
X2923426	-18.1031090834528	-0.285801658638951	-14.5563318991251	2.92475300884416	1
X2923427	-11.7031539372108	1.9552750272905	-20.5848888525599	3.67961947200217	1
X2923428	6.79412830709764	1.49404681400768	-13.4053655839803	14.5949664674517	1
X2923429	-17.1864738107846	1.72320703321726	-6.59265487497072	0.630571232817616	1
X2923430	9.1788010702997	3.0770716382097	1.73144459885625	4.27198962451601	1
X2923431	16.1125562556807	-1.31995842848799	18.2019868584036	-2.40843050080957	1
X2923432	6.40203563548499	3.00383496458821	8.08046621843967	0.986216496727839	1
X2923433	-19.100466587499	-0.977041900983544	-30.5458634647216	3.82326251510169	1
X2923434	15.1032567476377	1.46490250076423	13.8858332791698	7.94301656663089	1
X2923435	-10.7707897331612	-1.61688923446752	-14.2125058043679	9.55117167500088	1
X2923436	-28.0681233474763	-2.02553687779072	-15.9454983361033	-3.96376716337151	1
X2923437	1.87431358552494	-1.10856950233051	-0.760649451202673	1.03190157597028	1
X2923438	7.94823652049693	-0.918739796645632	5.25660917424191	4.31453743484782	1
X2923439	2.69072262839617	-2.01208269371318	5.67200961671312	4.88592647848814	1
X2923440	35.1665504779805	3.63001362642911	21.3349148275098	5.52970529125133	1
X2923441	-25.3231090353134	5.78661196225093	-38.2075089700435	2.77824621984254	1
X2923442	-7.73508765151541	3.17899228188229	-11.247355979935	4.75159602652776	1
X2923443	28.5742111030727	2.76738173805018	9.93343709473448	12.3595291290846	1
X2923444	-13.0272592560677	1.48699419313431	-31.1577869156769	11.8122337128494	1
X2923445	-7.53750184813546	1.94376254166491	-10.173731587336	4.67030981050804	1
X2923446	-20.3842965234308	6.31989435951571	-22.2153189679273	-0.347296439058153	1
X2923447	-23.0931266058596	4.52335068231325	-30.583341655926	6.79505261576904	1
X2923448	-8.49862750633367	5.78495274367764	-14.4156836758899	2.4901973814194	1
X2923449	6.57058060171859	1.19472438421685	16.009496281888	-9.89671631779255	1
X2923450	12.6761391887201	2.63191567025318	1.16051811701505	-2.75849991899986	1
X2923451	-28.1058092678883	5.53508341785162	-36.7480091483563	-1.91144983709662	1
X2923452	-12.8727817042147	1.52610814351653	-12.7352849718855	1.43369080833254	1
X2923453	-31.5567896141962	1.96801670603928	-41.98109068962	6.84505109689408	1
X2923454	16.4002581192861	0.366718567238047	3.60388928989541	4.89644813316697	1
X2923455	17.4470849512611	4.95565339133039	-2.9933946269797	6.59012448006711	1
X2923456	-3.51155212125128	-0.0830929006855818	5.63581504760666	-4.90586081017159	1
X2923457	13.6947937079526	-0.998813439640468	13.0471770957197	-6.75253432168683	1
X2923458	4.43978835636194	3.81584056082129	10.3078570348472	-0.815804145838117	1
X2923459	6.93833353380982	1.11433122239906	16.2869065592063	-3.68801045037463	1
X2923460	21.8676993617152	2.25521973956663	18.6357390621885	8.21477876769156	1
X2923461	31.4277046929969	5.72488463686068	29.5135366859875	5.94560298439755	1
X2923462	7.16823287219981	4.51945868225558	7.8685460418296	-4.37468320060219	1
X2923463	-7.2900078012458	3.92045861818678	-5.73305520357985	2.722286276029	1
X2923464	-4.21852222179313	0.057198457494727	5.86112693013208	-2.80509678430663	1
X2923465	9.31093317496235	6.28047036160267	8.54644822669551	-1.6939059404642	1
X2923466	4.95552269317839	3.46830526464396	3.85806185825943	2.92605060759641	1
X2923467	2.89635529149827	4.30414378272146	1.19924812393079	3.1066209353021	1
X2923468	8.15577263744897	2.03376660468442	1.54317234383602	-3.52925377235212	1
X2923469	4.11899433867497	0.262683452871081	-3.97643391967249	1.87320199912096	1
X2923470	19.1100668573905	0.485831650891495	18.0228789033061	-7.70871204166272	1
X2923471	9.89053566813355	-0.115920129519668	11.5580364809179	-0.808691618139982	1
X2923472	6.21323915023288	2.5135398011959	-2.71251523612008	-2.97835067122506	1
X2923473	6.16782578737071	4.47917840924147	-1.34580596754372	-0.0585560710326396	1
X2923474	-12.1222093435899	0.292743917945221	-3.98157684404183	6.95723360133218	1
X2923475	15.9091525272008	-3.24826118056625	5.19021787373006	6.29198688177366	1
X2923476	24.6220006736522	-2.70535426812749	31.568865683596	2.96616597054331	1
X2923477	15.7276208264489	-0.32965347002763	11.4912304852494	4.38108843736841	1
X2923478	11.019685179292	-0.334344057916753	-0.313011146011194	10.7458944323497	1
X2923479	20.1732240782036	0.646137164883673	8.64201754337796	3.1977330487236	1
X2923480	28.2000098927405	-0.562653475485759	15.6870135875502	12.2898286229568	1
X2923481	10.2983242166717	0.221828376479092	3.17342559117579	10.3079236816206	1
X2923482	16.5049883162495	-2.22536300697785	22.601803338466	-0.222498277830433	1
X2923483	-2.85303090114376	-2.30052972134588	12.0959216765666	-2.45299206565732	1
X2923484	4.0438384300782	0.906634322292606	-5.96994165047232	6.34336364353181	1
X2923485	18.247819922474	-0.226482997531554	5.73708908289058	8.15399548410137	1
X2923486	38.814590013975	-3.05161938623621	32.0469217293275	6.00274043087546	1
X2923487	38.6471966091075	1.45412852747854	16.799608252644	19.1280416882463	1
X2923488	23.8826721737108	0.21832534421414	-3.88678883939846	8.9859209889053	1
X2923489	15.22259375102	0.235392439283166	12.2410836513475	7.94137082821697	1
X2923490	19.0669413905752	-0.055450062199515	15.4775409524927	3.61127172836959	1
X2923491	3.00465609140676	-2.43882904646111	5.46024473789387	-1.5163508750874	1
X2923492	23.9023716049101	1.087997475066	5.47684684585855	8.32386622035823	1
X2923493	14.6696860392096	-0.575952197995964	17.6827426568469	7.14610491078833	1
X2923494	20.5584253784219	0.912923820778726	9.27721298526161	10.5902898294288	1
X2923495	-13.6474563124927	-0.69110994616743	-0.780222951344016	-14.5123142742501	1
X2923496	4.42939533445784	0.306016931806686	15.4790576355244	-4.41759455165966	1
X2923497	12.560345785473	0.670746294408259	11.9583053758577	-0.0701110590374283	1
X2923498	-15.1486101308546	-1.68745801575379	-21.8639766387359	-1.78723724796359	1
X2923499	-13.302595009528	0.363551300424271	-4.10246525953738	-7.49294554122397	1
X2923500	-6.44337997034677	2.58957378720261	-9.50976090562826	2.03801300529857	1
X2923501	-19.055495367508	1.80690644926713	-16.3341950618558	-0.121471080131098	1
X2923502	-24.9419171491947	1.80785203147878	-30.9869818933369	0.602564731799373	1
X2923503	-9.37468560897899	1.9360358233474	-5.08052900934488	-1.54394036598717	1
X2923504	-17.9449964102429	1.21704868896471	-22.6257777410792	0.145755063903579	1
X2923505	6.64878462231085	3.02450092848386	-8.91009156612694	0.575595826099033	1
X2923506	-25.3343255151246	2.9638445212683	-35.8569689850551	8.56313346665966	1
X2923507	-4.4628440096518	0.00514706444439872	-0.924817015565045	1.03317430380739	1
X2923508	-14.1565176857071	-1.89102894935309	4.19580273538985	-9.61511959614157	1
X2923509	1.41445747583949	0.867879439887438	3.28958414872245	6.23608827900647	1
X2923510	-16.1704650419239	0.181174965233932	-12.313358871935	-7.9267994808758	1
X2923511	-3.91122521278813	2.79723131678329	-23.6995670873884	2.72268325159837	1
X2923512	1.23064221896941	2.20031476233399	-3.56439225704032	-0.830112690876426	1
X2923513	-2.85456140922813	-2.41419344381236	12.2193328167471	-5.72469702252467	1
X2923514	-21.5752804356151	1.90588150503618	-22.9897603266422	-3.92115146335769	1
X2923515	8.8443955471895	-2.07459559543607	29.8230196469086	-16.6112745908714	1
X2923516	10.1538076583935	-2.05833846266098	21.8961243146299	-4.04238266831383	1
X2923517	3.03213503904223	2.01040639803941	5.1843959855351	7.88450143937907	1
X2923518	-8.27261408092299	1.55388256626104	-18.0537331344674	2.38857660338328	1
X2923519	-0.875173328128689	2.54199110654778	5.7365257985907	4.69275410804622	1
X2923520	2.09847356414678	3.4836541924004	15.4386754320667	-0.386522923836233	1
X2923521	-6.69895861684527	-1.72173380998828	2.13214568146159	-8.25151924526605	1
X2923522	-10.6865906221989	2.31343513502799	-12.2425078926422	-5.43504515543652	1
X2923523	11.4625977123945	-1.33971756937935	3.72076968632017	-4.75569514899224	1
X2923524	14.9211053848873	1.56697128601083	9.43660232869723	-1.81791251029818	1
X2923525	-16.6730891281554	-2.15693103024775	-25.5135396904379	1.42280962817836	1
X2923526	-13.8417301264295	1.09766645872861	-9.82997986058364	-0.541079965860601	1
X2923527	-3.85184934306942	0.199177160014155	10.666330995386	-7.32446306001048	1
X2923528	13.1398811189394	0.770766618241092	5.33684982709848	1.12968740797879	1
X2923529	7.0707100404813	0.847960623338663	12.3736721117207	2.87665379968407	1
X2923530	21.3041891759641	2.75592142635582	14.1155768961232	-2.65026432192542	1
X2923531	-2.34366869080482	-1.33808769457487	3.80083415215104	-4.43371370672062	1
X2923532	16.617921710486	-3.36042297901297	25.2765788756195	-7.84251985226082	1
X2923533	-2.21457631852177	-3.82760467346784	21.6255172745975	-14.2488144600234	1
X2923534	1.98374371301563	-0.306121919447226	22.9270725135679	-10.6913223309493	1
X2923535	3.53680479527444	-0.944232375583317	1.03061354159524	-2.76894148385635	1
X2923536	1.96800318760332	-1.55098323530994	17.00913371408	-12.8475009445233	1
X2923537	-13.0122202614918	-2.37186192444692	7.11237005726432	-9.44485273679597	1
X2923538	8.22854338476967	-0.328775429799606	17.5996747018196	0.504609709238601	1
X2923539	2.80346277748767	-2.9077591988572	11.5501792272995	-8.34940577719998	1
X2923540	15.7292029553807	-4.88601667060605	26.4078438349177	-10.1724885267121	1
X2923541	-23.0745319923794	-3.91195543009369	-2.01610691583192	-15.4125172972077	1
X2923542	7.92853754657171	-4.70874284632745	21.0959466258513	-2.23706817302716	1
X2923543	-20.7617804540438	-2.24790322827355	-11.050781421218	-13.0823603401764	1
X2923544	0.150951058202009	-0.139278205038136	7.24984712098058	-11.2247282227367	1
X2923545	-9.5128057843697	-1.49020714567473	7.57678436648823	-10.2012274089299	1
X2923546	-0.341079448918658	-5.11568887608867	8.76085781857209	2.74336245830234	1
X2923547	2.03061191988654	-4.34325454055383	18.7963764207706	-13.6798753621559	1
X2923548	-4.16399368783235	-2.87414022488618	4.67883075427836	-7.56112338879555	1
X2923549	-10.2851851010405	-1.19486465848435	0.107017863900982	-10.9689113484536	1
X2923550	-1.86596922003743	-2.53583153248265	6.08931826843141	-6.35742110397445	1
X2923551	-22.2605790801188	-2.55176069497035	-15.1761097135556	-6.82102876396472	1
X2923552	-15.2433777521566	-0.597886508383014	-8.53770700311892	-1.90122929709645	1
X2923553	-11.5048394011564	-4.06601971256718	-0.216594277672296	-6.89030688764828	1
X2923554	-0.111425815550161	0.398484044575033	3.93143622977962	-0.156087107118771	1
X2923555	23.0235335990711	-2.09813978550948	18.4838100168461	3.21794279327436	1
X2923556	-7.06232914370114	-3.71521059625082	10.5378703549618	-3.49017263174446	1
X2923557	-29.5270148198416	-2.1114292222515	-30.554513336191	0.933030321378256	1
X2923558	-9.78496950366115	-1.34768908193169	-13.4607928229283	1.023226443465	1
X2923559	-5.92500017077986	-0.967269409645975	-7.02491056738701	1.19052286084153	1
X2923560	-19.1190711107576	0.121279725078544	-15.2046144658476	-1.44221994515832	1
X2923561	-0.383113104131031	0.845007891248466	-13.8284721076481	6.7429779727497	1
X2923562	-6.41929485088861	-3.56874526479262	-11.4815576913074	1.88782676055185	1
X2923563	-4.32111142858446	-2.53620530099653	0.624531197153535	2.25488657017724	1
X2923564	-11.5621975037335	-4.22316772539168	-0.267248994069148	0.769978518745354	1
X2923565	-14.7914154145246	-0.920675780382305	-23.5740340588901	5.96380086418728	1
X2923566	9.80192623793137	-1.92622784055304	7.82066319462602	-2.07267908899009	1
X2923567	9.26394328242228	2.8225946552391	-2.13556091933617	10.0373892499445	1
X2923568	1.24150682724504	3.7220894348035	-4.75726377310622	5.98761600097993	1
X2923569	1.69336368935611	-0.70190887972715	1.84877981528552	0.762926648066132	1
X2923570	-8.68940959752118	-0.416720877082291	-23.8900274869496	3.5897052560118	1
X2923571	-7.54328678936967	1.47278428218723	-18.3773810115977	10.8249109878224	1
X2923572	-13.0694281071746	-1.27261276118576	-12.963034988256	0.586211225527143	1
X2923573	-7.20756411019596	3.03171141065659	-6.92829358602977	2.40689220741227	1
X2923574	0.166741301045938	0.0840034018088761	1.95098659387399	-3.5918030229354	1
X2923575	7.26298218202647	2.82725258316319	1.89526789888548	0.975544314541996	1
X2923576	19.4051010079359	2.21538525895616	18.4797271932127	7.58034717657517	1
X2923577	2.87817817273671	0.790153329190761	-2.31898471500743	3.62567498993749	1
X2923578	15.8375988677212	0.126718610900099	16.3752938622936	3.33835259325825	1
X2923579	15.1706649796967	-1.30401789530943	12.2448828265824	3.52201367001863	1
X2923580	-14.0336413830129	-3.27376177012019	-2.03150956840288	-8.48292616854296	1
X2923581	5.13216759899984	-4.20952085993255	13.1456250492434	-5.01581338220384	1
X2923582	5.63699826308153	-1.22135785884511	0.507462386612139	2.82341771246233	1
X2923583	-27.8063526251805	-0.13707134069307	-30.5231445546604	-0.219311485133911	1
X2923584	-9.53144877535929	-3.91275136094966	-12.4746059584506	4.47198487121198	1
X2923585	-10.4651636424237	-1.72196127565873	3.49141372279374	-0.0183612133476174	1
X2923586	-32.8924392230332	-1.15816837950374	-13.9774847583502	-9.31709092839943	1
X2923587	-18.447087194408	-1.56617308409814	-25.3303231521491	0.50025302414255	1
X2923588	11.8051671387876	-2.96882218167185	11.1997413891029	8.39145975078729	1
X2923589	-20.1413773118983	-2.52371267607091	-12.6575327176933	-7.50362222792777	1
X2923590	-16.661469224343	-4.90465787284595	7.73176529563037	-12.428015827316	1
X2923591	-27.6043791390636	-5.43083221073463	-6.90350257936082	-7.4191331988859	1
X2923592	-42.6403415967568	-4.80727636047731	-33.2093850384983	-10.5555762168321	1
X2923593	-13.7323561329264	-1.2204005150166	-4.21911296999549	-2.0932903703349	1
X2923594	-0.0833514249408718	-2.62450753993671	19.3889386911106	-1.71547734116476	1
X2923595	-11.2450537572727	-3.0555974931895	10.4072346068962	0.453517926872491	1
X2923596	-34.8115202856512	-3.1256960695406	-34.8533926483859	-10.5753205450178	1
X2923597	-18.6073857860568	-2.32495138305291	0.66734529942934	-7.52201127948615	1
X2923598	-20.334235624175	-3.90877006897713	-2.96774348879084	-2.89979185501364	1
X2923599	-18.5846145406819	-0.957111840423179	-5.09896184732784	-4.03627043282983	1
X2923600	6.48540924744524	-2.73666333648515	6.53441225873613	1.86342736315971	1
X2923601	20.0583633001015	-5.00621342523756	28.6913549275764	-0.625090930797887	1
X2923602	14.3395205412903	-1.625715857133	14.901702633281	2.27434141502636	1
X2923603	1.11962824301742	-5.49015877896754	9.57221923983932	3.3045030575498	1
X2923604	13.4540121584476	-0.883219642832493	2.50672425728581	7.22504279684348	1
X2923605	3.31446625109338	-1.59272451878009	10.6065139201083	3.21537438802738	1
X2923606	30.0144443873947	-0.148743850921352	17.24743346285	1.86056245909627	1
X2923607	18.3678025097904	-1.8069992033293	2.50231132381317	4.35295123499659	1
X2923608	4.12520174680294	-0.60065474201966	10.8076760341417	-3.39573563136123	1
X2923609	10.9265350896017	-4.84622780719122	20.5893469514126	2.13287843175241	1
X2923610	13.8681848080392	-2.81521946323299	15.3170304045663	7.27149737179431	1
X2923611	5.66289864845971	-0.389998181636618	5.41621731877359	-1.05678618759975	1
X2923612	7.82562224574947	-0.345747285384449	11.8813668754109	-0.143317282213809	1
X2923613	-2.42308942726681	-5.00416773254858	-23.9726211816465	9.53624172874989	1
X2923614	5.49979486147555	-3.79149382226451	4.0554214305341	2.06870048806449	1
X2923615	-7.98113046243842	-0.0252003129454478	-19.3074661233547	5.98770901247551	1
X2923616	0.764394057108103	-6.66662707777101	18.5499935180625	2.16758970483885	1
X2923617	15.9166540219427	-3.30367707022919	17.049121056091	2.59995994906576	1
X2923618	-0.730746349896513	-4.51344533031958	22.4183996478057	-9.74787025647715	1
X2923619	10.5569253504314	-3.73055907927033	8.08293960193856	-1.97876694911392	1
X2923620	1.96786001807986	-0.350915461407921	11.2386588339367	7.08716567884138	1
X2923621	22.9087342548336	-1.7531685074932	17.9330528385455	-1.72279218691136	1
X2923622	11.370691851521	0.684697669852737	8.19521780101356	7.52570337621321	1
X2923623	31.904198821679	-0.460153886626962	35.209254264468	-2.46188168531013	1
X2923624	-11.1840008563882	-1.31747133478031	-20.9740905249149	3.43688345195565	1
X2923625	0.630214409942428	-2.34805282050738	4.60920781651287	-1.21174605933954	1
X2923626	-13.2150948365861	-0.903948385710603	-20.6028755372257	-7.32099819612856	1
X2923627	-14.5700189806179	-1.00704954627404	-1.00080511735318	-0.249407431598041	1
X2923628	-6.46705578692062	-4.57483489116571	7.52795720515655	-11.3547414401611	1
X2923629	18.9943047958586	-3.41333622667922	-4.09752834206298	-2.42766996283915	1
X2923630	-5.07896231139978	-1.65163942406618	6.04111027802478	-7.39662624779171	1
X2923631	-12.6681285355449	-4.30467780742558	-1.14458145469918	-4.80968257766383	1
X2923632	7.78626408993716	-2.11648658761845	0.984788416330383	-0.147031762390037	1
X2923633	7.75051972885385	-0.190265991616849	8.93313008237372	-10.7531217987122	1
X2923634	26.1122511844911	-0.85921307756638	25.9937704891188	2.48954307466802	1
X2923635	-0.239266074974716	-3.15029867241397	15.6270866085467	-6.36704725103864	1
X2923636	9.88033794884738	-2.67182888017714	29.6383325521481	-14.4489907473659	1
X2923637	-5.23901517636469	-2.08190261894206	3.14724079320182	-10.7165662032776	1
X2923638	-13.0860142983092	-3.29237765047458	-1.65471698564966	-4.49332421118728	1
X2923639	5.40504953789734	0.119220230577866	22.8635921628048	-6.69671826118824	1
X2923640	5.04757609897728	-0.644026046065312	14.3858960019742	-2.58012565111815	1
X2923641	-0.545760652708321	1.35807916947848	-7.07218346380742	-2.94105372963545	1
X2923642	-7.95924544273131	3.23394003061956	-1.39339562300773	2.51432282004676	1
X2923643	2.54503569679989	0.259540411366997	-6.75553667797076	-1.99645929794919	1
X2923644	-10.9315508164323	2.76514472036311	-17.9159461028955	13.6518863585569	1
X2923645	26.7819478300384	-1.35352998896619	21.279017184101	-2.83205836336059	1
X2923646	10.6107270326659	1.56997516770782	5.86838293286083	2.44853473188159	1
X2923647	-14.0146342113814	-0.165314401037145	-5.12123295063593	0.387287338835513	1
X2923648	2.16905002199703	1.67564400810592	-9.82593952896921	6.90223916434081	1
X2923649	8.82996969142372	2.16081576210841	1.74368035027309	3.48104781400707	1
X2923650	36.8889066804489	-0.168038073781923	37.1584453159735	3.63645426420499	1
X2923651	10.6723669062718	-1.37961751460291	10.1547019736913	0.0968966093963841	1
X2923652	-10.4353950310562	2.09486949359322	-16.0547146723174	0.240923107113679	1
X2923653	14.2394077169347	-0.578448390563314	4.47624671780858	10.3106676815013	1
X2923654	7.03902761880516	-1.1498433502741	7.5009444072191	-5.89053577786784	1
X2923655	12.0042578699833	0.692948474715635	5.07721541559791	5.87331455698254	1
X2923656	0.496188446217488	2.63558175945894	3.02657917732172	-4.5567387542428	1
X2923657	-17.785721062909	-0.0211225231743067	-19.7763274319759	4.39599270333386	1
X2923658	29.4416586869101	-1.1520341714412	34.3651773448202	-1.68604280258467	1
X2923659	7.5978518791823	-0.42536488567258	18.6624099354806	-1.40040390924207	1
X2923660	16.3117863732246	-0.386848695610644	27.3965860832453	3.72095842416696	1
X2923661	-24.9617178861612	1.96445935824483	-21.1818212471637	-0.477233291362151	1
X2923662	25.2194238590918	3.01760408061027	19.0818844957197	-4.26536520544436	1
X2923663	1.50758763343634	-0.880342362746079	2.33399858676887	-2.10458680926051	1
X2923664	-2.35488119795178	-2.85817024263089	-2.1880265976915	-6.19702155185509	1
X2923665	-1.7900404020663	-1.47708179008376	4.75695751570763	-2.37471110579139	1
X2923666	-2.72891045675438	1.80685776582101	1.11540067688328	1.97000242055077	1
X2923667	7.78950210851142	-1.99356633397663	10.5967542982082	-6.00089531641699	1
X2923668	-12.1862093800824	1.89632893964472	-16.9064290801426	-1.3514677067671	1
X2923669	6.97855254999524	3.16119605280498	7.48144750480057	-0.720386711633251	1
X2923670	-10.4862334526459	-1.98317140360258	-6.26816169890478	-7.88680822789278	1
X2923671	19.2983446949862	0.452757287293055	14.3311477337265	-2.16400633634873	1
X2923672	1.36374426348646	0.776909636876852	5.37938332776121	0.0702497111619282	1
X2923673	8.14163514884949	2.58208185394826	10.9440940896982	0.458940644594523	1
X2923674	26.177384713204	1.7031530551884	30.2921573993931	-8.0153221032906	1
X2923675	-23.6995573509988	0.85259076258123	-4.83520723509629	0.33128310726837	1
X2923676	-20.2955700989467	2.77819531465521	-15.8001073098719	-8.29952729864664	1
X2923677	-10.7857372693799	-1.67110745647076	-13.9577674738853	4.23313257337286	1
X2923678	-18.7273778079982	-2.63414582446249	-9.37837792875926	-1.80491469757242	1
X2923679	-25.4606023937574	-0.647831067964986	-18.9461914037081	0.803887359465475	1
X2923680	-3.22034613013914	-1.49808192327076	-9.77349101206918	-3.27930575805002	1
X2923681	1.99207173816037	-0.843149831587252	-1.59336296126567	6.05108726768109	1
X2923682	-15.2964726181195	0.101362614077964	-14.2175293803026	-1.49870364967595	1
X2923683	-0.629572823474234	-4.04800922264286	4.26740762208144	4.9238786906871	1
X2923684	-13.8140798433506	0.475317367653008	-12.1528078620386	-1.33833794734736	1
X2923685	-21.5325789872086	-4.14798893921887	-17.8505981656042	0.64526092282807	1
X2923686	-26.5535279490286	-1.0999520743648	-27.4791793664793	-6.16085579186077	1
X2923687	17.6196268540554	-2.51514182741472	19.8984778320819	2.71570611084251	1
X2923688	-25.2867379364087	-1.98770782646481	-15.0860972211019	2.84465601466182	1
X2923689	21.212812375902	-3.87966003004747	1.29505823414875	10.2072053721787	1
X2923690	-17.8240206742623	0.617406714234643	-11.3148022537306	3.23214186225137	1
X2923691	-18.0423528205543	-3.71529706241322	-20.1906407259114	-2.91847139059294	1
X2923692	6.99714290790828	-1.30288547826922	-0.850800349836335	-5.06237667762871	1
X2923693	-7.3477677735105	-2.0251313438828	-15.9658609710506	-1.91386349475563	1
X2923694	-44.8078900017391	-0.220619419293535	-42.4917678509277	-0.792930573413157	1
X2923695	1.9814846257805	-1.42755418051402	-3.57433918855611	2.8304912993255	1
X2923696	11.6149119173848	-1.55796522296743	17.8107572726567	-2.15249743569311	1
X2923697	38.2837598046543	2.46458659735872	36.9793433581553	3.17801726009894	1
X2923698	34.4504864062759	1.38277808169156	35.5576231001066	4.41770475986581	1
X2923699	1.09988867368124	3.61350074909465	1.04270672112522	5.71161739341506	1
X2923700	44.9429950554026	2.72928028523613	43.8500329870586	1.26798186423641	1
X2923701	-3.32135224892483	-0.206307420615521	-5.22507812173966	1.3262172209078	1
X2923702	22.5854625755022	3.16224144623352	21.1844511333874	2.71051253243866	1
X2923703	-2.8191656485552	4.74991098881167	5.49934675770407	5.03836648560485	1
X2923704	20.547728781672	2.88548045488055	12.0605260745424	3.06168639177115	1
X2923705	15.9809139271652	-1.47785871942429	13.1906595721851	-1.58343589690291	1
X2923706	40.9568194502653	0.771655428681703	42.0183653985155	-8.0758868834704	1
X2923707	20.0905369497436	4.06213035945671	15.8713528657219	11.8507248977864	1
X2923708	12.1342325468823	3.0679336266049	8.79167626694731	5.94754635558749	1
X2923709	7.08035761959218	0.0585577620764566	-9.75654188594119	0.156274188782934	1
X2923710	23.5356065263192	4.53130780661224	17.4912283961792	-0.0143152978487392	1
X2923711	33.4744264426626	0.687149329300226	39.8558383279808	-2.34336496968003	1
X2923712	14.1842251015184	3.36109779794948	3.18513121477017	4.69874444314253	1
X2923713	8.1006486548644	4.64360772129709	8.55204553377257	6.33419802476585	1
X2923714	0.107372740047865	4.26455983431021	-22.7678914129693	11.8802569195545	1
X2923715	10.9362904632776	-1.87710014900837	2.54687067068009	13.1976380306583	1
X2923716	17.6040610387109	-1.69140466960867	-0.798434910071968	6.11975837999829	1
X2923717	7.6350512328064	-0.949584898878157	-6.25539245972983	7.29912978770878	1
X2923718	21.947840291564	1.03548284496847	15.4516748360489	4.62434167814129	1
X2923719	5.85124491667744	-1.17018490257695	6.56485263677559	6.65251924392756	1
X2923720	6.49737930958271	-2.26943262263503	15.4228706288755	-1.50007072178461	1
X2923721	30.6235049391687	0.495899743643383	32.700650700306	3.66489540769512	1
X2923722	37.4437457490363	-3.69218006001469	44.8155822483099	1.99904449171981	1
X2923723	7.85448131767663	0.702626994576364	20.8231468958697	-6.83457284549299	1
X2923724	7.83858357116782	-3.75723199182121	-9.86604146920898	12.8204091017432	1
X2923725	-8.7078336735582	-2.06283168772141	-3.19063732640381	2.48351563251284	1
X2923726	9.49579179439372	-0.564520049353019	-5.5970702258956	4.80006033415885	1
X2923727	10.0432267430079	-2.8080264064072	15.4414610137583	3.13968316655979	1
X2923728	14.6645433783458	-2.404730528363	15.3460875771939	3.13443716861818	1
X2923729	17.4537412802531	0.241702821849364	27.0987425136235	1.20488125158831	1
X2923730	24.0475073803042	0.395015817780532	11.433290165525	7.88817208493377	1
X2923731	-26.184832260756	-1.5167922689358	-36.8964440483994	8.03464212670308	1
X2923732	10.3485820403626	0.652136933644384	12.5985719604722	0.57801272921875	1
X2923733	18.4016626310895	2.17554511094686	0.976150873417977	12.3022103735314	1
X2923734	13.0855983983138	1.09484256468574	-7.24635110350781	7.90717924159531	1
X2923735	-17.9815913028883	-0.903721322497016	-10.7120986249573	-0.783391765951495	1
X2923736	-16.5721236212859	2.51644980101549	-24.2267399370643	7.25144610739582	1
X2923737	-34.3524702178672	1.40004600411119	-26.0434827428111	5.2192749886487	1
X2923738	-24.1353907669361	1.34112272073458	-53.4601901866201	16.413666257996	1
X2923739	-15.8657541593399	0.450825077461143	-22.2555734868555	-1.50858470468884	1
X2923740	-29.2237341896754	-1.84041979754981	-9.69198667904505	-2.44262823086745	1
X2923741	-18.9416724002086	-1.62963105232533	-32.6269504894734	5.67749876109881	1
X2923742	-27.1434688819447	0.411828660049164	-32.3075890122194	11.4420390083747	1
X2923743	-22.924633009077	2.46900130047537	-33.2562242053677	8.54724128386644	1
X2923744	-22.8671345532474	1.53584568373024	-29.1650370375239	5.95071514276158	1
X2923745	-17.9885772556327	-0.683013530928935	-21.299148402826	-4.85834603164663	1
X2923746	-15.6565038161398	0.307116422557771	-19.0903206334246	6.69262390139864	1
X2923747	-8.05305787254199	0.26259621381794	-12.2166102990025	4.84262753359615	1
X2923748	-13.8013974995237	1.07390420850378	-25.7493390849877	10.7826264526553	1
X2923749	-2.24025623298791	1.22899586088659	-20.7869819108291	7.07757713391953	1
X2923750	-28.0343256129644	1.13010881263569	-22.4136822249876	0.289918629091479	1
X2923751	9.82546873232064	2.05358878556125	-4.66782751912839	11.1296614811987	1
X2923752	-22.748810097932	-1.26579966454021	-22.172126419661	2.77253634311847	1
X2923753	9.90889764942808	-0.804201019077893	7.73138090110146	7.28632118494367	1
X2923754	-22.3641171263318	-2.42024843414839	-13.5748053526264	-5.05881741357016	1
X2923755	-3.0627983190916	-1.55375863798694	4.22290129035206	-1.67850368112676	1
X2923756	-20.4091957334003	-1.94350683004463	-27.6658753506959	-1.33617816423541	1
X2923757	-9.37380902316853	-1.34688060431419	-14.4773713964423	4.32968667236837	1
X2923758	8.43992349057691	1.98494427112526	2.29454489986304	2.58479805626823	1
X2923759	-10.1979817686899	-1.56041468764556	-31.2607731634987	20.9228877439647	1
X2923760	8.04489318770651	3.93551834811183	-3.31087233944773	2.42972716584717	1
X2923761	-19.7688795223916	1.62084844780631	-22.8712387495995	7.8089012489617	1
X2923762	11.1140910198314	1.89776499973175	15.460969318434	2.58545318598159	1
X2923763	-22.4183024541057	3.31185796171716	-37.5529407290453	1.85206248331767	1
X2923764	1.38070828119887	-0.948019371418057	4.78200321247202	-5.76346982167637	1
X2923765	3.06081327690695	-1.69822383825723	5.2316211253089	7.23975009776987	1
X2923766	-5.20194832385434	1.48875507947699	0.911590499356425	-0.426380278009508	1
X2923767	-10.9168356471223	-2.14012178252547	4.28201404372018	-1.75225006886503	1
X2923768	15.4775049527794	2.34698956797869	14.5881797856379	-4.07748144427806	1
X2923769	4.74502238037527	2.51420374096049	-4.82212279597823	3.37394599938233	1
X2923770	16.2825269084176	0.0832322115936922	3.59605374927697	-1.60741956971687	1
X2923771	4.37238963118744	-1.32406078212598	3.35376813465528	2.44609725239139	1
X2923772	-4.40160695316236	-0.51931843252224	-3.47913184013701	-5.33258595427174	1
X2923773	16.927593123763	0.494957956559379	25.1647500568836	-0.469999142537489	1
X2923774	-0.172067617483961	-2.77089667514544	12.4108878910891	-6.87956225118542	1
X2923775	-27.8082253834658	-4.02716128490384	-18.1902844689557	-4.62900942178997	1
X2923776	1.29357376086045	-0.158061918197153	-7.36972957403676	1.63763231466895	1
X2923777	0.129064082155167	-2.51580272964601	-9.83943093917075	-1.68831262877749	1
X2923778	7.47501064324934	-1.02916648707512	-7.23682148021529	12.2188141831784	1
X2923779	23.7148941521036	-0.42905839802225	13.8669633769966	6.94051833418145	1
X2923780	2.86183267983269	-2.11115765964014	-3.85620649746891	-11.1825447837989	1
X2923781	6.1073308688493	-3.57930799738546	20.5061413538766	-5.46583393145127	1
X2923782	0.0199434279333079	-0.448702578263189	1.21387613538308	1.48785397025205	1
X2923783	25.6041235700929	-0.774785631040845	37.4398686693756	-1.7694845581407	1
X2923784	4.32432083456634	-0.430153304239538	3.00804732176713	-6.22710428406288	1
X2923785	30.4433156099322	-3.08249187298008	40.0730175208098	-5.43783421473626	1
X2923786	13.6770504228548	-4.48886443127727	19.926193152139	-7.69535625432879	1
X2923787	-3.48437641760226	0.807734101437797	-2.0785411864758	-3.64695356483425	1
X2923788	15.9619693562466	-2.26791519696354	17.163861196553	5.59232964965203	1
X2923789	18.0667124571093	-0.291941212444554	21.3854681328076	5.23383178331837	1
X2923790	13.7032128725997	0.710320420440389	10.4966502437165	2.87342046135221	1
X2923791	5.25714822717989	2.29353630074605	15.0987416685279	-0.899895121555038	1
X2923792	29.4036524471284	2.20935725993547	26.0629153441346	5.00809802997112	1
X2923793	35.0930177928646	1.87802825142652	20.1191079318813	0.166184621776169	1
X2923794	21.6026568374288	4.93210042913989	11.9723118913979	-1.17376098523834	1
X2923795	12.4965187132504	0.725490131404087	39.8559575030146	-9.9881012361982	1
X2923796	20.6640808785094	-0.15065647422767	22.6670599377531	1.60841347092751	1
X2923797	10.7101205699866	1.44676727878966	1.57565382999099	1.95065666243206	1
X2923798	22.3612579642824	2.250913652259	7.62081597068648	12.4504887797448	1
X2923799	-0.882497990396241	-0.531750541916724	17.6718875933686	2.43725478124015	1
X2923800	-21.0368253156049	1.14009960371213	-31.2532049378352	3.12892907352142	1
X2923801	-13.8423595667305	1.94606764297292	-16.6181873924542	1.41275483958618	1
X2923802	0.560253260005105	1.93301139879588	5.81899405149731	0.281837973183809	1
X2923803	6.27612073714222	-0.619528302349478	18.5604108501475	-5.98552410038239	1
X2923804	-10.808652073199	1.32799714383257	-15.9038061995358	5.25518733632406	1
X2923805	11.8387501217805	2.26259043380699	1.82165019130253	1.90857859526454	1
X2923806	22.5592587860526	-1.2423967047768	19.973520195559	1.45983982646409	1
X2923807	31.4046615382594	1.86958520641042	26.4848749658143	4.89708776526317	1
X2923808	-17.5381835307562	2.01772469871574	-24.0599103103374	2.77879672708584	1
X2923809	3.51165389101771	1.24036262316613	-2.63758781900052	2.94547179078982	1
X2923810	14.6096183495935	0.836203397577042	8.57241546540016	5.72802359473253	1
X2923811	22.1884004201508	2.69547308744176	15.9938347084031	1.1458291210454	1
X2923812	16.7879587993925	1.01725329177513	21.0217209889699	-5.97409109524509	1
X2923813	22.5007372861457	-0.913161871054	34.126809523261	-4.72401077003038	1
X2923814	2.13061423037674	2.12549635564484	14.8202491193556	-4.68156701906808	1
X2923815	26.4461709006761	4.03372147837032	3.38587238665612	-0.445047531422143	1
X2923816	17.6502850636668	1.55174505783735	-4.46077993536736	9.40183406069831	1
X2923817	19.5961177293275	2.71974056381713	17.1516670689162	1.79938498379212	1
X2923818	0.0921315570864754	-0.175874729470688	10.2111432504685	-10.4013426385625	1
X2923819	-12.8328904739316	1.94478327549387	-14.1655025791555	-9.20896824278238	1
X2923820	-18.8878404485841	2.72439094555763	-18.5798302936196	10.1486688706816	1
X2923821	27.1005544838055	2.07390477913995	12.6609062299299	13.1420761047557	1
X2923822	18.6515568584585	3.69617532800471	-11.6865799415015	8.27748633582028	1
X2923823	12.2963359443601	1.90952048867869	-5.2408008729205	6.94956483325231	1
X2923824	14.9311902199394	1.87305978888223	7.08627186177776	9.41528577789767	1
X2923825	7.8399740890888	-1.53317503583674	9.98337165798772	5.38063030323414	1
X2923826	12.9090510681212	0.662241926903752	9.87571176289761	11.8926325222173	1
X2923827	4.47565564031825	-0.61634578250932	15.384125480706	-0.82096333029266	1
X2923828	17.3331526506887	-1.3266656561364	20.4861358172801	0.83879511939474	1
X2923829	-5.00557436217908	0.280729725563047	4.12102162164392	7.00551872172878	1
X2923830	1.02154198561941	0.658627094513013	-15.4659774339547	4.65575372304468	1
X2923831	-25.2617731344837	-1.59187156301565	-28.9773560943771	-5.9007251810549	1
X2923832	-17.6361789607242	-0.787332873355402	-6.71082941220745	-8.24118093849489	1
X2923833	-16.0901872171711	-0.486046975304187	-10.345885918441	3.30864617917843	1
X2923834	1.8864164482796	-1.42877136988369	12.4151581931538	-2.08157642314859	1
X2923835	-13.0872424309132	-1.1767213014962	-13.7813078261412	-2.13551438003721	1
X2923836	-13.5010358179577	-1.30991058639537	-20.8979294063522	12.73428403721	1
X2923837	-12.5318563957327	0.109969656666207	-16.5567459539226	7.7492890248391	1
X2923838	-14.4915974490892	-5.94044093176803	-9.31585913558819	-5.7693661558216	1
X2923839	-11.711681101031	-0.204347994493177	-14.1932257114337	-3.31075120402042	1
X2923840	-4.28303380628994	-1.73942188718281	-4.2184718949876	-1.3718362116192	1
X2923841	0.505796404656028	-0.264146345126424	1.68323685952649	-2.09404627892189	1
X2923842	16.041695444967	4.19005928213392	16.6229510184291	0.66961713656893	1
X2923843	-35.3759527389412	-0.937550039855001	-32.0415608469213	-1.3317565177663	1
X2923844	-1.35842357282495	2.27289859625436	-18.7549856148802	5.8136934624953	1
X2923845	-5.85240849502629	2.44248951518025	-9.26066636610754	3.63563978403483	1
X2923846	-8.39547889026489	1.87584549683374	-20.1539224252765	10.6489086021884	1
X2923847	11.1938771685784	1.60869258644024	16.5481119353856	3.24936093910912	1
X2923848	1.8303447906174	-0.0721690957000701	-4.7764759585912	2.95180093816803	1
X2923849	-40.6362687855786	-0.682470602481282	-29.7671893792324	1.4721073044318	1
X2923850	-38.5320919621214	-1.6590431493641	-37.0506927084407	9.94446816511234	1
X2923851	-24.2875405694758	2.21009531787722	-39.3120972914991	16.5124239916832	1
X2923852	-30.2643425350871	2.7975251616189	-44.1757006971314	6.66136654218461	1
X2923853	5.7104704454045	-0.895516380992959	13.1550447995001	0.231731074452465	1
X2923854	3.76783799431382	0.0174024460575325	-11.7742966327757	3.72408504850653	1
X2923855	-13.1293766544075	-0.879071018124026	-13.3442399859496	2.24281459379703	1
X2923856	-7.38393764451944	3.11112980478036	-19.3856895996795	6.05289994650693	1
X2923857	13.6254067556142	-1.59673689212733	1.0786890685147	-2.08093985113403	1
X2923858	20.8203621429717	0.477656523807632	15.054010519257	7.58445017797349	1
X2923859	-8.57990945725672	-0.131717593631021	8.51841034115485	-6.57876206736713	1
X2923860	5.78345468300652	-0.297598578533878	5.3496905919701	-0.108759487526384	1
X2923861	7.01841552387127	-0.790920401982143	12.0842614940826	1.63653147590523	1
X2923862	11.6718090504846	2.35371294638477	2.38117773684016	2.16850247436444	1
X2923863	2.96466776500424	0.440514889887648	-10.6323086780714	5.81667647001253	1
X2923864	5.51686404055895	-1.21793712925212	34.7914295834307	-15.545194616647	1
X2923865	21.5088930047003	1.21870425269198	10.0750531092751	4.31440957335256	1
X2923866	15.5822743265415	-1.27368469564822	17.1654587659238	-2.01711210912323	1
X2923867	-10.1391991566368	2.34092517714157	-10.4933963429971	2.66713204450398	1
X2923868	-10.4151099179741	-3.21422390353356	2.74763551894332	-9.18273120271677	1
X2923869	-13.1215987581271	-3.69586552566746	-17.5060473916519	5.77095264222748	1
X2923870	36.1071820516281	0.292208391774933	11.8291647030233	9.8025178644554	1
X2923871	6.36915639867028	-0.617326156589876	8.95496227692826	-3.19088303921162	1
X2923872	1.99978117309645	-2.87647307393507	9.80747588408123	-1.11727438889937	1
X2923873	-6.88549511995935	-0.852419157106845	1.73110024364746	-4.09693239057042	1
X2923874	-27.0826523801299	-0.206830083636131	-18.5652496823708	-3.7196129023552	1
X2923875	3.2672203287054	-1.99440217391075	6.68957683526859	-3.31721522778151	1
X2923876	-22.6846129886033	-1.18412035394045	-20.9576361788658	-3.72754150929511	1
X2923877	-18.3706745558395	1.28905915846212	-14.8083457032205	7.32367158454675	1
X2923878	6.74499144707121	0.240198691533	11.8738189737861	-0.461093615365146	1
X2923879	3.50910688338372	3.6659997032779	-8.67254402021972	7.69314668487274	1
X2923880	-3.75631350296263	-0.0629165029255125	-3.67501839890812	1.72315600914465	1
X2923881	-22.5235141425816	-1.65016550802995	-1.04483861670443	-6.45736700706548	1
X2923882	-8.93426539563121	0.223818993746127	6.77113013287612	1.57019504174883	1
X2923883	4.48977447477335	-1.03437523962629	2.48234082276618	1.19095008386268	1
X2923884	-19.3478014707675	2.03609160551575	-33.2678948948156	0.664494801713198	1
X2923885	5.76906770538073	2.47435605756702	2.65848381713725	-11.4280413297424	1
X2923886	-7.32278090365149	-1.64814379507306	-16.1502088088386	4.91010250559328	1
X2923887	-5.57506331710828	-0.423181873215003	-9.2362379568357	-4.07625996336641	1
X2923888	-2.01014727564071	2.59341203674597	-7.32630219924629	8.80797305183738	1
X2923889	-3.65096047166011	3.86155056971792	-5.92714791349485	2.38769191123116	1
X2923890	7.09165322077756	2.5703112241951	-10.5971930965366	0.234694871096193	1
X2923891	-7.79796719792086	-3.35268961881844	1.77708221015491	-0.311456496957962	1
X2923892	12.8142077036832	-3.7133424433107	15.8590771076466	0.0220017659771563	1
X2923893	7.47145099379614	-2.80115547577357	2.17895417351446	3.22825396635328	1
X2923894	-22.7772457300834	-5.01209182599257	-8.67002313338264	-4.52467916146186	1
X2923895	-5.88564770583185	-1.49981843391632	-10.3470217020159	-5.48572091157893	1
X2923896	-14.7046584506414	-5.16350462194299	-16.811024019165	1.35444862343837	1
X2923897	1.72485148583049	0.0272776722137149	1.18036939429929	7.75736740775907	1
X2923898	22.0158119029388	-4.45268758676304	13.9975313342842	10.369670017558	1
X2923899	-5.68048338312687	-3.57995905215728	-5.84298900012997	-0.0282525419232817	1
X2923900	-13.4917897244381	-2.78072717799896	-25.8858633015653	4.32356287248693	1
X2923901	5.52305327906575	-0.407934903234412	5.00643997868692	6.31511825167133	1
X2923902	-20.7741008990053	0.924066841645583	-10.9575415870071	0.873640151363835	1
X2923903	2.9579721175394	1.87186910580668	5.52476623088582	4.47252486376175	1
X2923904	18.3573837477194	0.349677174812238	12.3202608019917	6.51439502675405	1
X2923905	8.89324714079177	0.685251835036381	-1.39160739102918	10.6608423321938	1
X2923906	-14.7579031753921	-0.643946853856007	-7.21425636238786	0.336641634965063	1
X2923907	-6.6755634720528	1.78315383226466	-20.404444124519	0.138328930109326	1
X2923908	-6.14273857814878	1.4656030249025	-28.5525642300012	19.8470616932394	1
X2923909	24.3015715791727	2.24985347283621	17.665367017462	9.31327740355562	1
X2923910	-11.4691588947941	1.40201374212188	0.632112442828118	0.360237202033516	1
X2923911	10.141346642402	-2.19429904768119	12.3191903512254	-0.6986778371285	1
X2923912	22.5463916943292	1.0311316708	5.52036509664527	7.81881581268086	1
X2923913	1.85899044203765	-2.67309990871518	-1.63149473491981	5.27039676467076	1
X2923914	18.7262527855749	2.3203357768729	10.4287786584678	1.72462173737826	1
X2923915	17.4213019085806	2.10465507038144	3.98681835551671	11.9873515809192	1
X2923916	14.818577405627	2.71741316204698	4.14468759114055	11.8849263023966	1
X2923917	27.3610214850278	4.06873074554478	13.2306261223193	11.3361226947479	1
X2923918	17.5454414062728	0.384141983330674	18.7885924686865	-1.96622372078976	1
X2923919	-11.3769035444357	-0.289811385999909	-18.6252066778513	1.34599485495044	1
X2923920	-9.80462696959207	3.99335285564279	-16.519186639399	3.49176495182478	1
X2923921	8.07353853544001	4.24815975785685	4.52069733586443	10.7267850982757	1
X2923922	20.540983866591	0.705900186599297	9.38161296945956	12.9467763805028	1
X2923923	16.3524294679364	1.15631034784274	13.1362481297518	0.314889874006696	1
X2923924	25.4427664004706	-0.48169283026958	30.8800975844607	-0.0268214499698326	1
X2923925	13.1802977997045	1.74673189644902	-6.41956463623458	12.4224988832802	1
X2923926	24.4070480358432	0.705952065869717	5.2254309638684	12.4342763984944	1
X2923927	23.6124279234088	1.70321752238656	-3.49259116073768	5.62044604721422	1
X2923928	16.1325899085325	3.20912220151799	11.590826776053	4.31341662028194	1
X2923929	14.1129717543904	-0.615263192600854	13.9232955402098	2.91618445134568	1
X2923930	-1.12409641183858	2.01518902554824	-7.80394199095594	4.3696733967447	1
X2923931	3.25424032789075	5.09284083205305	-7.37338425963815	6.71237637909617	1
X2923932	4.29942036876462	3.76604622674326	-1.73598932783523	5.02139203707757	1
X2923933	25.2564436426883	4.41566909315877	10.3980686696721	9.01478629420631	1
X2923934	7.374443544457	2.92243107815279	24.4533033397136	-8.66076766285718	1
X2923935	-10.6674957630421	0.211988758229128	-8.64670731007728	0.97072739310235	1
X2923936	-24.9921112504201	-1.25512246609067	-26.4146374324139	-4.50451623791376	1
X2923937	15.342344339348	0.459433507678791	22.0842798409247	-1.13695865743516	1
X2923938	0.389296052560758	0.110916772878589	15.0998370075401	-8.65670838907829	1
X2923939	6.29828921635982	2.39080639891352	15.2534173265144	-2.69065834646904	1
X2923940	-3.9467445087111	-1.17533843258789	-5.68667187929412	-9.52793653119835	1
X2923941	12.4633267680772	2.37262505832329	13.5959138911556	-3.83848426495071	1
X2923942	15.4451275790963	-2.57225398952218	12.7866693350679	-8.94339053699098	1
X2923943	24.6265617129416	0.114489021617835	14.8218666608752	5.66224886136083	1
X2923944	-16.1274028612319	-6.09031867331568	-6.49688109689489	-7.36275245063436	1
X2923945	-23.7221228762617	-1.90717442748459	-22.2710453526308	4.10121973963695	1
X2923946	-10.8815494906396	-4.29754794007402	-16.8803680877877	-3.07154387991091	1
X2923947	10.2423335930786	0.587698096242937	14.2965416510471	-2.32233758994074	1
X2923948	-23.8441970025052	-4.83803042678041	4.43288286969717	-12.2511138685587	1
X2923949	5.00301338909296	-0.680490437642848	11.9340071469171	-0.0236600123901084	1
X2923950	-6.68292170894299	-1.61995838142923	-16.8676996392772	3.54885480487812	1
X2923951	-17.3868189902492	-0.115214731846954	-16.8091535665858	-1.71164383994577	1
X2923952	-15.8266453895448	-5.04113929398072	12.8255732314318	-9.99827599019669	1
X2923953	-13.7803614385809	-4.68510229652697	6.80776584386614	-11.6365287055633	1
X2923954	-4.87705639572985	-3.82977439779211	6.50002864555252	-10.9209559660154	1
X2923955	-8.25644392735074	-2.58936439755182	11.7723075977355	-12.5292229537141	1
X2923956	-14.2148283500586	-0.850281359989471	-1.95835907092562	-7.35870653684751	1
X2923957	-0.39843670991501	-5.46851963696954	9.4067717840281	-8.82354802805238	1
X2923958	7.85642345291934	0.292976748889677	12.4668936466538	-2.89417793747919	1
X2923959	-5.02672487249733	4.47828439226597	-7.27661966623804	-0.894586596699045	1
X2923960	2.1054789107505	3.75854786413573	-13.1086415077313	5.82087264893116	1
X2923961	-2.01430749161337	2.7154661411859	-0.926439133691527	-3.29095826880929	1
X2923962	-10.2307381731008	2.18725571907699	-9.89256876655704	-5.86209755801561	1
X2923963	-13.8035753058247	5.63128079083907	-22.3034175991567	2.38809259108592	1
X2923964	-36.8700211852743	-0.0524734432629068	-21.7077578418017	-0.0200714516405025	1
X2923965	-11.1401374225422	0.0893675771039438	-2.31885675037648	-1.70838803094744	1
X2923966	-5.2957044727863	-0.43378324106491	4.0455603231876	-3.84469902324483	1
X2923967	-28.8538490540517	1.67263445441967	-26.0952972207462	-1.36316123560869	1
X2923968	-11.9063157078202	-1.21547072624374	-0.917788448374398	1.80117493942376	1
X2923969	-23.0595963464925	-0.904038856949574	-23.5632770993878	-5.825284151666	1
X2923970	-46.9873157831483	-1.43015482639241	-28.6507911704438	-4.95490277133825	1
X2923971	14.8181142888652	1.23677820119602	10.9376959620409	7.05722230168316	1
X2923972	-8.42747441127447	0.941140092058233	-6.7836565935668	-2.23458477516199	1
X2923973	-6.0389481358058	0.026503938796516	-14.1264971134127	8.06397168503075	1
X2923974	-25.1060704087759	-0.365360395707137	-25.2891705021615	-6.76592356823476	1
X2923975	-26.4919309468717	1.07070353778599	-29.8129830012834	-1.10329792168721	1
X2923976	-1.68292868509287	2.00687606653076	1.07039934290745	-3.16583401189022	1
X2923977	23.6422373815213	-0.590126767878387	34.6064187025889	-3.95365997032263	1
X2923978	7.45842168212218	0.977040911653269	-2.85642745382388	0.399333688093301	1
X2923979	4.88278303076607	1.91441805793029	-7.42157437188073	5.5040074519715	1
X2923980	21.0091295712555	-0.881575440126026	15.6965787712598	-0.966532728639566	1
X2923981	14.3095654436686	1.82329459967957	19.2342718085569	-1.28412176811376	1
X2923982	11.8345916382897	1.4749983672804	8.58261628729058	-5.98386063914137	1
X2923983	-6.27485722725199	-0.69450417297677	0.417463822574712	5.26888969870012	1
X2923984	1.14440233293484	-1.75653851930078	4.87643646934134	-7.82168088549529	1
X2923985	6.45446732664358	-1.12227921673904	11.160132057028	-0.568649094008181	1
X2923986	31.9376647806258	0.456902356642768	35.8775866281867	-3.07827306937033	1
X2923987	3.99929601483978	0.679003081765229	12.5053432440293	-12.4960919246469	1
X2923988	8.92326810706807	-3.02037261900154	10.3214745823725	3.7326787697173	1
X2923989	21.6099928950665	1.91794438500512	22.5255627593298	-5.73734649189207	1
X2923990	34.8795218584928	-2.25442524243576	52.096189189939	-13.895977086384	1
X2923991	23.0174203437809	2.31685693353828	18.59220944411	-10.5002047347389	1
X2923992	13.340422217026	0.282434418132641	9.54797751617077	4.96609952611989	1
X2923993	39.4895830513166	2.64411511741784	32.0843672006734	-5.68063997205657	1
X2923994	24.3954587784037	2.02025528443075	29.0830621651592	-2.94737795837197	1
X2923995	28.3506903966255	2.00585442731782	5.43123624658848	11.6064912476864	1
X2923996	14.3299918239596	2.88248448349743	13.0070798207037	-5.55356605751344	1
X2923997	-5.82496325550335	-1.04621266278276	12.9253784895477	-11.2872594214375	1
X2923998	2.48332879584072	0.95897997589336	13.8041408263692	-6.18344062827167	1
X2923999	25.8906110894613	3.4097678801126	28.2953319992432	0.294445140517195	1
X2924000	18.2703798856965	2.31321281267984	27.1433350934193	-9.8971058112765	1
X2924001	31.4597084445987	0.206826452725983	27.9418334727176	1.84062721648123	1
X2924002	30.8270470138552	-0.931754119722899	32.3726082032706	-7.59203725143732	1
X2924003	12.4406851276386	0.301212477432242	20.101886311383	0.710653898636729	1
X2924004	31.7894164264421	1.28151020980038	29.8835265711423	-1.68710504722684	1
X2924005	-9.43565021986632	1.21564136185126	-10.4853219190878	10.4113607506166	1
X2924006	-7.92630143791327	-4.08045682084141	-5.79783383038767	-2.59044642304655	1
X2924007	-4.7081154562179	-1.74247438120382	-8.24329620998398	4.94604206462842	1
X2924008	-4.51580805765848	-0.293886735149465	-2.21283630861813	-2.11122897246568	1
X2924009	-18.9422901040247	-0.449745220551664	-16.2426880066267	-2.02692174147143	1
X2924010	-18.2382903844563	0.0635637695508267	-12.0626192802977	-3.1082974706827	1
X2924011	-11.3583494664273	-4.15710960914492	7.59698602936717	-0.605457792962643	1
X2924012	-14.8235042627341	0.0748301156527032	-1.27608794686741	-3.42695120897653	1
X2924013	-13.7702937521078	1.45688194801995	-22.6912658662658	8.06856126429869	1
X2924014	14.8186395053947	-0.0368388285143012	18.8650098348546	-0.12262429302644	1
X2924015	-5.10922028724679	1.96740833286287	-11.2836237129569	-2.39602161883557	1
X2924016	-1.32450531532321	-2.55084764402855	-3.8956023963857	-2.43539659435037	1
X2924017	2.25438274016552	2.63443260727038	6.62527082458295	-3.16253456106554	1
X2924018	5.27515877580951	4.28328552457374	-4.21153997390786	5.19566220271004	1
X2924019	-11.1158421256479	0.830784172368759	-10.5668618437058	1.10006244322658	1
X2924020	26.7558699456551	3.31916352650326	10.0057446331925	11.4925248820643	1
X2924021	31.4436551452505	0.859003934233787	30.452450590378	1.64269005138755	1
X2924022	14.2158770251107	-0.0794430273110867	21.2569616092952	-6.94358467198184	1
X2924023	-7.55970735325025	6.19392193443126	-13.238770175648	3.91620626475299	1
X2924024	8.21809769172259	0.628938644723316	7.51526960897577	-0.556118759049037	1
X2924025	0.492706901075924	4.79886929380985	-14.6692480473223	1.29959525526184	1
X2924026	4.83419289515634	-0.205855992636922	16.1474210073966	-5.23106751292093	1
X2924027	0.455805894836587	2.90488856291816	23.7285378012752	-8.68093723760106	1
X2924028	25.2310055144769	-0.264422113112916	31.2094314287692	-7.72080810374988	1
X2924029	-3.58972370125663	4.06798441343305	-4.59164908230771	0.719218472611631	1
X2924030	28.8649838840187	3.43448400335274	19.5556710091201	-4.61280286611627	1
X2924031	-9.66188518965786	-0.758329914934373	-3.68469824574853	-3.81324041746576	1
X2924032	-18.6452319133612	1.46521709441119	-39.034601840571	3.43416859632253	1
X2924033	-5.88880629571017	-0.808641804475093	4.89369995643157	-9.15101802037405	1
X2924034	3.71506245800459	2.84539588880464	5.40009661910994	-0.0766248377679177	1
X2924035	-3.55464866795461	-0.162899374915965	-6.21929461225232	4.28423020257489	1
X2924036	-3.66715096765202	4.52340525175764	-13.1223739837909	1.67644456616617	1
X2924037	-22.7166571849442	3.13065576744269	-23.5726048922249	-3.91489703726305	1
X2924038	-10.7257346676873	-1.72432408557598	8.30029638759998	-4.72350205613231	1
X2924039	-7.07874017420682	0.115731689448201	-20.3279886943749	8.91542734609702	1
X2924040	11.0092886860296	-0.433673049188321	22.8855852179336	-4.11414709184472	1
X2924041	-12.7927802673507	1.67532623377037	-14.1606015260548	1.32035342660454	1
X2924042	-26.7961355241789	0.667960835673981	-30.7097059718213	0.0805227567908702	1
X2924043	6.92700577876684	-0.388254284360756	15.0172467723687	1.44151874679704	1
X2924044	-20.0488607582805	-0.0116854224587637	-25.92095621664	1.20713950229381	1
X2924045	15.8217631033208	2.21010869726144	6.65737216447645	-2.00305102969012	1
X2924046	-27.1020384145336	1.43352282711746	-24.9588574818513	-3.54120198552294	1
X2924047	-29.2343662890062	-0.270384463110653	-11.6876810867907	-3.51583188042345	1
X2924048	18.4725386018088	-4.34828093921835	20.2741437106115	3.77478953555947	1
X2924049	-5.05553827683431	-2.09493255203638	-8.28062495455498	-1.74531248938579	1
X2924050	-0.952711253769385	-3.03323049550747	14.4898002295829	-6.63075488368397	1
X2924051	-9.22714237814791	-2.18520947320219	-9.41137709417646	0.0734998637136171	1
X2924052	4.49000362225538	-1.32544269898184	10.3493601678883	-7.58129928277402	1
X2924053	9.05147096159871	-1.35281542451195	25.6025006640717	-10.7816308154626	1
X2924054	-0.311104607012905	-3.70469045651416	12.7664612883068	-13.4891345081392	1
X2924055	17.2205420832143	-1.12990605200986	18.3087616431779	-6.09933036302884	1
X2924056	21.7986468638373	-3.24802267616481	36.4419055031713	-11.9438915641821	1
X2924057	10.6586326766294	0.784712105753111	22.6647156935231	-15.6083134320265	1
X2924058	-8.66247885047767	-2.41920500578529	9.11894114537532	-2.59265843543002	1
X2924059	29.3836154105393	2.34720873425915	36.2304800492291	1.51971342489722	1
X2924060	7.93987756058116	0.324828125564339	11.1430789990278	-1.59093597000213	1
X2924061	7.08136198411181	1.45143607272037	7.05557906724678	6.12111366925937	1
X2924062	-17.2751046931868	0.963598417915808	-7.85633063602572	-6.85154582511639	1
X2924063	-20.0997872570815	-1.5319370088935	-28.1771734378463	9.13620360341153	1
X2924064	5.36629016289496	-1.99510875281767	-0.598299061382242	-0.110635990842484	1
X2924065	-8.91385689208502	0.866963837851222	-5.48354864329921	-0.0342820269523525	1
X2924066	3.30981805021438	2.83241972517176	-3.46680921937901	-2.78906973998998	1
X2924067	1.85785572783404	-2.47190150228778	5.93541940080307	3.1372632948668	1
X2924068	20.6501454328775	2.51601085781011	0.163317820452392	7.92863635214858	1
X2924069	19.436829341927	3.4011207946895	11.3888740452381	5.56820913073369	1
X2924070	22.525614121028	2.45501281198501	22.0950732695422	9.197920850017	1
X2924071	21.3238299633477	1.537616123654	15.1255087086416	3.43456126706049	1
X2924072	6.83303016317644	2.24309258617021	-3.90172817421827	2.71074112948094	1
X2924073	23.8154154906231	-0.702762531073145	23.3573310343493	-3.02793463344888	1
X2924074	-30.382356807644	-0.896758758479416	-13.4762970873589	-6.2025875314236	1
X2924075	18.3973598967731	-1.97566207529387	17.3848894880106	-7.60731716759923	1
X2924076	-2.62580452505669	-1.27080436895542	0.285038990582081	-1.60901199275962	1
X2924077	0.718900423416245	2.86023947008198	-9.6395519153645	-6.64973561420291	1
X2924078	-15.7625747235932	-1.7085841671264	9.72371583497694	-5.79483721511182	1
X2924079	12.4615455083515	5.23161081315232	11.304244485596	5.71315025485601	1
X2924080	6.16640946434961	-2.58283770994901	11.3667525960381	-4.52534169487324	1
X2924081	6.05399788770401	3.00274049127647	0.128621284010022	3.80915690918801	1
X2924082	-6.71969942019412	3.22029976909167	-3.07707257963868	-5.03559496292638	1
X2924083	-11.4294529636396	3.39344464280909	-12.8928431532316	1.55156710969556	1
X2924084	19.6111777404682	-0.442580284474217	5.69538893288974	1.8089588963428	1
X2924085	-4.61044631331633	2.71298018424175	-9.64493136015103	9.3849027329878	1
X2924086	-1.89484503945402	2.94211897327893	-21.1882618583244	6.71265263443785	1
X2924087	-1.8463606393361	3.70126998023381	-20.0584334312784	8.53282067346783	1
X2924088	0.882191954174776	0.924843335938858	-17.4662398504337	6.36959214595138	1
X2924089	0.894206827070015	-1.42629884792503	-7.61989421300167	5.90210727834313	1
X2924090	-7.1815981446943	3.63003008152572	-18.7100850475145	6.35748491321729	1
X2924091	16.3618069842309	2.82398568258463	4.47435248899186	6.48884861135092	1
X2924092	-25.4923461971602	3.38383072718544	-27.718871391175	7.03067216780545	1
X2924093	7.91894742652402	1.84577356860353	-2.47508277286456	8.73747757148753	1
X2924094	5.54742138368558	1.03293735136962	4.07964292955292	5.1940070999428	1
X2924095	-4.7116167652445	0.912262086703898	-14.1277034611918	6.33500720296863	1
X2924096	-1.91924186273437	2.50072545391603	-26.9356833535678	11.7274400286358	1
X2924097	-17.1680934610039	5.33720633152947	-31.6799697129466	7.76950221258421	1
X2924098	-17.5752012343462	-1.86930907457736	-19.5513907678882	1.00067223397044	1
X2924099	-3.1658176152156	-1.97426028594728	1.71033631943882	-2.46790478048252	1
X2924100	24.4373120145327	-2.06333118903173	9.73642465401645	14.5007212679181	1
X2924101	-4.20208222742107	-3.75701933083054	8.11564902198165	-3.04033332823192	1
X2924102	-8.63049677474159	-3.20738616704628	5.1507185748889	-0.504557857476153	1
X2924103	2.60725875524354	-2.59804501498641	6.67774505811648	-5.27674049525768	1
X2924104	-10.0272320731044	-1.84635087215469	-18.1547808804722	-2.32324390086173	1
X2924105	7.80000040595034	-1.72941512740049	11.7854575761208	7.31549396347369	1
X2924106	-5.72806752712441	-0.0553706916716394	-3.76424293172189	0.979144220111871	1
X2924107	-8.28862422946027	0.495026755761208	-0.57519125136561	5.74735346080093	1
X2924108	11.8879146860629	3.10120582798229	3.84881959277266	14.7156420480774	1
X2924109	-50.8386555070573	1.76685218649843	-48.9053728143397	-0.703351558652052	1
X2924110	-33.7615654815983	-1.36722990178948	-38.2775391779757	3.31542645055116	1
X2924111	-12.7120217844437	-2.3797522985863	-0.377050957429261	-4.07431588743174	1
X2924112	8.76161263022578	-0.479416759015449	-6.11175025811739	0.0332507789225397	1
X2924113	-0.0584487704671828	-1.53718499672806	-9.18879019251409	8.16760163386933	1
X2924114	5.85845648318099	-0.407281169337164	7.85775751012005	1.19482797309971	1
X2924115	-7.52083685997722	2.82278439626975	-13.9722439273456	13.7398688531035	1
X2924116	-7.39653982305484	3.57370436092355	-10.5374499392624	5.40408578467269	1
X2924117	7.70768347379377	-3.35624237864799	-10.5498413160522	2.22185529310859	1
X2924118	25.2284697907779	0.754270408522213	20.2309788360622	7.98349983815367	1
X2924119	-17.764390104379	-2.33199177348986	-17.463220221262	1.34355994490162	1
X2924120	-14.7442020863365	-0.0762529909186722	-17.0181208220211	1.97053262742449	1
X2924121	-10.4322324197398	-3.47973648570371	-7.10735584682817	-0.0368904241894814	1
X2924122	-24.7709680915299	-1.21844849222683	-30.2894957780763	4.91951370132893	1
X2924123	-11.481913282269	2.1081452103212	-8.06985400023985	4.95662687205312	1
X2924124	-16.755172693646	0.620450904832033	-21.6323084519444	0.0804961123995349	1
X2924125	-6.5057870090755	-0.617402139688007	-3.6558931823626	-2.71030987693129	1
X2924126	7.01943371357283	1.4996930664032	1.83993121092561	5.35299379399641	1
X2924127	8.43221955916194	2.29960313314303	2.64841921705505	15.2658952688975	1
X2924128	9.93744664004933	4.53511305559043	3.89671218374318	15.9778705606447	1
X2924129	15.9451661946717	0.226283320889181	14.6841581004298	1.79256079245438	1
X2924130	8.11771816262183	1.91261332588229	-16.2002415718516	7.94162936160746	1
X2924131	19.3916703338325	-0.230451693461139	16.6984039922682	6.52523320944049	1
X2924132	2.66250985410027	-0.0367601020321698	7.47672227586614	3.50882957241109	1
X2924133	-14.3173521146711	1.24310739122514	-11.1708466097058	8.3064087943724	1
X2924134	22.2412752731791	-1.68185074174717	20.1888011967611	2.38098501085879	1
X2924135	-7.20707882910813	0.861168589431873	-4.7944856474434	5.8635985487907	1
X2924136	15.3350009341752	0.402313587241314	10.2495629106873	2.76351913175597	1
X2924137	-5.67971987133821	0.768586696997434	-14.7363668732927	8.44775850511272	1
X2924138	5.80820080603851	-3.35921009714655	8.47029593067042	-7.64495499839012	1
X2924139	-9.77959840762672	-1.51313180456566	-8.7523829072367	-3.34756544309553	1
X2924140	11.8643821013541	-4.86911349621334	16.4334309520757	0.238444856549237	1
X2924141	-1.27404712510303	-2.43989244622086	13.6009428743579	-10.8241003613482	1
X2924142	4.20858153392581	-3.14390824637886	15.2324573388154	-4.79844292904674	1
X2924143	-21.9126701899981	-3.90054868846499	-14.1534678663184	1.72345113830802	1
X2924144	-4.31628634671782	0.556130751743916	-1.42340475592808	7.73741220080192	1
X2924145	-0.328399866223582	0.819774406527429	17.1304022853126	-0.979566693910149	1
X2924146	-9.79300311530314	-3.58365226110289	7.45241731963794	-9.43156962180174	1
X2924147	5.18731832358232	0.183513568888459	9.38424687555059	6.86418910374842	1
X2924148	-3.53055545717728	1.81918992667466	3.85701670067464	-1.11599056920946	1
X2924149	-12.8726123583915	-2.32516242854941	-7.6107650845405	-9.43195046563737	1
X2924150	-14.6906785842696	-2.88615329973929	-27.5567669764466	-3.18127801089727	1
X2924151	-3.55946391623719	-0.91245818019337	-3.19359444655865	0.0214918463472706	1
X2924152	7.36083866386814	-3.39061827550923	27.6872007405137	-7.02749228751273	1
X2924153	16.9881224845828	-4.62600877789499	31.4513406004575	-6.39950628245104	1
X2924154	3.16008611803878	-4.28939872073535	6.76898797742711	-6.53364517839346	1
X2924155	0.266595965677379	0.0597508915600276	15.6268564383851	-1.4608147314023	1
X2924156	25.5684584038929	-0.614641167661246	24.3750436502335	-2.82811199186201	1
X2924157	10.766765882953	1.31530600585254	-1.85178277313428	-4.70792941358243	1
X2924158	1.40447425519698	-1.28971479680691	4.33179580396515	-1.91063888260089	1
X2924159	-28.5758392929795	-3.12187827716582	-5.4336064347301	-3.51728647063863	1
X2924160	-24.131695305569	-1.52005684627453	-13.7501842394214	-2.11283789367672	1
X2924161	-30.856260808836	-6.66369983303324	-16.6669391238869	-9.13971111211706	1
X2924162	-2.24383273260943	-3.73115449374972	-16.6212792779957	4.54467380999075	1
X2924163	-19.9090150875457	-2.82275335014543	0.414530998057682	-11.3649861980281	1
X2924164	-1.24246726894455	0.19312257896077	-10.7536701594357	-2.02633962950037	1
X2924165	24.4827548577053	-1.2445354877603	25.5273104377009	-7.87122290723608	1
X2924166	12.8300398018395	3.079061458403	13.2028803521694	-1.35114400335104	1
X2924167	-1.57288574603311	0.197275531865814	-10.0014125947352	5.92180258798383	1
X2924168	27.3155004381802	0.188970566123749	21.1347153356414	-4.84526482199996	1
X2924169	8.51814229631393	0.15392731623964	6.73247993304343	-2.19909540619664	1
X2924170	-7.55272349640188	0.920963423345616	-7.81589280016406	0.44565720723188	1
X2924171	22.299629237954	-0.479869974497002	19.6048302215945	0.305407592250634	1
X2924172	11.6327084200026	2.87793869730587	2.82261617329294	2.79110116873991	1
X2924173	24.6099907478924	0.303269132730319	10.2600667414614	-3.11289194280958	1
X2924174	8.70468932936872	1.43846949509917	-6.2570747647556	4.19998243051273	1
X2924175	1.55540158360252	0.45918614715685	1.12890942570522	3.54618259105313	1
X2924176	8.75726225609737	1.0128124791531	-4.63154659853462	8.86258214448697	1
X2924177	9.20977756031023	5.03894120382283	-2.82790684334335	13.5351689049513	1
X2924178	6.46970681573831	5.34764497688707	-0.888879150728748	4.65658695326793	1
X2924179	-2.81508178599587	2.71246994188087	-0.655312810128942	0.0448891450057065	1
X2924180	13.2091992659346	1.45662040099372	8.87927447978212	6.03538536484009	1
X2924181	18.5743495594413	-0.691713258069871	16.0252145596694	4.45893621595821	1
X2924182	-4.13594245617276	-4.43109424790093	5.03816342443015	-2.62258482238285	1
X2924183	19.5815994395092	-0.309179443829338	8.85874062698081	7.58617594150334	1
X2924184	12.1146380557151	-2.45166858562875	10.8572432748286	4.21558882244153	1
X2924185	23.1803610048317	-0.496076396143655	16.1051986603105	1.04992281597419	1
X2924186	4.15061061736933	-1.25759235196132	-4.42452348255428	-7.42523232038582	1
X2924187	-11.427030124946	-0.728514645998091	-1.20956209615326	-0.7710194967393	1
X2924188	-4.27941402740685	-3.21853478739791	2.38610210909871	-2.05549775522816	1
X2924189	19.6506399353987	1.51620288172602	15.6299313920691	6.39954045430752	1
X2924190	0.325593752059996	1.87961766830017	0.91126600322151	-5.79823020983649	1
X2924191	-9.84433427613272	-0.132616655586479	-5.79928821431239	-2.8212461129577	1
X2924192	-37.7980415945652	1.76822115444709	-27.1544842252969	-2.57981853478594	1
X2924193	-19.0518974089054	2.04646923092734	-27.4119413935942	0.389655310784356	1
X2924194	-8.22470235108401	-0.107887905757077	10.1525525576558	-5.02230131252001	1
X2924195	-13.1571204447324	1.16126548481941	-6.83953553766164	-7.0395472182766	1
X2924196	-2.20488108403322	-1.04044438888788	-2.98409443608904	-3.83587972226725	1
X2924197	11.383237828877	1.76883730753279	-5.61066827479763	0.715105937267412	1
X2924198	-2.33009144212158	-0.255485198254459	-6.3351150282399	-0.158991500416927	1
X2924199	-26.2958788087322	-5.60983094562201	-20.2901186237192	-9.00537916114909	1
X2924200	-16.1990216317086	1.28474971149943	-29.5702023291765	1.42630546096139	1
X2924201	1.76136493756876	-4.36871229468402	16.4459887929969	-6.87149511957913	1
X2924202	-22.0448258905363	-2.06641578191082	-27.1254253372472	-1.27178641629489	1
X2924203	-4.29260711835685	-1.16184138898165	-7.47985252113635	0.398689672835735	1
X2924204	-18.0118680245318	-1.55150487869454	-10.0449851732079	-9.43926442118881	1
X2924205	0.731214667733891	1.05035903766845	-12.9678831564343	5.20364070580404	1
X2924206	-2.25942212805912	1.33384348068904	-0.121791854611835	2.21682686976612	1
X2924207	4.78190915949899	0.850680847198611	2.83665751535833	1.92157130383994	1
X2924208	-3.16342804573529	2.91806001119553	-15.9358551574143	0.862230705638241	1
X2924209	2.2569870543299	-0.0425826051833501	-2.68297530522357	2.34999067709684	1
X2924210	18.2451197537663	2.90424691139449	-1.90236585653849	-3.24623288139952	1
X2924211	8.1617744468329	2.6665567154867	15.5539488763325	-7.51730855950502	1
X2924212	-0.925396961080867	0.871552660008975	-8.9169671487696	1.1859645875738	1
X2924213	19.83828805494	2.52220451877636	11.1384239538922	8.05191294139195	1
X2924214	-4.13103247407724	2.50009071974522	-11.8168846896717	-0.850299744469416	1
X2924215	5.97372211457051	-1.46676222380998	-8.44557585108396	1.76602682967494	1
X2924216	-8.34273237477967	-1.40787653785769	0.0621202065733413	-10.3657479499155	1
X2924217	-23.7885694442981	0.29800190470182	-23.7226630861933	-8.85638964189119	1
X2924218	-21.1588825263316	0.713947596220548	-7.86951576534855	-10.9469498187835	1
X2924219	-29.4968800188699	-0.780061571619635	-28.6315821545941	0.299310981317108	1
X2924220	-44.8072109759929	0.34998093313701	-41.4818934544671	-8.72319748393331	1
X2924221	0.728368673511243	3.22906662267093	12.1398074424514	2.19968826201535	1
X2924222	3.73174850149726	-1.51181050566093	11.3865131597085	-1.192529605975	1
X2924223	13.9842024078108	-2.93125269912773	36.5047461229571	-10.8181409984366	1
X2924224	10.4664788521959	-0.653514861320328	5.92390869631341	-1.82216538571429	1
X2924225	0.92116480748288	-4.03269683771732	30.0803232820557	-14.2978285529026	1
X2924226	-15.4275047268056	-2.52973005488486	-3.9841215244621	2.92430239071166	1
X2924227	-16.0377672654154	-1.54511078226416	-11.5897567180771	-4.93121981134065	1
X2924228	3.1543945251537	2.22096409714108	-2.13670863456838	9.08399594158959	1
X2924229	29.3143568491936	3.6637111815944	15.8854919749486	6.25778867861415	1
X2924230	9.19011808189783	-0.855639357449318	4.17756071287321	2.37324006898159	1
X2924231	8.47278704364163	0.40862195672557	-8.96287995632025	-1.09437408278618	1
X2924232	5.38948489810388	0.242988205377534	2.15664339494482	3.36336401930863	1
X2924233	27.9677988411276	4.67033052588467	13.6350853892382	5.39681313456045	1
X2924234	-0.85796397021798	3.31492133417391	-12.0532179261425	-2.231940828728	1
X2924235	-7.0740446401373	-1.26732665260459	-30.2238952848594	22.4861357375298	1
X2924236	31.1745443139699	-0.997917347249483	16.3597672551557	2.02499059344571	1
X2924237	-7.45693766179543	-3.99908561772644	-11.5103798979345	5.19489595921221	1
X2924238	0.628946467460223	0.277534709379846	-2.69123159843377	6.79553680906154	1
X2924239	-9.82946298514516	-2.58821407368889	-5.7845552863595	0.6532297240703	1
X2924240	-25.8202841342993	-1.35968133370717	-28.0495873996869	3.82510937868605	1
X2924241	-12.0240546751068	-0.484979486042522	6.03733094957405	-3.2469632358672	1
X2924242	18.2022621874956	-0.287665304394557	13.8394487181407	0.532270245351715	1
X2924243	0.543782790687326	-0.287224599043576	10.5790027361646	0.909259889457768	1
X2924244	-5.66561527652818	-2.00264943585185	-2.15579001882653	-9.70051506099537	1
X2924245	-12.9667263223575	0.17843491630987	-15.9726766481885	1.95129037942229	1
X2924246	-25.6546553945198	0.690313776107374	-31.6841813921848	4.62208578231251	1
X2924247	27.5088208227122	-3.98558183332033	20.0146130665242	-1.30603359038154	1
X2924248	-24.1196229682043	-1.30989974356361	-41.0123028975479	4.21619824830576	1
X2924249	-12.9504907300798	-4.85028779390938	1.11089235582591	-2.30122707459878	1
X2924250	-12.0435857246486	-5.84098250980861	-11.1709037638906	3.40791321549363	1
X2924251	0.158223831828013	-4.59944154390096	5.94096452091675	-2.54254703359029	1
X2924252	-11.0340741166952	-4.40072606241758	4.97015461958975	-0.249084223869177	1
X2924253	12.487290680033	-0.592459482139231	20.8935315201133	4.28236720643239	1
X2924254	7.67754361028343	-0.525190903141343	6.70238633777489	4.00417354565599	1
X2924255	8.31607403403909	0.11060100823598	-9.31567320308252	4.41085539778172	1
X2924256	7.1670998028768	3.6022842369213	-10.8647789941068	13.3228926244927	1
X2924257	-7.88441395508523	-1.63677852602936	-20.3887378592532	3.73619302099961	1
X2924258	-11.878068768916	2.91827458494486	-29.6662667462339	11.3999078995864	1
X2924259	12.6183159954296	-0.0258411631124015	-5.77266426533013	9.59249958880019	1
X2924260	-20.8595886107266	-1.66526235268892	-34.2787141808095	12.5296343969014	1
X2924261	-3.09000340641152	2.61389903514633	-9.56504573985515	8.82993421448748	1
X2924262	-7.75026183523339	1.34415988471232	-13.84999293438	7.34777112984275	1
X2924263	-9.86790163634536	-2.84081358310134	-9.38814833417955	4.87853551698907	1
X2924264	14.0545607062772	3.08052144958698	15.6148405915091	2.72607062146754	1
X2924265	34.9111336390005	2.34838297269521	7.87059896865073	6.72146026151183	1
X2924266	9.24354846219556	1.85863061761933	9.89424273989803	-0.855600725541364	1
X2924267	-1.24297582234938	-0.765984748459247	-8.24206845762656	0.180019932509757	1
X2924268	4.66036763007252	5.14826098448988	-8.95995057321867	13.6117842381683	1
X2924269	-5.28166347298044	3.49808772090521	-17.7754446140215	3.60344374430149	1
X2924270	22.3490499551806	6.2901607958353	14.3712918551037	4.63474183100056	1
X2924271	-28.7187607445306	-0.542662582676844	-22.9923689164297	4.08406487610639	1
X2924272	-11.0341488168319	0.851358895584107	-3.68849382940998	0.231077837971149	1
X2924273	-14.2258627609333	0.819355471180727	-19.1250167559986	2.94215096520322	1
X2924274	-17.6547051059939	-1.70557497248505	-12.7211183641765	-2.08713963416025	1
X2924275	-13.7624142690245	3.21338883406917	-29.9433163391604	5.91444872821614	1
X2924276	-21.4768395207361	2.88152698732629	-22.7873299018258	3.002917812894	1
X2924277	-12.1022710508482	-1.33903057815278	0.847119645461076	-4.73946804428251	1
X2924278	-30.8538371427801	-5.64464473077371	-8.55954562990274	-11.3826451530444	1
X2924279	-8.39971846121369	-0.618229491023794	-7.165858902337	-6.70848074311221	1
X2924280	-13.4825363018968	-2.34552747292531	-2.11929803934867	-6.0146563445611	1
X2924281	-20.8309646575617	-1.52115113377537	2.02668537651784	-12.8339832660874	1
X2924282	-2.77756224931209	-3.14983078160275	-3.69731057910552	-0.5930064954967	1
X2924283	13.3802353508964	-5.84972347090916	17.8591664147742	2.82938884818049	1
X2924284	-8.41411588140046	-5.44222812320896	0.187112834669311	-6.35817473579275	1
X2924285	8.79731348988931	-5.01555302521796	21.2111933813614	-4.88174012925416	1
X2924286	7.60346227488367	-0.332911740251853	26.3484689947718	-6.98238384295386	1
X2924287	6.07204757244021	-0.490218474913601	16.1969308152483	-1.32556755708529	1
X2924288	2.36634562423228	-3.14585974212432	13.7018815557068	-3.19064288621175	1
X2924289	0.819957150173266	-0.12371000778379	1.66832087457218	-2.12045509579191	1
X2924290	-12.3236256250957	0.216870509047374	-4.05111167209409	2.18082984291558	1
X2924291	7.4687309036683	-0.388404830547635	15.3654889168861	-3.39398218984737	1
X2924292	-1.26627250811741	-2.25543267554789	5.31837488522046	0.0309518646561744	1
X2924293	-1.58822305672414	-0.324728443394966	-1.66622725130559	4.5453939589469	1
X2924294	-16.8221736988783	1.39880414317304	-23.1709356385924	-3.84284152836069	1
X2924295	2.52469139202127	1.65171308811851	10.5409150394966	-5.35481665966645	1
X2924296	6.41494012904288	-2.02030949334267	5.55462806279435	-3.52760309580597	1
X2924297	-4.4749707507992	1.01146760248591	-8.64979324113374	3.815230209197	1
X2924298	21.7786913022377	0.920065044057595	5.57686637323658	5.1057341687532	1
X2924299	2.52668870169636	2.04223195243413	4.76319851835581	-3.48620903922813	1
X2924300	-12.7582334387995	-0.633347207400424	-20.82318850393	2.41451846422587	1
X2924301	-4.50516650501016	2.46112823142085	-6.88635950311941	0.786640231688006	1
X2924302	-14.6452395246801	2.84700352529523	-12.0991125823556	-3.358657562295	1
X2924303	-4.35255904988943	-1.5385482868108	8.56960980187033	-5.16419155251914	1
X2924304	-46.5325672849243	0.647197229582868	-29.4473653949954	-4.01335002986109	1
X2924305	-26.7595273522861	-0.87146113661084	-28.484980166786	6.85571732732699	1
X2924306	-3.03182915016886	-0.643057685828095	10.7732070547198	-6.52004736879195	1
X2924307	-4.76567132344048	-0.545461476290419	0.596879677062272	-1.12123526097537	1
X2924308	-13.3446539789493	2.66587209913464	-13.3075017176468	-5.46723367615272	1
X2924309	-20.9667034450947	3.6547488634433	-11.6490583545823	5.26549193557126	1
X2924310	-6.45851163838789	-2.5308488247318	-1.49667032056983	-9.6385120231217	1
X2924311	-6.14488415378813	0.917060298199571	-11.7776216970819	-1.22746374662077	1
X2924312	-4.49996075993322	-1.3208139240117	-10.6267918359416	-6.78332850676576	1
X2924313	-14.8834922029378	0.881179627944505	12.120858525067	-7.45008778753017	1
X2924314	-0.594748941938408	-0.837407590120095	-0.207449794825884	0.28650051128276	1
X2924315	-2.34634361083911	1.33249145486674	5.0675284420462	-4.74187473996195	1
X2924316	-1.612138714471	-0.145473559812843	-2.78178778627058	-1.49388248050248	1
X2924317	-2.55681947283508	-3.71424719337137	17.5470319947355	-9.30723664207833	1
X2924318	-28.4704502125187	-2.89136816081522	-23.0396071675481	-6.07045821497145	1
X2924319	-12.3376627553805	0.00974406687445928	-18.4634765120334	1.88960517946843	1
X2924320	-5.68076886466602	0.766025987948153	-9.73461731306677	3.40514340843675	1
X2924321	-10.4114434482785	-3.18384026366229	5.34118559464545	-7.00260208841468	1
X2924322	-20.3055126770059	-2.88247435625964	-7.63710774799842	2.24235503583086	1
X2924323	-7.37468250673922	-5.07009501654777	17.2071893931893	-1.47049687278599	1
X2924324	-13.8319836182535	-6.17923879891221	7.59748379274516	-3.44638067246439	1
X2924325	-1.48749525327643	-5.14162836886861	13.0422734082127	-5.77491681023207	1
X2924326	-3.34301124444466	0.609632708089059	-1.6567523694432	-4.45018638220843	1
X2924327	-2.12566822920774	1.81317882185096	-2.06365525988561	1.78468261683652	1
X2924328	-12.1136612629446	1.96512891801581	-19.6220640014692	0.306218770944976	1
X2924329	5.31046453771919	-1.38831511164494	9.97706370032553	2.65124791047914	1
X2924330	-2.03966060068962	0.0522067311337656	-1.20158420060684	-2.11777445968275	1
X2924331	-3.4202797242038	3.60956610792589	-6.39188892807627	-4.34891030393831	1
X2924332	-3.99207894675033	-1.35828701793956	-8.42086167167357	-1.29002104918543	1
X2924333	7.66542665350882	-2.11165162504837	11.4156418371332	-0.326108942420775	1
X2924334	-18.3404957694649	0.463239950570476	-31.8477670134465	4.92135822338267	1
X2924335	10.7663516366037	-0.847088662553791	-2.15742507330058	9.72350423828817	1
X2924336	9.4499083522628	-0.942422181655222	13.035020460467	6.41834066513666	1
X2924337	-5.56681026040191	-1.09673710025708	-9.7670760261689	6.38594062552814	1
X2924338	9.40884383107228	0.161812668114889	5.53750491208771	6.18611103583561	1
X2924339	-10.2320119546017	-3.3878699574563	-7.31254461738885	6.40034829873791	1
X2924340	-4.63249261042273	-0.439908420030277	-13.6193539491468	10.3724730749686	1
X2924341	-19.6412701438793	0.754364548448468	-10.6602783050026	-3.12055135249287	1
X2924342	-10.1304892212113	1.89985519119643	-11.4967386965818	0.096173876906871	1
X2924343	25.4491055489616	2.97005636899799	19.994562315153	-2.65348555711263	1
X2924344	-34.0054705952648	-1.86085532904947	-11.6610483826887	-13.6991332794062	1
X2924345	10.0434223922065	-1.91151763370061	20.8663688756321	-7.93908035020647	1
X2924346	-18.2862168101829	-2.3560783282156	-0.000784626107325881	-12.2399641145843	1
X2924347	-0.96377467040403	-0.760601240851862	8.45929462167338	-7.1988000026546	1
X2924348	-6.63611666628393	-3.80748445095079	6.40732334407104	-3.4254379344103	1
X2924349	18.2824631445584	-1.14267299052223	32.943458141026	-5.10966739249916	1
X2924350	-10.0098568162107	-4.90823130431695	19.0972917271909	-8.41335247200558	1
X2924351	-1.97288175854477	-2.33280760894282	0.818181594958463	-2.22157894365158	1
X2924352	24.9274131195142	-1.00404088346808	18.8182938671851	5.22297517982653	1
X2924353	-9.17650950007923	-0.832854891140296	-4.04679116694298	-1.48111634411025	1
X2924354	-30.325528317164	2.48346296140199	-27.2481418515985	2.30684447669387	1
X2924355	-23.2406089145269	0.847356468778543	-15.2107817987664	-1.57615379923167	1
X2924356	-0.174193232032319	1.58119829053103	5.15797166367618	-8.77506359757738	1
X2924357	-15.2191329557294	2.3340730594878	-10.7098368474728	-1.40939591016723	1
X2924358	10.5240537032083	1.34257746636997	18.3908663525053	-2.92765975816601	1
X2924359	-2.27578426077663	0.588299556950803	14.335726055419	-8.73271457815024	1
X2924360	-3.56840270960119	0.432701196374038	12.9854660873855	-0.812884744145383	1
X2924361	-30.6042506645383	3.28252056117184	-19.461026290522	-8.11141391424836	1
X2924362	-0.600650596503371	2.84351473486077	-2.91680063694081	-1.92601413881707	1
X2924363	3.7041731960498	4.47253339070755	-6.71374231237007	8.29989315898712	1
X2924364	0.650942688575331	2.08265620212436	-12.5004816826171	2.38680997216128	1
X2924365	13.0656397545078	0.0832781358773338	15.9328638448955	-9.86578680605138	1
X2924366	-6.75067814412904	1.50726800324165	-5.00400733786251	3.05220933303924	1
X2924367	-13.0990901353339	2.56866845228226	-22.7214986074138	4.23890370273189	1
X2924368	-10.8585188474484	1.67393554969906	-10.4507329845089	-0.585480747393	1
X2924369	13.6454007609562	4.49825644695704	-1.10565153766085	4.99401905181187	1
X2924370	10.5098773836871	4.07269473673278	3.03668276192959	1.37518533334306	1
