<Trait>	Trait_1_H2_0.9	Trait_2_H2_0.9	Trait_3_H2_0.9	Trait_4_H2_0.9	Rep
X2919891	39.8706969245447	2.98598310661863	29.5824939477806	14.1426323980657	1
X2919892	-36.6459615672369	-2.06543603153533	-27.7885250353568	0.0347531096331735	1
X2919893	28.1331532752868	3.27661794640988	0.165475399961612	18.765374247336	1
X2919894	-22.8191513982108	0.811453891507117	-32.8206255115791	7.01221641310278	1
X2919895	5.14590689229454	1.57872643404762	-10.1172645940817	7.34854289164168	1
X2919896	3.25687707720793	-0.086617872022723	-18.8711411614714	19.3039633995152	1
X2919897	5.68153827085287	0.878120908561079	-8.30589489297912	7.62421101769451	1
X2919898	19.2992537671126	3.03893381804777	-1.42961159902783	7.36882042077112	1
X2919899	-7.41619073986593	-3.0231531257642	-9.75146861571888	-0.862069548063671	1
X2919900	18.1378747533321	2.72847470567564	0.341523754148936	8.50670623987431	1
X2919901	25.6171963346433	1.68015957712755	5.16281386617708	10.5833737267673	1
X2919902	10.8435570574031	0.905196756995253	2.47015933945279	10.7958145159619	1
X2919903	3.29286005027633	1.90470908577001	3.12721287354835	3.54652999274188	1
X2919904	-16.8101042397556	2.08932985654458	-28.3994023419412	4.98121228811632	1
X2919905	-3.39166268164754	-0.861689199176251	-16.6838288721064	4.92567656855259	1
X2919906	14.5357442378664	1.07955640740012	2.94190410028731	5.03518036988291	1
X2919907	17.6853964982271	3.67321334273701	13.1332467964449	9.08668130957871	1
X2919908	6.86709774188218	-0.124074865376757	4.1403090845725	1.04618392907177	1
X2919909	-9.34919665552419	1.52429260893044	-24.4466199119061	9.52281524120624	1
X2919910	-5.71175839791139	3.36611728340039	-19.4390218333415	10.633614956642	1
X2919911	-33.4683460993116	1.46825563842017	-20.5309875728621	2.68411845020318	1
X2919912	-14.2957993223919	1.2652948087817	-27.6163762918945	3.78200409076476	1
X2919913	61.7162655310326	0.764926086309063	58.8205038757452	-1.00815532937508	1
X2919914	34.0431526101985	-1.02969251188353	50.1616607629026	-6.67149795504766	1
X2919915	37.5359719553337	-1.00000398573502	49.1417132873043	-9.79481763250467	1
X2919916	-15.4035414147089	-0.954749061905185	5.49885142399023	-7.97863174270167	1
X2919917	2.95239461632306	-1.66999038054238	10.3714802775483	1.86267780831918	1
X2919918	3.7902013865303	0.94437702776894	-5.64897222458369	18.1114521493564	1
X2919919	7.8693199830591	-0.356390883962786	16.7868082744698	-3.0720576873092	1
X2919920	-22.0714985496037	-0.0359692672533482	-17.4353031195387	0.853172482858956	1
X2919921	1.6559342739343	-0.939480305048515	13.0576618668936	-6.32498227135866	1
X2919922	-7.91051450083781	0.0506482126756579	3.59508699868874	-2.49081421545305	1
X2919923	20.2429176413034	0.428684819017529	14.5534649840851	-1.66734181714297	1
X2919924	-7.29906408986071	0.817896627471346	-21.3316265758035	12.3934433061794	1
X2919925	-15.9491549073113	-2.11739466075975	-7.35201152747178	-5.77945288522714	1
X2919926	33.6194246572168	-1.86713752299015	43.9042812632171	2.21232007116355	1
X2919927	36.8494710166167	-1.00050767519757	62.970894520488	-6.45102951934806	1
X2919928	5.71139253741002	0.22684983096308	-5.54340971249983	-0.487744393787041	1
X2919929	35.709928629494	0.720000031274242	33.2900697897834	-1.29349766009888	1
X2919930	6.97007840138611	0.476676359328026	8.13631948626388	-0.540669013806281	1
X2919931	0.327876119286779	0.318225840432298	-7.44612648850105	5.06180242041383	1
X2919932	0.506950074935614	-0.715206050132469	11.495263734932	7.1197703712438	1
X2919933	13.867543263387	-1.03918759494045	13.999188236583	6.10426347098499	1
X2919934	5.85411577330689	0.428246520987394	-2.35149131464179	-3.18015355816218	1
X2919935	40.0257491428197	1.4236961086752	25.393865439941	9.06380536072915	1
X2919936	3.04825044479374	-0.0847003692719002	-1.67182299876078	1.04394304558163	1
X2919937	25.1599913003749	1.88540050375772	5.98423575498194	-1.84395224282567	1
X2919938	-9.12440042117167	1.00562343172131	-11.8457779850648	-0.841930862572244	1
X2919939	34.5810211248802	-2.81253477937332	41.7207619059078	-6.15594371930873	1
X2919940	12.2509294337901	-2.17939171646391	8.30314411402461	-5.12779047837327	1
X2919941	37.9188162276413	1.33664662337824	48.2010184542667	-5.93904861707165	1
X2919942	0.726554638755331	-1.64374399536048	2.70621543794567	-5.01140459344786	1
X2919943	-1.21610795012238	0.327691111295658	-5.76695201999847	1.88001764834982	1
X2919944	42.8044368684515	0.612843210114787	32.2377620652777	-10.3681453867657	1
X2919945	-0.604402123783334	0.273785388846413	2.40370762765738	3.50872979190127	1
X2919946	-4.52281153671525	0.573445131055604	-14.9702404013545	4.89411036673342	1
X2919947	-15.5265067914142	-2.92337387397892	-2.64713749500936	-12.0873894744512	1
X2919948	41.3882481889649	0.553180888061096	46.3953418025248	-4.39985434442164	1
X2919949	38.5017060536685	-3.87860448623133	29.3428458193244	-2.01937534278212	1
X2919950	3.94690261016255	-2.8235710201383	31.5045136436826	-6.77229166882796	1
X2919951	-21.4702978990249	0.459397713488777	-33.4183210101258	0.1766548228538	1
X2919952	30.1706968106539	0.359531575490056	27.5866141140367	-8.71946143686543	1
X2919953	-3.40112137205954	2.57494557910283	-12.8963812926841	7.21930272369285	1
X2919954	-0.346428528453298	-3.95281406221367	8.51758686514178	-4.32584377917629	1
X2919955	-4.4334145911283	-4.58677479455814	5.11682782390326	-8.63719520567076	1
X2919956	-22.898955127354	-1.27764559694126	-3.76414773177921	-4.41026387304608	1
X2919957	3.30953242373289	-2.06112746058226	3.87554788915642	-5.40148865086271	1
X2919958	-7.91861812406455	0.38644947897024	-9.55842512674802	-1.60764190823427	1
X2919959	2.8968846842147	-0.517840883975217	-6.46764152753996	0.641877338438866	1
X2919960	-0.342458188567507	-0.200008342976721	-23.0981848123541	0.900088850442548	1
X2919961	-17.6499608852435	0.32542289523833	-4.00410986952822	7.9353280657865	1
X2919962	-5.89201756790676	-2.75499886086214	16.3356259442319	-9.14685069770181	1
X2919963	-13.1597527256771	-3.28068923922497	-3.02659223032786	-6.07489559999941	1
X2919964	-66.8589437861348	-3.11190386682204	-45.5983001315955	-4.94068780159569	1
X2919965	7.56166713929363	-0.367691672417592	6.82601510114314	-2.02760399642757	1
X2919966	-15.1284102921319	1.12476965361849	-10.7215379061122	-1.01426956956846	1
X2919967	-0.900213823862115	2.12214656817535	-27.04860381311	14.726730277342	1
X2919968	15.922362546558	-0.510510186051102	-5.71507471398546	0.809385551247842	1
X2919969	-17.6995591140262	1.31409035746564	-14.6856414395978	2.66305347062808	1
X2919970	-9.6430515554214	2.98108373611724	-11.8487240434701	6.80485371855197	1
X2919971	-10.4567887629487	-0.646355759158676	-17.3082717735462	0.197483494432456	1
X2919972	-18.6807312959215	0.238797705520289	-22.3485801269009	4.95904248713476	1
X2919973	26.833469396968	1.1590045687477	21.4231182583422	12.6859107778197	1
X2919974	20.0892377872881	4.33953250858494	-16.2317340652992	5.58249529786929	1
X2919975	10.7389936065875	3.30521483176298	-6.55674025418144	15.2100961984856	1
X2919976	-17.5605195485219	0.273773985073516	-36.0877172334418	5.70123233608179	1
X2919977	5.3798882114015	1.86488356783537	0.202776647128657	5.30312168011841	1
X2919978	44.435983868726	2.05651591177615	29.0874815096793	5.24233323344835	1
X2919979	28.9685750632893	0.824284011710218	19.5781452585693	4.14278325066299	1
X2919980	-16.483845035134	2.66864504066828	-10.8951241899276	2.95260839819933	1
X2919981	-6.30499715784131	0.470911831899492	-2.1612580590713	-12.4760130858838	1
X2919982	30.3059984553517	-0.976206107477139	46.4087818210128	-5.25365984870804	1
X2919983	-8.98145942295546	0.254616071678966	-21.4717146150874	-5.28940223126853	1
X2919984	12.4370566477707	-0.618949930732032	7.12741757968064	-3.7321385462452	1
X2919985	18.66283603572	-1.55467010310966	22.8987474780465	-6.95964362246597	1
X2919986	-6.41133152758445	0.28000018017567	3.37771196292691	-5.41229192687671	1
X2919987	-1.64954267932163	1.29755630609875	-10.6887450589353	7.69237807827984	1
X2919988	7.56260773694873	-1.07568199508618	-11.991292947377	1.34306313396049	1
X2919989	6.81688006701131	0.889028450707732	20.8007067053988	-0.827923075408822	1
X2919990	14.941875425877	1.79004096420036	18.8176863022286	-0.868753192904113	1
X2919991	0.00845236166283314	1.44984805319316	-33.2468428383063	3.51169130540226	1
X2919992	18.1321442282831	-0.735560099920491	31.9621599732917	-13.6760526177373	1
X2919993	-8.96616234471543	0.331065129978546	3.27617939769716	-0.120933734863112	1
X2919994	0.0525551816221779	2.02012236559915	-5.65771091971335	2.08971260225959	1
X2919995	43.6220556561194	-1.0233193954548	47.4811311625496	-5.75992634799585	1
X2919996	-6.79881909699886	-0.575147875374898	9.05766729871846	2.27529439924763	1
X2919997	7.68724057133816	0.112688493132609	-2.25509571855563	4.32230103887367	1
X2919998	24.5290926205037	-1.43227683412405	29.4005300808403	1.06728002255687	1
X2919999	12.0031329417478	-3.94275768690272	37.5677328782882	0.0100486512080032	1
X2920000	-35.3942682558177	1.68966686079746	-37.9155396015395	-1.62747143461012	1
X2920001	1.93220719192974	0.948067801248398	2.39452009927216	2.92703308592608	1
X2920002	28.6340521459504	-1.08019176264653	37.0058575046519	-3.49101179856695	1
X2920003	3.34774027161478	0.212970581378073	-24.4929439243417	-0.991671619213811	1
X2920004	6.34520552371813	-0.645362120955514	2.09352685753586	4.48004340505008	1
X2920005	-20.0023494485118	1.0446063764863	-35.936925563853	9.10755938109794	1
X2920006	-25.9348912341649	0.327492638803087	-21.3892961841725	-6.08782106192047	1
X2920007	-9.73813592324216	1.02861867896465	-7.96722347146271	3.01125866769111	1
X2920008	22.0786622903387	-0.613125432280265	18.7883418034143	-9.7799837054131	1
X2920009	12.3631340344068	0.854708501716682	3.76265730717023	0.70847813350041	1
X2920010	15.4270359917375	1.14015032772114	-11.9257582486967	4.7403449221776	1
X2920011	19.9505664190756	-4.9748220666023	35.6244867170979	-6.23195030792843	1
X2920012	20.8149922449638	-1.69402472608942	38.4009365102209	-6.08247909004285	1
X2920013	-3.07886915573218	-3.36274499855641	26.2715035672501	-18.3672902083027	1
X2920014	26.3400575412099	-2.3755804200019	28.7680127936576	-6.50013128414616	1
X2920015	53.8471665113243	-1.7334756537439	67.632130468257	-1.99383302130805	1
X2920016	-39.1218405934307	-2.84731360659851	-31.3019926682583	1.62340770362602	1
X2920017	14.8124563304174	-4.02438221274078	39.2262027062571	-6.32890022881442	1
X2920018	2.3035936037138	-0.032381164606808	0.343775323044829	2.10187177777275	1
X2920019	16.2008568738962	-2.43546393897606	11.6349962837384	-3.25694506739814	1
X2920020	17.2649129817944	-1.05115099643826	14.7810109352148	-9.32398551022806	1
X2920021	17.8905952048484	-5.60036287571634	27.7452257481131	-13.3797999530332	1
X2920022	-26.5971865037897	-0.400033314046253	-17.7164579130588	2.40540257923729	1
X2920023	-29.032209674057	-2.34432345758804	-14.7822689328304	-2.55609522568222	1
X2920024	-11.1189372066731	1.07207598366214	-10.7045774978595	-0.422972424509912	1
X2920025	40.7132333340413	1.22140907280973	35.0000529483435	-5.64914066566649	1
X2920026	6.88767696291617	0.415397356904919	-0.0545487881305977	-2.03378800582015	1
X2920027	13.0707026961993	-1.90025843954407	4.0027178248809	7.06419538070906	1
X2920028	27.1932263780973	-0.440755582147919	36.3183842461911	0.740797789359011	1
X2920029	41.2677833863882	-2.01362830336146	48.9134421658944	0.38226960050553	1
X2920030	-8.51882278383045	-1.63893503546712	-7.82905618224119	-5.2512138134678	1
X2920031	8.77303022383239	-0.674033223018818	-7.31032382444557	-6.46992638720782	1
X2920032	57.0286890248093	-2.19766692930954	49.3552422085579	0.801339870885299	1
X2920033	11.4157200264825	0.57000309378547	9.18772250736132	-13.1172423963027	1
X2920034	7.62215258922874	-2.72158447950071	1.31187349492096	-3.63258441447627	1
X2920035	0.157958258938267	-3.18487278086078	7.33719687005171	-8.79842209803346	1
X2920036	-4.89383848001887	3.9280629999946	-17.4632724080617	2.46730181492296	1
X2920037	5.58320248712961	-2.76009681747504	6.98588942007016	-9.00094886407096	1
X2920038	40.7878794238055	1.07951513850045	32.34855985513	-6.69985402994443	1
X2920039	-23.3959738628998	1.0798632638358	-29.2282629392636	3.60175485446726	1
X2920040	-15.7809451396615	-3.05679048873707	9.74570435176826	-12.4733939722974	1
X2920041	23.3848490976004	3.08674863630325	28.4932079135573	-1.83165398595521	1
X2920042	21.1282439704586	-4.22301726848978	13.0349187806529	-1.05641076804067	1
X2920043	-8.60829622852811	-3.91307711031945	-2.56844406098565	-6.69604943591681	1
X2920044	2.4213872371304	-2.45029502299399	2.41102264681772	-12.5267809493032	1
X2920045	26.5465545778587	1.33895570298905	13.4569116212995	3.42822744227456	1
X2920046	12.0034296557858	0.611613554416919	12.3190317846386	-3.48932315507306	1
X2920047	-24.8593284381928	-2.08865418495107	-27.6132300166317	1.84481541103461	1
X2920048	-6.46158842982163	-3.14594366581327	11.8416252830019	-7.05560580740067	1
X2920049	3.14065492056602	0.00954195570130573	1.75360808679297	-0.299109611189872	1
X2920050	1.30143970162873	0.0176447723615837	-7.1962946287767	-4.46241667463384	1
X2920051	11.5355352989899	0.581048369129229	-0.0124598904661353	1.51862434597713	1
X2920052	2.00713541714638	0.42080828692908	-12.1114288518331	6.534148240816	1
X2920053	12.3747454590368	-0.175865522781533	11.6012886610156	0.916864736247162	1
X2920054	27.5068421123467	-1.89201611192995	44.6260561975966	-9.71055651092465	1
X2920055	18.27848493096	1.098898248106	20.1991572007417	15.8104764170312	1
X2920056	-3.57978793713779	0.0699056054667256	2.27168088292975	3.14776348408351	1
X2920057	-8.62058173736815	-1.25360083846589	7.91733470209479	-7.61316718135438	1
X2920058	26.354178753357	-3.72816019049297	51.5291903806934	-9.08725347284091	1
X2920059	33.1029910466438	-0.365772267195011	27.1003388917581	8.37735833309128	1
X2920060	14.9264792356816	-0.983005895192725	30.5334558995344	-4.23629684416665	1
X2920061	7.85754387314451	-0.332642132039319	20.4295071596539	0.178981876875278	1
X2920062	24.9451132268626	-1.14179754841757	40.4190109451026	-6.36001770965006	1
X2920063	-26.2064736845556	-0.267062601957262	-47.9904874659625	10.0096894067254	1
X2920064	-28.851183596998	1.13156372646955	-17.7362653448513	2.96307417825699	1
X2920065	15.8305248800239	1.38719299584503	20.4509250771934	-7.02439609116111	1
X2920066	4.47374414125645	0.551652979949652	10.7292184783283	0.229502629831607	1
X2920067	18.2773062432814	1.09107278155629	20.8279925934299	-7.65674920548598	1
X2920068	30.7741961971144	0.665422908947924	20.090378172511	2.26206242713668	1
X2920069	-6.12626176857922	0.901437651162525	9.88985120461392	2.06607772086687	1
X2920070	-1.07943827130239	0.981893839908577	-3.06512099823422	-1.77901800637781	1
X2920071	26.77956154699	0.818935923782724	18.9777666619868	5.55016399118668	1
X2920072	9.71079804373827	0.686461263051534	20.932482957335	-3.5594271504742	1
X2920073	41.2654271252481	2.14642200674582	29.8359889625081	-3.34138508605813	1
X2920074	-19.9703406829472	0.46139606177739	-11.5298040512449	2.89052120231465	1
X2920075	1.40324785374308	-0.726877086625636	7.64967698522455	0.452390562023386	1
X2920076	-15.1326691645005	-0.32862409521557	-6.83437340138651	0.492496480984354	1
X2920077	40.7224992000108	1.93673968380645	38.681472565374	-3.10449352797319	1
X2920078	12.3631851436877	0.214664948693148	23.2728533143062	-8.40627683874317	1
X2920079	40.8880742149255	0.2228713169108	45.8938330603735	3.77822231483387	1
X2920080	11.0421427897226	2.2345032276798	-2.64501677653966	3.88523789518751	1
X2920081	32.3557747701381	-0.0583944326459448	28.398496740615	-2.75935676123157	1
X2920082	-21.4535234555286	-0.476235867695559	-23.0475544378445	7.45011119790346	1
X2920083	37.4979444905289	-0.606016142917862	26.5297966513577	5.49671659123775	1
X2920084	33.0334622472979	-1.26990273030171	35.5807811268845	-7.89894740727662	1
X2920085	-20.647129814065	-0.77964254862922	-10.4258733400296	-3.93857648156368	1
X2920086	-46.4676982420415	0.706597082290786	-39.2078252073173	-2.3903204634096	1
X2920087	5.011842006914	-0.695029306602298	12.8604119913312	-2.79946021430879	1
X2920088	-35.2610687281359	-2.64989425680044	-16.2512120564172	-10.965075605898	1
X2920089	18.0341523187123	0.915788487994489	14.4234188176325	4.43584143638248	1
X2920090	12.8760750033079	-1.88868034864452	9.67371808939108	-10.6082524516248	1
X2920091	-8.43190820399344	0.303376686978928	-5.50565325694753	-9.27357170373638	1
X2920092	-38.2772729551919	0.299225430588081	-30.9962440835458	-1.17434275073237	1
X2920093	-25.8924386292291	0.699194441806077	-20.0026084064693	-9.55439581778544	1
X2920094	1.99042786378889	-0.0554071275969885	-4.71634333583405	-4.03883102868837	1
X2920095	45.3382041694692	-0.963349847369484	40.3278809385326	-6.39084006695914	1
X2920096	14.2333623277845	-1.2940924361379	31.0072729030404	-9.22262502803855	1
X2920097	22.9262249918874	1.30928668608577	13.1116996012671	-2.38647187405499	1
X2920098	14.9777443226221	0.653335865364926	27.6561483770076	-0.913440246265102	1
X2920099	-18.7161847946775	-1.16800993087906	-9.64494395834332	1.55552446440053	1
X2920100	51.9614996934163	0.530475623103164	66.0027542097619	-3.40884807285119	1
X2920101	-2.07796320393976	1.00783572734909	5.21402459196625	5.04211756136586	1
X2920102	18.9861356872606	2.11751058638075	10.772598114991	6.9740848143514	1
X2920103	3.29715748580839	0.633492371370722	4.61667341488923	9.13637494048999	1
X2920104	21.2584943375331	0.0110549363669899	12.3066934091643	19.198195644111	1
X2920105	30.0320185481316	0.659094059895883	34.6266828152332	-0.977865291567334	1
X2920106	0.409148974181546	-0.318992737044404	21.1432798785638	-12.0348905982219	1
X2920107	-16.5193675419425	1.88965313077253	-14.6484962227442	4.50083964841789	1
X2920108	-8.12534353585679	1.42762140493645	-25.1051970376706	4.10546246139202	1
X2920109	27.0737020013802	1.90459475901894	8.65458184215994	7.68052923846574	1
X2920110	12.4350195884034	0.467729688137865	1.48909041876414	-1.0002821023767	1
X2920111	-2.32453290782643	-1.15630296675166	-0.985010653324443	1.60539073410739	1
X2920112	21.1444378079666	-0.228949530983994	7.71899449089007	-0.342748928222313	1
X2920113	-18.3673774565403	2.7740032186687	-30.3220364583952	6.52439724762069	1
X2920114	26.7665280724027	-1.05145048071536	48.2098484346948	1.34185484278527	1
X2920115	-2.02553106746177	-0.309544999104185	-3.65773558892144	-9.18239737624851	1
X2920116	-3.57998802106739	-1.15906628114726	9.73198724298841	-0.517026993554802	1
X2920117	20.5787764947521	-0.428847398894927	23.6627267484845	-1.4532306921482	1
X2920118	36.8494297488697	-0.829725803152323	37.2355445343351	-3.18476242168078	1
X2920119	6.94578034464042	0.548367015533242	-7.90537935313174	2.26780488086155	1
X2920120	-31.633621928466	-0.860658800352548	-18.4049875029248	-13.0860781790662	1
X2920121	-64.3196440939227	-0.530068068720208	-54.7524267693366	-5.73229701837652	1
X2920122	-39.449310353939	-0.557352963333067	-26.379182502389	-5.28752833963552	1
X2920123	-14.9058269771856	2.15568707929297	-5.85663139657815	3.09981411591356	1
X2920124	8.1171465713553	3.00437720130988	0.572451436944335	-0.883886460907893	1
X2920125	40.6849047502999	-0.69814133915364	40.9538479015419	-6.72496705444669	1
X2920126	2.53169745675339	-0.265594253402265	8.91295423355943	-9.27097141656973	1
X2920127	16.1323126448241	0.114382037496762	6.58411451236339	6.80764136643272	1
X2920128	4.24883205027179	-0.110240792334282	-20.3089298337537	-2.19155511000994	1
X2920129	-16.2146678827542	-0.154580752963571	-3.67180126876991	-5.13988614644891	1
X2920130	18.393642826106	0.436425572520227	27.4041990483828	-8.39574819207824	1
X2920131	-4.72843395446482	0.741341538470144	-11.6397318375734	5.92644390434946	1
X2920132	29.779163339143	0.116055295856663	24.8312942875392	-8.02000248753455	1
X2920133	12.5598520467745	-1.5114001652442	17.7935790849941	10.4676853904046	1
X2920134	42.3412382482753	0.434671986156478	37.5943417239139	3.60015578992035	1
X2920135	5.31161640711379	2.26327675767337	-0.314720191930407	1.51844499578062	1
X2920136	3.22336515590974	1.67209414439225	7.27147344308058	3.28618432073588	1
X2920137	26.7992425754894	3.38281781900247	18.6531125084075	4.85261687813975	1
X2920138	-21.2720302261789	-3.49777008978468	-27.2023917601744	-4.50490369645554	1
X2920139	0.42283354544175	-0.00981489956853987	5.7280534399936	-0.81074875029916	1
X2920140	10.1707618080738	1.98802495279906	3.15676548428262	6.58953945745765	1
X2920141	-13.1935648425138	-2.16890983679713	-4.34582241942211	-0.589621759648439	1
X2920142	-2.6417575752121	0.758435245320747	-5.72866801681372	-1.55465472523714	1
X2920143	-16.5937033025279	1.96211763027956	-16.4598185969461	3.11060929732126	1
X2920144	-16.4324118191281	2.12287657783716	-28.4664607384896	3.74426046914613	1
X2920145	-2.99335770718763	0.333577161177365	-27.631957964737	6.53260304947944	1
X2920146	25.6431136844776	3.02233806278516	15.5629191109318	7.81196859391558	1
X2920147	-36.8950571788863	2.91749143279218	-33.836322882954	-0.653141086605085	1
X2920148	2.91760549817052	0.314127779030809	6.50488980452591	6.1930867152688	1
X2920149	-24.523937165586	0.101291983292531	-18.7385562765689	8.22131722876673	1
X2920150	26.8185555288597	1.1254959012749	9.12802354086425	10.6976431195394	1
X2920151	18.7039478484029	0.677985847361145	-4.06851255384835	1.23006750239466	1
X2920152	33.1095229674911	1.63791135894728	19.2000575968959	6.1870265007703	1
X2920153	5.13432377467637	1.82872885742823	0.606216876173894	13.0283468004249	1
X2920154	-23.6635462107257	0.805145459598237	-29.5599835135949	1.24066897179216	1
X2920155	4.41961302224522	1.75808044343264	13.7417691337225	-5.99065431176923	1
X2920156	28.6760185842435	-0.439994304033042	36.1965632910634	0.209570204611783	1
X2920157	29.8622365547085	1.23285757832222	45.950806786262	-1.08080009590137	1
X2920158	28.9717913460717	0.188797815843998	18.442686537839	0.100683668632227	1
X2920159	-13.1135994909292	0.885974663195253	15.7377647440055	-11.430883419752	1
X2920160	-25.2280248717237	-0.242093796006224	3.87976478871819	-6.52896727125869	1
X2920161	-4.04065517441089	0.0856446560012748	1.54193118253735	-6.59521580333784	1
X2920162	-16.2717716682298	0.207163201258045	-15.5363305364301	-6.93633985931709	1
X2920163	23.0493214267666	-0.511359274507839	6.39243000528074	-2.1507131197604	1
X2920164	22.7506180243846	-2.36862787500024	29.4895219080348	-12.0014274471111	1
X2920165	17.0186204763415	-1.1133234930351	16.8152563814396	-10.689978065082	1
X2920166	-20.1411899655991	0.98012789768845	-19.917018271766	5.368545769899	1
X2920167	9.62751360862837	-1.43600138079529	38.3191641275657	-14.2109489902763	1
X2920168	15.4848481805276	-1.46905363423668	11.6972012320265	-5.19835179430565	1
X2920169	-18.6141069134884	0.884269387398231	-10.4884218958535	3.83767814179676	1
X2920170	43.5507033714457	0.308749690061204	33.394735590982	0.129096932581631	1
X2920171	11.8177034008407	1.59770403174762	2.23019183639985	8.68185448804078	1
X2920172	-5.78756253325668	1.01517470789622	-10.9280880560928	-0.662573262047875	1
X2920173	-15.4378549075207	-2.78033232411296	-2.74212349786117	-0.0751748423036453	1
X2920174	25.0250012290103	3.70860569642495	19.8573422939444	13.1625615918773	1
X2920175	-10.3652014071823	0.675454114862564	-24.2803500333487	5.20663888035341	1
X2920176	-4.18312786431859	0.0421835539692326	-1.91852966410945	-0.884030396973901	1
X2920177	-26.7789895817171	-0.357076828145933	-16.2416776820943	1.60012307217652	1
X2920178	-24.8147819575324	0.737514738215801	-12.4239116138072	0.383912846811198	1
X2920179	-15.1953826814156	1.31416017901083	-17.4696290467655	-2.88815157529985	1
X2920180	11.3579546753786	2.35206110653407	-11.1221880498997	13.7687866776931	1
X2920181	-14.0989868029291	0.225216589127962	-15.7157859465888	4.45662767444926	1
X2920182	12.2764401458221	2.66484913618406	14.067350234425	4.5022952979551	1
X2920183	29.8802601637268	1.64802897130031	11.1364905650527	10.6847834950893	1
X2920184	5.54786764240791	3.14358525592047	-7.97578495191398	4.92719900557387	1
X2920185	-4.92150093511646	1.68891300177645	-5.92426086898637	6.65369475342677	1
X2920186	14.3579542721872	0.854844543840596	18.4721593076065	3.61982457305548	1
X2920187	8.13260138672786	2.7653569582705	-2.63118728336952	6.15493003252642	1
X2920188	31.3903001358775	0.894775507541658	25.7288561782126	3.25252667235201	1
X2920189	26.534830855493	2.81454147179351	11.4762974375359	11.0506528996199	1
X2920190	-0.220761363811605	0.0695004897879167	-9.86393748569581	7.35234758760864	1
X2920191	-18.8932082665675	-0.570906109841281	-29.1500934991871	5.54193233150804	1
X2920192	-19.9709444811842	-0.233280643224843	-11.8025185832542	-0.983388242836859	1
X2920193	6.44064178102971	-2.09433019908104	6.89831120584668	3.36025247171167	1
X2920194	-18.9929493529727	0.15474968220982	-12.5049317511237	-1.58559061430429	1
X2920195	22.3340758774319	-0.150538733646492	14.1648834783953	3.56592792220217	1
X2920196	-19.4773916036331	-0.197820615714291	-0.880895699874433	-2.08776113059103	1
X2920197	-22.8291388752892	-0.159829497961634	-23.945716077541	-0.331902808532017	1
X2920198	8.7973472676654	0.293604827760399	3.77123945639	-0.82709489632995	1
X2920199	11.9422257739348	-3.35969745935062	16.1279565411218	-1.15256217822215	1
X2920200	28.8606512697546	-0.119984794847911	34.9833508121038	-1.70060004416256	1
X2920201	19.0801008228324	0.829953949289704	-6.16267406141217	15.6029735347913	1
X2920202	11.6065110963885	-0.243850056107508	6.70846936098797	-3.72731823678404	1
X2920203	8.07963516992408	0.697955667603153	10.6465339778933	1.2055492731425	1
X2920204	-35.2245713263026	0.433055404729655	-33.6856372590759	9.39909558450101	1
X2920205	-17.7960608837722	-0.0680025500811215	-22.2402114566681	-2.41020490322677	1
X2920206	12.273798243634	0.647629790347814	10.9233986333232	-7.88978838068515	1
X2920207	44.9264720901391	-0.579014272200511	34.7752430089748	10.8304271630266	1
X2920208	-3.6233669758338	-0.607413106131103	2.5282631528031	-1.44988071080873	1
X2920209	19.8834667812176	-0.442278347513676	18.7794901128328	2.82139185949537	1
X2920210	5.712662493323	-0.641038817256292	-15.3410773676858	6.40733470916987	1
X2920211	-36.8803273082873	-2.84695979934675	-25.4081577638485	-5.5904355645585	1
X2920212	0.257251373582066	-0.557956384494898	5.99781382150215	-5.15173717584497	1
X2920213	-6.25711522998973	0.840145709575961	-0.824391184499847	1.63497613603609	1
X2920214	-46.6936438599462	0.171657238558232	-45.704413781821	-3.75148191901779	1
X2920215	-34.331476918378	-1.05835122409993	-18.5318954094139	-15.9328803224458	1
X2920216	-9.32267159798083	-0.923213153842072	7.04608880216163	-2.0964472730969	1
X2920217	-9.42213041569947	0.452875327233661	-10.8482336667445	-1.15356010483155	1
X2920218	-5.55693629446104	-0.370025784487187	-11.7173501955375	10.3551758386305	1
X2920219	-20.0346417599953	-1.3302662926734	-20.704034019162	-0.0897920741950808	1
X2920220	4.1239385383401	-0.848269896510607	14.6480521042129	-10.1839048604396	1
X2920221	-3.91783241830312	-0.661297487946886	2.55704064473263	-6.77124519138858	1
X2920222	31.5473617765174	-0.213731241664743	33.4554149595522	-6.25741174974351	1
X2920223	27.9119418448281	0.0981820796725614	30.7174333975099	-8.69294149072077	1
X2920224	30.0603592362687	-0.349495911569526	23.1168469596015	2.337714256608	1
X2920225	11.0349442738318	-0.193720551247151	36.2997074930546	-7.92910013156537	1
X2920226	-3.93510359613836	-0.0961937190369622	16.6124468242277	-8.07237240518114	1
X2920227	3.70248814018832	-0.0848076304839153	-4.63316689435348	-3.16958752584392	1
X2920228	33.1162192101439	-1.52342928536277	46.6643858709798	-6.11140944276295	1
X2920229	1.01058365941726	-1.01100249341276	-2.0008019832762	-0.319769733212832	1
X2920230	-4.23022550284965	-3.53828430145216	26.1316899953231	-16.4611929089189	1
X2920231	20.3302588242672	-1.62881414334214	31.4314714303401	0.99924467548473	1
X2920232	-9.46246354171954	0.342174872077217	-5.53677162159488	-11.4138514067125	1
X2920233	19.6277211100287	-0.681163029209373	34.7552600193667	-4.77101155807819	1
X2920234	51.0717415982878	-0.627110179371918	77.1948771824473	-6.34648691373029	1
X2920235	-42.8793783976211	-0.839245188758346	-14.2560473191301	-0.369135109781576	1
X2920236	-2.44364998449706	-1.17508412474492	-14.2602024959265	-5.58842000182728	1
X2920237	4.38315568697488	-1.30577869234733	24.1985060860605	-6.35053150070272	1
X2920238	6.8135679671834	1.35033135377981	16.648780821637	2.32569381406149	1
X2920239	33.3893550233049	-2.72829907781354	60.5882186342605	-12.5979791825948	1
X2920240	-4.64116413485617	-0.299200400536998	-12.7776742747147	7.69516278424853	1
X2920241	-12.0809442509511	-0.799805816847786	-8.24392424454221	1.92126183403982	1
X2920242	-14.3027364110003	0.779006688842208	-9.48089975811667	-3.32236726759198	1
X2920243	1.97181230239524	0.325830246974258	1.61115922312278	8.27954140140433	1
X2920244	18.1417809738704	0.705771671625226	14.4435455923054	-2.97200214384217	1
X2920245	-17.6224090149405	0.712738148668534	-2.73160204680538	-3.05495417443333	1
X2920246	5.55467402766368	0.493828035479555	-17.2911652169252	6.24470941073053	1
X2920247	-5.80796403351924	0.562936796550009	-23.0180138180772	-2.0920747686686	1
X2920248	-25.0240310823183	0.293569060898205	-18.582305896289	-1.72860571973718	1
X2920249	4.5652914401205	-0.296339207657292	2.72081503127553	10.9439248588986	1
X2920250	-17.1092492471509	-0.140616017815751	-14.9027694140207	8.66317243334782	1
X2920251	0.0117117773709444	-1.20845241689468	-6.91888957500413	6.08382876619171	1
X2920252	-1.03255456780289	0.617814433856015	4.09749436617911	-0.0354457876411238	1
X2920253	18.6308755076017	1.77586579341711	-10.5655318933277	4.92524317930551	1
X2920254	-9.05272169985583	1.41019663327844	-14.7180717824784	-0.288663715609555	1
X2920255	-11.1303940229143	0.837917146433947	-27.1481249087525	7.96180724148457	1
X2920256	-15.5689477184108	-0.577711194671547	-13.8302007588808	15.8337576467641	1
X2920257	3.46200571524053	2.89235735211939	-5.93350299934044	6.9717518629219	1
X2920258	-6.86000041811873	-0.0656068789126096	-1.77849657089479	8.34083100009922	1
X2920259	30.4276647328462	1.93424035921863	6.30372632617992	9.98700823228123	1
X2920260	1.94505779527587	2.70898704106766	2.97772779059662	19.2029393746867	1
X2920261	-8.79534588709038	0.600570318394615	-26.6464671877645	3.50211331349607	1
X2920262	-23.5456651675592	2.22147747184216	-37.7651197754109	16.9027278081134	1
X2920263	-26.1916856171452	0.623673409500666	-28.5946055450641	1.85061330929827	1
X2920264	-7.8469064721916	0.708480342465717	-24.9592788055367	5.42798979887612	1
X2920265	33.5940254332132	0.0263860960596628	39.204360839188	-3.69426754218114	1
X2920266	23.8393407701887	-2.77570419492276	10.8926017774443	-5.87589345883009	1
X2920267	-3.57813249518971	1.1972491842638	8.42960353685201	3.0135932114031	1
X2920268	40.2106542244628	0.902840886094877	44.9644460203316	-7.0458662883428	1
X2920269	53.9796810694972	-1.89574542954823	19.5683672184976	-5.77398536658834	1
X2920270	1.17778200045506	0.960865430689066	11.5151827690325	-6.95508861436479	1
X2920271	2.14612473313497	-3.71475601382543	2.91002614582589	5.54978364304266	1
X2920272	-21.1427480781596	-3.6580495070184	-27.6308077701678	-3.11558094359423	1
X2920273	22.9565477055062	-2.25297882672349	30.6524801157168	-17.7712742830838	1
X2920274	13.2041519786478	-2.35238436645529	22.4821166535051	-5.82904522138962	1
X2920275	8.35408805196046	1.47315594974888	16.0262296245766	-2.38479331724828	1
X2920276	19.9781411299585	-1.85521384625693	31.6812834817519	-6.42115037713125	1
X2920277	-22.1308121427024	1.14655983806401	-31.0090339653456	-0.134847591576476	1
X2920278	-25.4029366312711	2.34516858487116	-26.3474224512227	2.52585543758201	1
X2920279	4.07774591339047	-0.508234531799183	27.8681555853218	-8.04883961932328	1
X2920280	13.4234003269552	1.15361809671724	27.6196825093503	-7.17139630560329	1
X2920281	31.2450157175144	0.0911171488581494	19.4577792148717	0.257395422019752	1
X2920282	-27.0995886874381	1.80488137920468	-13.443680301045	1.06770764620843	1
X2920283	55.4610736312661	-0.429205808436202	46.8570525461912	-5.50144345100868	1
X2920284	-32.1637258042005	1.19837958435421	-13.6897892357878	-6.4566565840641	1
X2920285	32.6833475052866	0.261305339441482	21.8778108755378	-3.39916360968352	1
X2920286	-13.2715484710139	1.09116190417902	-14.8705743424236	0.513101723900908	1
X2920287	51.21185340217	0.269800464453876	73.4738205772073	-8.58304365800496	1
X2920288	26.2512325765484	-0.380904383941047	23.6924674017218	-2.63780048837864	1
X2920289	3.60827299167991	0.89999282690363	1.27725477736337	-0.573290841418233	1
X2920290	-13.2581702370319	0.735006280907786	-12.7855310017857	2.76719167962653	1
X2920291	16.9351886710888	1.45771803892263	12.7396823339706	-0.801676276592766	1
X2920292	55.8555424303463	-0.492227238348564	52.3207511913342	-1.05350148359305	1
X2920293	-5.62068746387924	0.897477026774471	-10.4754803640309	3.66062686319055	1
X2920294	25.2158580445655	0.415379628880666	13.777148954187	2.62966901188496	1
X2920295	0.173001557344034	-0.160768957629618	-9.51049533332531	7.70504549188987	1
X2920296	25.7885454529439	1.89371123920022	32.4659812541572	-6.51978331990401	1
X2920297	31.6500315923382	-1.50386390793432	43.3112553914105	-8.41278763992145	1
X2920298	12.6394973215669	0.0698488036658699	20.7764818195792	-5.78863153293969	1
X2920299	-26.8317999777636	0.432602301590741	0.898568561634098	-13.3087668354448	1
X2920300	17.3928525275074	0.530605141698635	31.7749493782763	4.02632301555173	1
X2920301	23.6047992180609	-0.9406289668536	37.5597747580438	-6.14767331938149	1
X2920302	18.7890554192546	0.328755513025163	6.85923707147367	-0.0118458985261078	1
X2920303	-7.69060650532584	0.0386096601716877	-12.6249690791243	0.897243661359921	1
X2920304	-17.5647513472348	-0.346301622927683	-26.9526285559955	-0.14866080411855	1
X2920305	-26.8181381209469	0.437531904111512	-25.3841926124453	1.97788573049404	1
X2920306	-17.8643634159213	1.10661558440662	-12.5439658621277	3.78457793996177	1
X2920307	20.4788486552405	-1.54647416646236	22.8052774324089	-8.04936380553676	1
X2920308	-18.3536662001004	1.09524849218022	-31.6409073541963	4.65926148298741	1
X2920309	0.372132301344402	1.68274710902048	-7.55979717053002	9.40838743676194	1
X2920310	3.20204757286545	-0.250729120897512	-5.82105764366665	0.49776665059128	1
X2920311	-8.83347020234533	2.12355708099387	-26.2348259733123	4.24708829773369	1
X2920312	-22.5541479781921	-1.02543570116761	-4.16941736348669	-10.5361658692103	1
X2920313	20.5676436520356	1.64858169132505	22.8084519642691	4.58620372861795	1
X2920314	-6.8659970719215	-0.191483271034029	-7.61204331001475	-2.18019246748912	1
X2920315	-33.0410557805753	0.373590089981183	-17.2135781051032	11.5424630244902	1
X2920316	-7.48510409041879	0.243735744252237	-3.39037524415805	-6.45106235561849	1
X2920317	-5.29542512656427	-1.31198858662561	-5.32813561764752	-0.335866209229722	1
X2920318	17.5467257746113	0.304884190037127	26.4465104870172	-3.99080214444183	1
X2920319	-25.0399587717034	0.65784991151029	-12.3645060779754	-3.89290154591826	1
X2920320	16.1772317909727	0.0974529707340464	-5.49609252065489	5.50003437261057	1
X2920321	-4.56011133954235	-0.0314353092644344	-0.290123652549632	-2.39140490553576	1
X2920322	4.57701620672534	-1.15142986776265	9.47627548975022	-3.89545392821622	1
X2920323	2.46908092822688	-1.15880733766787	13.6096577069261	-2.76609161148411	1
X2920324	-29.631542648274	0.630607304333084	-29.2115808533017	-1.27813803459256	1
X2920325	6.85936683746012	-0.500379833480112	2.50405906935817	4.11486522719182	1
X2920326	-34.9800533615347	0.0365339491949484	-41.3307310538904	-3.69956228472798	1
X2920327	36.7448819017777	-1.72721099777505	47.694064510343	-5.28435605801224	1
X2920328	-65.7618963313027	0.571259239264335	-55.3360190807141	4.33868959230488	1
X2920329	-4.88707891167949	0.387619420706855	-26.3533256557353	1.57965712145631	1
X2920330	-21.0410020510043	0.478109553215334	-7.78750323612433	0.20145747806227	1
X2920331	24.0759124888422	-0.565712015344774	15.5317831789378	-4.37472533795989	1
X2920332	17.7322497635827	-1.51501547183641	1.60965837826391	-2.07845377401619	1
X2920333	0.48254677224536	0.196930775820217	-19.5422210782877	2.17189359051299	1
X2920334	24.5416151392349	-0.421744035394624	24.7941628828191	0.0158831377852242	1
X2920335	-9.96109519228883	0.181628788407267	-19.8024502485429	3.82159599429729	1
X2920336	-6.57415204227317	-0.798499720436167	7.96448568451352	-7.59468466765519	1
X2920337	-11.5862902304972	-1.13833005718609	-4.77696484710326	0.143773371350314	1
X2920338	26.0917487939992	-2.1762333248034	29.3378488007445	8.437512639991	1
X2920339	0.96460900165166	-1.42676160689817	20.6070409365528	-2.47930846247956	1
X2920340	-0.429790995510863	1.90164250056409	-1.16472515882365	3.07518783924268	1
X2920341	-25.876203993151	-1.40765807609865	-31.881684293545	5.88263975277615	1
X2920342	-13.7532456172928	-0.814126787510699	-7.36599682426796	1.5544268791853	1
X2920343	-21.4858321546923	-1.21753587981521	13.1258283167003	-8.01675251718288	1
X2920344	18.8178580066546	-0.834838784587486	11.6000500831193	4.42464600363406	1
X2920345	26.9824644371842	-3.5224914611494	25.3679986662337	-2.37834130090702	1
X2920346	-11.1016193599031	-1.75039477381501	-20.032001863523	1.32402229572798	1
X2920347	10.8759888004343	-0.0478441665688565	18.6297426797601	8.77862544616572	1
X2920348	-4.22785663163067	-0.603152835760037	2.64671089317328	1.15245846989758	1
X2920349	22.9816850840048	2.3960792134542	0.76342775647972	-1.92561077526935	1
X2920350	21.0236824794235	1.20036496336353	11.8926887083124	4.34258203925324	1
X2920351	16.9674988968787	1.92126616546977	10.7526917072434	8.9457733896977	1
X2920352	8.58588033504318	-4.155566784696	16.6216310843536	-6.97180377699292	1
X2920353	12.0306459961979	0.989214248328992	23.4959251246082	3.19788507156953	1
X2920354	-0.631970278060947	1.323943371218	-16.7705299869787	3.92759764482651	1
X2920355	-24.0842802680441	-4.00659850380572	-11.2720851564254	-4.54796278066937	1
X2920356	-3.63920302308762	-0.834360108010821	-23.6816361319863	2.14799040567158	1
X2920357	44.9673188643442	-1.01114489062627	29.1680955551459	4.83623983835965	1
X2920358	-3.5129233736713	1.32708909138564	-4.91268330448541	-1.86713964716555	1
X2920359	72.5728150533559	-0.0628455662582847	76.5623873403437	2.5357531366193	1
X2920360	-22.5502495541297	0.102245346182939	-12.3722509704464	-1.42540848114039	1
X2920361	-41.620967774679	-2.06178699410021	-20.2438254285172	-10.4582037211381	1
X2920362	-8.53167346983225	-4.21693714919579	-1.73474710984814	6.7079223381289	1
X2920363	-29.5420347702201	-3.25889963449661	-7.5142940237115	-7.89322863775023	1
X2920364	-9.02701647915343	-2.49572875286834	-17.5240933552741	-2.88644559539253	1
X2920365	-15.7519873958447	-2.4617732580498	-7.03954832922479	0.478912095010012	1
X2920366	8.28389990522997	-4.00552402241964	5.12443732197837	-7.34957875261573	1
X2920367	-20.0327915773867	-2.05788054295856	-13.5616076904138	2.72817010781774	1
X2920368	-28.6584346333006	-1.84828664968314	-14.3689816603202	-11.1999725909064	1
X2920369	-7.09321300254105	-1.73299313300338	-3.68332445860364	14.0758513381473	1
X2920370	13.7853066287885	-2.80551930612567	20.7379628574213	-11.3705581567423	1
X2920371	-21.823616241502	-4.5374837705544	-15.2139023024361	-8.54824894722459	1
X2920372	70.5643158908914	1.39271097828637	77.6193984795093	-1.02393219568208	1
X2920373	42.2141879693071	2.79802739579136	31.2814067641984	2.69926014177583	1
X2920374	29.0842497304794	0.910192538701543	10.5672890945725	1.89854494886643	1
X2920375	5.7905036785118	-3.92886209841782	18.7608719431763	-1.18182087147304	1
X2920376	14.4382634990841	2.35928135436454	25.3553205365458	-11.1933832495805	1
X2920377	-21.963790026424	-2.83740361453614	7.50751085005436	-6.11179692140823	1
X2920378	28.2030932754918	-3.94529490143568	29.4981175182242	-11.3645770039325	1
X2920379	17.7775702656824	1.54170829136112	6.29292563760023	-1.83653941691007	1
X2920380	-20.2486384367399	-5.97330245434092	19.7400056601742	-11.605394139407	1
X2920381	-10.008269229086	-1.84811151067262	-20.9564221985247	-0.150698757500412	1
X2920382	10.8719898193753	-0.139032970879579	25.8217245176531	-4.2053848200956	1
X2920383	21.033632787131	4.07601451703631	6.2045560388993	10.8099346068441	1
X2920384	-10.0263795332109	-1.16672543096038	-10.3996114921748	2.28424490525128	1
X2920385	4.7567112745284	2.85396100032549	-8.69506610007474	-1.01666494340656	1
X2920386	-35.97518072548	-3.16740724262405	-25.0880159585152	-0.832815268174018	1
X2920387	0.0753407736138776	-2.20673230484079	3.60422774766627	-0.349848662485124	1
X2920388	19.4766572117687	-2.11297794523902	17.7557191560087	4.75320994147043	1
X2920389	38.7555577949548	-2.38996265605485	29.3265045798339	-1.32839844238051	1
X2920390	21.0838362173792	-4.09076999766699	37.2495641942166	-0.469585139484268	1
X2920391	30.1333597424206	0.776969010983744	31.7868592732625	-3.42391127788354	1
X2920392	20.1845003880402	0.744604470168778	24.7274447299729	-1.5607890346622	1
X2920393	13.0176048981305	0.494912161120668	3.82753808705019	13.8763330032831	1
X2920394	-5.28130359470474	-0.100064829535187	-3.77888108695931	2.69227471980915	1
X2920395	10.442287761053	-1.03848157194773	20.9026161686586	-2.65877631824206	1
X2920396	-25.838057136268	-2.09138687114365	-39.5730968145949	0.0875683796355336	1
X2920397	-12.7063836263858	0.0032737969807469	-16.9496894705293	-0.246726083165321	1
X2920398	41.4595773812873	-0.542525342179403	36.3821590999386	3.14538352039539	1
X2920399	8.11020989417295	1.64891131826971	-10.8543711672143	12.5580943346258	1
X2920400	5.51759303376378	-0.470293638084329	-2.98055100869372	2.29260246891124	1
X2920401	-14.4736746480992	-0.0598820721586322	-14.3446131068625	8.80807394816852	1
X2920402	-15.0710375965779	-0.449907191789182	-1.80644033600402	0.258204266498713	1
X2920403	2.86047209074521	-0.752441735883309	-9.2896034843495	-1.75568304573551	1
X2920404	-13.504129668968	-1.95441797912962	-13.4756860091575	-1.3182064026488	1
X2920405	-25.817537272318	0.406730405742862	-24.1028866891721	8.1090308001023	1
X2920406	-7.81175225304269	1.61012103794911	-1.70645320526665	3.14775752245055	1
X2920407	4.09198825223079	1.72337994586979	5.63838236395508	12.9613481386576	1
X2920408	33.7136284268791	-0.791914835089274	34.1703664923381	-4.15818635473981	1
X2920409	10.0045196244387	-0.251167903301608	4.22179551189635	0.351243164608687	1
X2920410	23.0530476542473	-1.79938192182994	16.2512612357923	-11.4200791766317	1
X2920411	-27.5870501338321	0.209829612490148	-18.6241448455994	-8.60178944434004	1
X2920412	-4.56070050292917	-1.35050357502862	-1.65674302502478	-7.75826696535081	1
X2920413	-7.18686596766789	0.426597521469433	5.95801216364424	-1.43742248609072	1
X2920414	33.9230945905602	-1.49293374410656	44.4094199257411	-4.74981412421222	1
X2920415	7.14925343262828	-0.54018958712666	11.863255592337	-3.28069419240211	1
X2920416	19.8046991166833	0.857708514452382	6.92171789055134	2.5559560589997	1
X2920417	19.5974518243209	1.64593030844611	0.664270908935087	-3.7175946599018	1
X2920418	-16.295904222371	0.606760754616448	-26.6942086136037	2.58843730839256	1
X2920419	-5.98534074683753	-1.13363568923747	-9.93054731301958	0.357125735572662	1
X2920420	12.004668575566	0.799305716914156	-18.1711439296752	0.286795419733548	1
X2920421	-33.538044560269	0.959399358532426	-17.0750412308898	-9.77143760445117	1
X2920422	-24.9765719023489	-0.351853812854596	-18.2874888882679	-3.25754799224689	1
X2920423	-23.0665484849003	0.191035229937399	-10.0403284391469	-0.192881375649932	1
X2920424	-9.89922599370932	-0.313184466766376	-21.1416247958744	-0.829740899024154	1
X2920425	-23.0806531831645	-0.00798300167162119	-21.2898176490722	-0.840054791481818	1
X2920426	8.83449025462077	-1.08144557257904	13.9103042569294	-11.2681528780027	1
X2920427	-0.647884232569153	0.948104655027207	4.41815344164343	-9.01165174434832	1
X2920428	5.64130067535587	-1.37681687350062	26.4975225196869	-13.046884979364	1
X2920429	16.4876446442565	0.920627067059219	20.252746405518	5.75891185348417	1
X2920430	-12.0568153282436	-1.92690701349351	6.91398599377738	-15.7091820764614	1
X2920431	-17.6034104909296	-2.04363073024329	6.57145065265194	-4.68626825423259	1
X2920432	-50.1962384639472	0.935301349031378	-27.7794797582015	-16.3149453565531	1
X2920433	-17.6871295713146	0.894644797354918	-42.1099602640077	3.56752931237093	1
X2920434	34.627233647148	3.58656472887738	16.950206091127	5.92546220119788	1
X2920435	-13.5045055860176	-0.470681286334601	5.42678544577563	6.48010593008602	1
X2920436	-1.26627067929269	1.98373825400526	-3.4869758008136	4.62316966897456	1
X2920437	3.70392324143341	0.731276031597416	-5.13846138222124	-0.196545227763344	1
X2920438	-36.7623335798952	-0.276999497369772	-38.257164972567	0.546039770598241	1
X2920439	16.9130506771323	0.0970323707821676	36.5706329277371	9.10701620032324	1
X2920440	11.9670294124811	0.731456006394294	0.368224184858647	0.483725648825628	1
X2920441	-29.5453282539401	0.581388843787179	-32.3214815343367	2.66984627856113	1
X2920442	-30.9902196213873	0.056014822797232	-27.6909842547309	6.20460903098234	1
X2920443	-35.4404698545157	-0.00565342624838753	-24.0536930467688	-1.72265632573897	1
X2920444	-13.7879452651086	1.56147851490736	-11.6760893627637	-1.37186261126418	1
X2920445	5.1197173346992	-1.1548302258814	5.85193745955287	-7.87750304826719	1
X2920446	-16.4114681120163	0.078821815638601	-14.9106707396517	-4.82061544030333	1
X2920447	42.7723034286321	-0.0120442268760521	52.4510031224467	-6.92463965988093	1
X2920448	-29.050160862101	0.743618638649427	-35.1262664375505	5.04496157800725	1
X2920449	19.4284890862504	-2.4268386183031	22.4199540299548	-2.23317246745799	1
X2920450	-17.6969975242462	-2.65317707430938	-8.71909409561836	-5.07858502167938	1
X2920451	17.7233635766756	-0.379933563350688	12.262325471221	2.09496489710049	1
X2920452	3.82067094873055	-3.54287697302402	14.5288426274438	-6.84351399110204	1
X2920453	0.842918220852131	-1.82418211617258	16.9310837560623	-4.51642527175154	1
X2920454	-21.6639348178909	-3.52429027366544	-3.55919789552348	-1.73445677920149	1
X2920455	27.7156358234982	1.35172303538557	-1.71499331418365	1.39919073062872	1
X2920456	6.99466976558182	-3.57016829219414	-10.7580280903564	5.10659348806341	1
X2920457	26.5094666852258	3.38591794327094	19.2649757201667	6.70596573736522	1
X2920458	14.5955620622969	-0.478858341578775	12.0132856976811	1.61857636144512	1
X2920459	-40.262854575775	0.143829073985761	-51.1706433937922	-1.52032104224465	1
X2920460	9.95147865495524	2.10145605925504	23.011261805812	3.40250986533876	1
X2920461	30.5368056950067	0.205029810595299	24.7285548774181	3.56167693657198	1
X2920462	15.4426584729426	-0.789577208982015	-9.67813895668021	-0.606497714045016	1
X2920463	29.3289327609126	-0.875417331540179	26.8128361177874	-7.30552425139716	1
X2920464	-23.7174710678978	1.83420627284341	-33.1571836224094	12.6224634469564	1
X2920465	-20.7666675713059	0.223718819102241	-7.8914148248486	-3.37661784010506	1
X2920466	-8.69874889433894	3.4951065298666	-4.47183843174315	5.22056789862874	1
X2920467	-15.5212434486188	1.06005439732125	-4.32706915021476	1.07862055820534	1
X2920468	19.1905197229788	-0.474438803815581	25.8290503038394	-1.66662341379844	1
X2920469	-13.9212458216387	-0.922993773444025	16.7364099546144	-4.71305448937271	1
X2920470	0.388275423667583	0.00808662829487849	-13.820044694513	-0.977390930558565	1
X2920471	8.94505420137557	0.2670413338335	-0.50226182807539	-6.08160440440202	1
X2920472	-10.9273979438344	-0.396425293995766	-0.118678729506776	-5.32463485386856	1
X2920473	-23.807843882184	1.28973656270389	-15.0902058681165	1.59856722004868	1
X2920474	35.9961919210062	0.0838199969380118	56.6835917508392	-8.87528693444467	1
X2920475	41.3876316961362	-0.437252310018275	37.6950005854795	-2.8475267163987	1
X2920476	-1.79022231878261	-0.059721265521445	1.81342222604002	1.69510717631128	1
X2920477	33.4499920860996	-0.467285056381352	34.9266612795017	4.88748601548787	1
X2920478	11.1527455109359	-0.76566717360425	5.03820014873273	-2.79663647024056	1
X2920479	2.84642248518546	1.09332800429079	-1.308056884443	-6.46321933441906	1
X2920480	16.3337130916148	0.338382986592833	15.3713363484958	-2.68568411195442	1
X2920481	-1.16271128994809	-0.864018972563896	4.92110765088725	-6.14252652205043	1
X2920482	-20.7996496981483	0.830334357580282	-12.5650618005372	-2.66785497471024	1
X2920483	35.7064949801922	-0.583292304263441	35.5994025183059	2.55793804464636	1
X2920484	-1.28714794563013	-3.37958200519579	-8.04006712101781	-3.20177717497551	1
X2920485	-7.54652880880558	2.06491053675997	-5.96178457595329	-0.0671909966439115	1
X2920486	-22.5107275788796	2.02586812587354	-32.3533298939672	7.47015940590945	1
X2920487	18.1500456300879	1.08751653500569	29.8914808444153	0.730777309600435	1
X2920488	-14.8599642359967	0.366382056526136	-21.9384553633791	-0.349574448801239	1
X2920489	-3.53190165774834	0.737231544362713	9.55481002241806	3.49579125899559	1
X2920490	23.2740446734296	0.0171401286582678	35.2516303780982	2.00998793782367	1
X2920491	13.5925224449705	0.375782925248848	14.7211342862695	2.35246029519374	1
X2920492	5.12522498949344	2.67022263884568	-11.2857430357413	6.50494428379993	1
X2920493	-5.92767217301516	-0.114300920100039	9.43870035688033	-6.05186414962813	1
X2920494	-3.60897200103704	0.649517601828401	-13.6072109900904	-8.67919382226083	1
X2920495	-3.89777055546254	-0.0746217829959672	0.740744557429351	-4.29669418136832	1
X2920496	9.30756594603624	-0.0120153476198498	6.94716418430401	-2.60425340050074	1
X2920497	-23.783189073954	-0.427784813255777	-40.6531200393373	-5.65151322050298	1
X2920498	-16.927780544058	-0.128135023834398	-8.97766090512336	-4.31401483455766	1
X2920499	-9.64709975338121	2.47731157603042	-7.91548330998859	11.193303091608	1
X2920500	-21.935971076009	0.1575101382116	-26.5010887497412	4.17382298197024	1
X2920501	-24.1011431953918	-0.836459381353227	-15.3692499030568	1.14045729232471	1
X2920502	35.2621252022933	-2.33082507440421	28.4437248108027	1.91249363986235	1
X2920503	-0.412467317560022	3.21477064305087	-31.8647520692036	15.9395511277122	1
X2920504	14.9495088236193	1.87766355269337	27.8991710226099	4.02025242692697	1
X2920505	-13.9300308910345	1.44982325863968	-23.8621408859235	-0.536265910682116	1
X2920506	-0.264009939712247	0.67605610201119	-4.97329824410343	1.26621906209759	1
X2920507	-37.8176922669516	3.56406840475948	-45.9200848366355	9.55592764465051	1
X2920508	-4.6886272076976	1.67552553937707	-17.1535600876717	11.3681576545657	1
X2920509	10.5308884813769	1.28120780583501	3.88780063589833	3.66631445175949	1
X2920510	28.7260186589038	1.14401561077693	4.22885277435012	3.22283980919947	1
X2920511	-7.25671480443529	-0.0834621945677784	-13.5407989239829	2.83781313607017	1
X2920512	-12.5794488225486	2.54797732927932	-21.3318980526744	11.6098566153672	1
X2920513	-18.0653449431007	-1.04700239717242	-14.3241978390951	3.8932627724934	1
X2920514	-15.3225833888359	-0.179558733278357	-13.9225299138477	5.33199219012306	1
X2920515	66.8501606813926	1.66764699253592	52.8340086180397	9.52892156210355	1
X2920516	22.0493795761143	-2.35814849739685	22.7408383183733	-3.50506852318209	1
X2920517	-28.7192230705379	1.70688475779935	-16.9485919918662	3.27444128345063	1
X2920518	-1.30527546688834	0.13807947403193	10.9870973713814	-5.28146148259921	1
X2920519	-17.5898438796569	-4.24003339470659	-11.2360656064421	-4.59357046201738	1
X2920520	-14.0621197137687	2.33555936409414	-14.2575610794883	-1.30424472378441	1
X2920521	8.45880802877351	-4.56976755554032	36.0129700294949	-3.76136896124106	1
X2920522	-19.3466610776072	-1.85418459988995	4.55107399969685	2.1261968344395	1
X2920523	19.1372930223735	-2.36101159565263	14.3588120851729	2.07188129585711	1
X2920524	9.43844570525843	-3.65494474059364	-0.0349764663729848	-3.03662557872994	1
X2920525	41.0984349368201	1.73633765305658	22.365713492274	-0.98154404244531	1
X2920526	6.45730343280679	-3.10685762708341	7.55776234795526	-4.97139932263321	1
X2920527	19.7878982173429	-2.98817002418402	13.8198291273387	-1.96437575706777	1
X2920528	16.3662386588202	1.12228199071476	19.0828432128127	2.51117324858124	1
X2920529	42.230605123941	0.988963815125638	45.4641091488364	0.769100780715799	1
X2920530	-16.9272567102117	0.629627357211804	-41.992420167325	2.80838722271048	1
X2920531	7.04386136073547	1.09678662223087	16.7278610886588	-1.91894377216364	1
X2920532	-55.0546289911597	-1.91185554356435	-57.5729175235155	4.26871099198931	1
X2920533	-40.7564379938414	-0.456170998918038	-41.2942542630863	-7.15841413910266	1
X2920534	7.58446017176451	-2.49937023425539	23.3259705070833	-4.64847606356959	1
X2920535	3.06832362352854	0.904542841406265	-7.50418424572856	-3.86619573202789	1
X2920536	-4.80207835067295	-0.782310062420291	-14.3165883255758	2.69389570889637	1
X2920537	52.0867131729998	-0.777515535791773	52.3039476464746	10.0075861437001	1
X2920538	17.7029647274753	-0.508494987065666	17.549940619169	-2.47315997641569	1
X2920539	7.6411957700514	-0.752532347305952	11.9823129198486	-9.32635572691198	1
X2920540	-29.9929523578269	-1.77200138164041	-38.1089534351236	-4.60583159999922	1
X2920541	-1.99160913880333	0.415070748871859	1.16427917965534	2.55603978257637	1
X2920542	-29.0893145763715	-0.529668354289354	-15.2762049969843	2.04094480300838	1
X2920543	-50.6499538102642	-1.66798691226216	-31.7446413373179	-2.71831693896195	1
X2920544	13.7472358244135	-1.07502980530802	18.5952925277505	-1.6596314501071	1
X2920545	-10.2231072436748	0.768509752977606	-3.80751748154394	-7.15992021010931	1
X2920546	-28.583200879794	-1.18285284622265	-16.6815086051295	-0.998585235870637	1
X2920547	14.1491463832167	-1.12416383293931	7.12338054281461	-8.15108095530616	1
X2920548	-26.3631219918443	-0.0566378691654781	-26.6153646730447	-1.16272195968562	1
X2920549	-30.4758415307886	-0.217176279737829	-22.2206544460327	-2.25641323760546	1
X2920550	-69.2468715827544	-0.903079698076087	-39.0978058949825	-8.36724646964444	1
X2920551	-44.892844718407	-0.110197672354448	-43.7071846203528	-1.5581516376405	1
X2920552	7.98096529432281	0.540060295691448	-3.30244811778214	-1.27239586527335	1
X2920553	-16.0310034368404	-1.07458318622415	-10.3836106280545	-4.74521374207281	1
X2920554	27.8540764933782	-0.738104137340318	25.2086249438	-2.5690612833649	1
X2920555	-11.434725609954	-1.63591076792281	-9.876327361476	0.185652986387408	1
X2920556	50.0962379238544	1.13230738037571	42.2415838032728	11.4468849088771	1
X2920557	-21.3209223257779	-0.119588925341459	-26.1269746737198	7.98067956214887	1
X2920558	10.234843227038	1.08048296898965	8.48702756082668	1.70425354018917	1
X2920559	14.3062219947852	0.0902712114867374	0.442744543236266	5.15573152273484	1
X2920560	13.651356538133	-0.228349702940005	20.0699417823769	-4.16916545893224	1
X2920561	18.3323555527558	-0.233756446759567	37.4687414426143	-2.37682795088747	1
X2920562	12.7115092803128	0.56103329288898	11.6817274678671	1.49419285299067	1
X2920563	-13.9683261442964	2.13925055354926	-22.6660135822777	4.73994513180341	1
X2920564	-11.1437625258802	-3.38227130471909	3.2269824610892	-3.77388285017034	1
X2920565	-24.8060541476242	1.23038902933194	-32.7505725870001	-1.35050910365602	1
X2920566	20.3873959939246	0.490567218060891	14.3543125954786	-4.08900586140654	1
X2920567	8.42820695284139	1.06777692478881	-27.7069169977196	4.72361815011935	1
X2920568	-31.1044306218965	-1.02090313764118	-20.3159356104931	-4.26506550202948	1
X2920569	1.19894407280504	0.992214475038826	0.432160035601889	4.19364194072355	1
X2920570	22.0310472216905	-0.190055164959471	22.6316958088496	-0.71415675989527	1
X2920571	0.547778015269441	2.36190598543563	5.5943570483749	-4.49922517147874	1
X2920572	19.2736453806448	0.749272026796355	23.2700440102189	-1.10566554973645	1
X2920573	-23.6561315802526	1.15953523430504	-28.7646131120496	1.21775698440315	1
X2920574	-33.5498807379367	3.44716586314365	-23.5741104591934	1.89986884123801	1
X2920575	-23.8850898502163	0.419963988931582	-24.6543239796944	6.17658726875289	1
X2920576	25.9526760818791	-1.85931927248293	15.1763663654725	1.69092501024647	1
X2920577	-33.0605880586536	2.44773088900351	-27.2912893960648	0.63845582436649	1
X2920578	-6.42154160633799	3.83533180867312	1.62032121784565	-2.6609724980157	1
X2920579	8.68108486733316	-0.928134360266156	15.2056715898251	6.83465014904309	1
X2920580	11.8895267791837	0.837907440427835	-7.37980703583443	1.79408497340219	1
X2920581	-5.67811945431693	-0.381507326841654	-1.58791679213953	-3.98940192833778	1
X2920582	-12.0912839967153	0.836135862624661	-27.451477054767	-4.25600753389251	1
X2920583	1.8275588463609	1.42055801423328	-0.212438449336314	-4.12510576244029	1
X2920584	-8.84174258107804	-0.741854124293322	-8.44699309331387	-4.50193332334095	1
X2920585	-10.6828234960182	0.82469458425008	-15.7215154847585	7.78763921276433	1
X2920586	-11.2145787693054	1.05930221205267	-24.4779554724924	-5.2756878912542	1
X2920587	-8.58160829633289	0.990298039844413	-1.17309781207462	-4.91361975463011	1
X2920588	-31.97600768889	-0.0845739597398767	-12.8165353874928	-1.88336118896023	1
X2920589	-17.3075473130875	1.16343786024647	-11.7643790915736	2.25456675794426	1
X2920590	4.20153555854006	3.25179909051077	-4.32325911684834	-5.99149248754451	1
X2920591	-33.6404276095829	0.863060294528087	-33.7848227921382	-0.800440978996128	1
X2920592	-1.66287733758319	-0.549604425580471	20.3519724853919	-1.36992817517562	1
X2920593	11.5940613898835	1.15504233866121	7.72858813873304	8.60231260996338	1
X2920594	9.96231983606233	0.570575661751369	3.79760774485449	1.06917176766787	1
X2920595	-6.16328618983805	0.194437364282767	4.41014797468548	-4.49582606758383	1
X2920596	-10.5853456113966	-1.34273956167929	1.58975738213178	-4.02023714614387	1
X2920597	-38.2131246980363	0.80728959416691	-45.7204921070018	-0.412365555792886	1
X2920598	-19.3196504600965	0.299651171330884	-13.8380100599172	-3.52635201917413	1
X2920599	-38.4738343451983	2.01139639140731	-41.2806128229537	1.18893003572894	1
X2920600	-12.2509626320859	0.08284099021965	-18.0862641647527	-1.86333471682208	1
X2920601	-15.2870697018309	-0.373917238641798	-13.5394002510516	-0.365090674327649	1
X2920602	24.9980301664209	-1.5286122018727	23.350767795713	-1.34920969461968	1
X2920603	35.0532530270711	3.57944831781972	26.6509745429609	4.09587671225674	1
X2920604	31.7423013006304	1.5067041703569	39.8575599574526	11.2733394869329	1
X2920605	0.582699686273949	1.00220777955103	3.43289950568896	5.71005257809777	1
X2920606	13.2782158773874	3.34662031088535	0.440765866701947	15.0120906236107	1
X2920607	-54.4017130261297	0.239291469672936	-52.1332040474607	1.3575459664888	1
X2920608	-35.3537610124094	-2.40453419451491	-29.3010009755473	11.1491720949075	1
X2920609	0.348576926719705	-2.68138509458936	-5.73978781822237	-1.66380098503862	1
X2920610	8.71306431297563	-3.20353399146271	23.0707034836684	3.28483498721278	1
X2920611	2.54173367869179	0.375351064170345	-4.57307431358358	12.2054121038987	1
X2920612	-39.7973134535631	-1.75742892396462	-34.0038515619043	-2.43956692696177	1
X2920613	3.50099514617485	0.934922385826059	-7.58643143412966	9.65922642281798	1
X2920614	23.1969606330547	0.839470939550006	6.4464300517022	4.96580461754249	1
X2920615	16.8653387532862	0.324636881686757	6.83823938191962	4.99822616939683	1
X2920616	-12.8399494014839	-1.18258793364367	-4.1301696821804	-5.30159851701616	1
X2920617	-7.41595979175422	-0.127399472468946	-10.0846889869121	12.4574216283927	1
X2920618	59.9605447655679	-0.6891865044634	50.4503707857624	-2.53413427330411	1
X2920619	19.0904784586875	-2.87220652550783	24.0258292977762	-9.02245158815821	1
X2920620	6.79397421286966	1.12458425786049	-12.9057702654329	7.58430285291661	1
X2920621	17.1569356266699	0.946362927599797	25.2161773128282	-1.45218580338154	1
X2920622	2.30095845379605	0.392014927770126	-16.5083989573386	6.80517358675014	1
X2920623	1.84343045979961	-0.159358304367671	13.3625345343355	4.88752522793959	1
X2920624	-4.71796162668171	1.74319731352562	-10.9651498964081	-3.49761195622035	1
X2920625	-4.09592296616877	2.18661367564693	-6.02994567518784	2.38016537655352	1
X2920626	6.02560366458427	3.47534110574874	10.948173089471	-4.92102884266217	1
X2920627	7.55583758427673	-0.486545858422706	0.504865953596775	2.93142891931009	1
X2920628	-27.9312402365423	0.173976673974992	-31.3033923993086	6.12127961821884	1
X2920629	35.6938147027655	1.55497574360491	31.9509044866343	-1.18093452422032	1
X2920630	-37.8362372374774	-0.240292873028326	-41.4288656350711	6.95359016405572	1
X2920631	8.93341317364783	0.321704990514928	-6.36564709495307	-3.77745338639429	1
X2920632	-19.0875287709266	-1.22950084190548	-8.71609155686049	-6.24582491238875	1
X2920633	6.5144095211915	0.342422600518775	-11.538861533735	1.63495725270304	1
X2920634	-12.8895095176362	0.966711048209591	-21.8192049316481	12.3984664898264	1
X2920635	1.2548477543616	-0.219763226276259	-18.598522431233	6.67603603646846	1
X2920636	3.94083742905034	-0.249192220528745	0.0483776254710193	-1.00341378192692	1
X2920637	-8.89754522863215	1.50534803540072	6.45716294847525	-5.50647886581871	1
X2920638	7.08506123507874	1.72756779485568	10.3246436263726	2.91788797438548	1
X2920639	-15.295989005708	0.560398550158691	-15.7781957626421	8.36909387393414	1
X2920640	-11.8441573457453	-0.593563497265008	-2.21423357683261	-3.95249937326479	1
X2920641	-1.99312265431282	1.88739342166743	-18.8229431862209	10.9663919116288	1
X2920642	-13.3585073764531	-0.321715838218987	-22.541212939904	1.79143789384043	1
X2920643	-45.4816326182354	1.95337953734804	-35.9220107075256	0.874338762703483	1
X2920644	-11.2922456470287	-0.864002917899838	-17.5308015609902	4.06787573191301	1
X2920645	-16.726350888647	-0.277370427619681	2.86038704329417	-4.63146894314622	1
X2920646	35.7280852074093	-0.375838644483955	14.8668458260939	14.3839748909108	1
X2920647	-3.18413622084715	-0.752706137129466	-5.36533134369065	3.02964657386111	1
X2920648	8.18114447129469	1.11083074206415	-3.47031427687052	10.6630040096891	1
X2920649	17.4490452161792	0.31644172243054	10.0166489655393	6.77034834595094	1
X2920650	-27.7310245272449	1.57214217208928	-44.3412800793349	18.1923472967894	1
X2920651	-44.7981288064246	-0.233124894739046	-33.2539081448402	7.75641251297996	1
X2920652	-33.5752008004901	0.435724910893469	-26.0713923214292	6.5660435909368	1
X2920653	-33.7169263897289	0.587983953912658	-32.6542209161307	-0.735388652763963	1
X2920654	-33.8946009614252	0.391081762915956	-24.3581738064245	-4.75862163856866	1
X2920655	-27.4255208597158	-0.445287616857817	-28.8151955418078	-7.17788297603463	1
X2920656	-36.4904200184072	-0.524853310143236	-49.572148207004	1.90814144687122	1
X2920657	-20.6184626913648	0.212285441805403	-10.7332247356064	-5.42998331458284	1
X2920658	12.6107947054712	4.29854567970411	-6.48515614954895	13.4543121480682	1
X2920659	-19.1597551349131	-1.15579293951084	-16.1146629845204	-0.123925360846476	1
X2920660	2.48563369051956	-4.95705991223541	7.97886596182613	-3.72786905747547	1
X2920661	0.181954641791662	-2.45775300462851	4.59843059315337	0.142856949783459	1
X2920662	-4.30127238755382	-1.4412185407173	2.96363053346168	-4.32437182681558	1
X2920663	-28.3246701937185	-1.62628247516148	-18.1331520690168	-4.52653322719208	1
X2920664	-15.2921149140984	-3.04458121888922	-3.9348461757972	-10.1051297524387	1
X2920665	21.3933588860209	-1.0400392873473	8.92957015427906	0.618885883671378	1
X2920666	-21.9926499548015	-2.1860587887374	-3.74085300479653	-5.46939748184925	1
X2920667	9.71316005499993	-3.52910719491042	43.0627740425407	-3.06168088317386	1
X2920668	-32.6676842346405	-4.10081771867402	-26.5641345555288	-4.76071120917182	1
X2920669	-12.6679564112542	2.90807050192801	-17.941467224364	6.78322865180874	1
X2920670	3.08511519086102	1.28166618585365	-17.3109540102088	6.35650058061165	1
X2920671	50.6694480534756	-1.33799410042988	63.8007146356387	-9.61430804349561	1
X2920672	39.7787849832399	-0.340088872388829	20.385698470058	-0.93825608582042	1
X2920673	0.556550385690594	-0.212326294428432	3.42525676536317	-1.8018974637449	1
X2920674	-4.36361594339258	-1.64494783866485	-4.89393391240264	8.55105568315445	1
X2920675	11.9876490619731	0.518639931543054	21.1848971116995	-7.61215051039138	1
X2920676	47.7413226494282	-3.88502761816615	62.6383920555174	-14.9543222703709	1
X2920677	-49.9591972268318	2.66031831912101	-47.6200412024898	-6.68649584714846	1
X2920678	-24.183713174887	0.340004390429158	-3.19667852211809	-1.81172479907802	1
X2920679	11.6512479198313	3.05383886839137	-1.75588211792416	4.20645470995546	1
X2920680	-22.0908964349908	2.80904262314627	-14.0316253524901	0.420423328958443	1
X2920681	-7.93502974046524	4.16419133054548	-19.7087975200808	9.4126951494702	1
X2920682	29.5118266731141	4.01682230682359	19.0178457132926	0.831337190281255	1
X2920683	-11.4759055703639	3.7874843146414	-13.6575817065406	9.63388730980436	1
X2920684	19.875622468853	3.69221490730655	3.28143877930071	6.38135071278479	1
X2920685	-51.7206375502031	2.0698401850412	-63.8739107551255	-2.2252984824634	1
X2920686	-9.68903987211077	4.84187047617118	-31.5738650644881	15.022548643155	1
X2920687	-22.2100205177196	-1.27068393039287	-0.796821729138133	-2.09967934828949	1
X2920688	-8.8066787544042	2.14256438735904	-13.7424259541878	4.79307719501967	1
X2920689	10.3813518828483	-0.369545138347974	-5.82607346483948	7.86161379573698	1
X2920690	36.5711936331229	0.61559074594797	34.0448944807634	9.86445994551489	1
X2920691	2.76987580349864	-1.66902302418725	2.38544707566905	-1.15803622048564	1
X2920692	-12.0044439678333	-2.44572796857989	-10.8200082541208	-2.6167745788755	1
X2920693	16.3774007444417	0.410790137553753	16.4955385833627	4.84368604316557	1
X2920694	-23.8161051977219	-1.86072784262207	-25.29294699381	-1.0264489772672	1
X2920695	-23.8414578292673	1.17159970163209	-37.1552061448552	3.4567462393463	1
X2920696	-2.37241016934067	-0.231865731228714	-9.22251425200555	6.49255265813051	1
X2920697	-46.3727609687444	1.24761640259374	-39.0045160835616	-13.0349663099218	1
X2920698	-15.1506883844867	-3.29216695194702	13.5755811906686	-6.58502309797762	1
X2920699	-8.01094386176426	-2.21248890234059	19.5487518745485	-9.47769347925989	1
X2920700	-36.3510781892258	0.413309142208175	-29.5094690624203	-4.42849343992785	1
X2920701	29.778886109434	0.227073193560857	40.8922230944231	-2.65876510160535	1
X2920702	-5.36262391847828	-1.8614609640368	11.3089525585078	-6.81057722770653	1
X2920703	20.6598220417254	-1.84376519363188	30.4006560705026	-8.2948023207251	1
X2920704	-2.8122298905195	-0.278528431404747	-8.24465295370006	-5.67186683639246	1
X2920705	-32.4203160536093	-0.640541208328387	-23.5676915065523	-2.14127734070719	1
X2920706	12.6685946956468	-0.333830096401488	8.49412621419503	-5.14575329792197	1
X2920707	-24.299973501271	0.906293185725129	-11.3149736849202	-6.72153082238363	1
X2920708	30.7011636242532	-3.31256898233996	23.0671634840971	-4.36076539956736	1
X2920709	-6.31748408439603	-0.357156502833138	3.61895068670344	-8.52710457584938	1
X2920710	-19.2813296299186	-2.88988102939401	1.03778606301534	-1.89560928393403	1
X2920711	40.7749483179253	-3.14833442908284	52.5320706552991	-9.85741950405125	1
X2920712	-25.1692718732959	-1.01016058090216	-33.5713927875004	1.50381603411648	1
X2920713	-47.9251833846374	0.587964598236823	-55.816099162976	2.13600531911684	1
X2920714	9.51359199884289	-0.378220313084863	29.9392437730451	-6.19846330000462	1
X2920715	-8.16879283934382	-1.41859110225989	-13.7817640875099	-7.47422583618296	1
X2920716	2.66238796038472	-1.1689873705429	11.435881178391	-7.7298008431911	1
X2920717	11.5063680839406	-1.04465181697782	-5.42480786521371	-2.3665144497958	1
X2920718	-36.2752313022979	0.757345401814011	-16.2737689122655	4.76742169378479	1
X2920719	-16.3867551069194	-2.04910185152403	7.63698947302647	-10.5706746342975	1
X2920720	-28.5469662549266	-0.861575585383643	-29.7001624841672	0.123434067117487	1
X2920721	-18.5216202093763	1.15955790557399	-21.7922640035384	2.47958896717058	1
X2920722	12.6758092612433	-0.792930435381457	20.1988087769903	-5.3466540211327	1
X2920723	-39.0810290121338	1.43270267907366	-42.1506928328736	4.94750158865153	1
X2920724	-3.11149084245534	-3.00987904215792	-7.64486453922062	-9.10312504553049	1
X2920725	-0.120010094567089	-0.807506190635237	7.3195638273611	1.85638776982161	1
X2920726	14.3477519955164	-2.10823291589966	8.58421378641182	-4.35130690490871	1
X2920727	38.8030971017447	-0.500182643173718	35.8764473683469	-5.01097539936767	1
X2920728	3.31297604670645	0.0173932224993183	-9.24728301797445	-1.50937729491639	1
X2920729	11.9298029726799	-1.3953776360284	22.244581616143	-13.2694723202416	1
X2920730	-12.3780234484623	1.16236163966156	-9.65335188595711	-6.39158835689823	1
X2920731	29.0947290092567	0.53060850966791	18.6178162762814	5.57288187450173	1
X2920732	-5.57267822808642	-1.64930905426383	6.93545371446563	1.42805378308685	1
X2920733	14.2353868484295	1.26146382425455	6.59212073309125	4.65185003245073	1
X2920734	17.7061240832478	1.42148636599108	30.2885922625907	-7.6924999174403	1
X2920735	11.2065557335063	0.0608638349380324	14.5325835603394	-6.22735738014885	1
X2920736	18.8911234646078	-0.964908708733478	10.6377677529453	-5.3771218550071	1
X2920737	-1.25150200349872	-0.031747826763133	3.2443503966644	-6.33750036556308	1
X2920738	23.3795632185293	-1.94214797360655	24.6683438648814	-3.80192518573023	1
X2920739	-23.3817685183134	2.61584714972563	-28.8854659821733	2.35593806317021	1
X2920740	19.5724259032906	-0.220388976377496	5.19607512056934	10.6608267778729	1
X2920741	2.44846171530326	0.720434810390609	-2.57403394859252	11.5368177527818	1
X2920742	-41.8487364561875	0.708276678478023	-33.9532263382388	5.55791473788413	1
X2920743	8.33248261565297	0.489518134472302	-3.4914080244034	4.216260678965	1
X2920744	60.9453988973334	-1.89495699878321	47.1584794528757	-0.518663386063904	1
X2920745	3.21078554779421	-1.02856677408324	20.9587212997428	-3.27956179623855	1
X2920746	13.7119475766851	0.823872964949205	17.9302378677735	0.963340775090723	1
X2920747	7.39034450360926	0.501854581790803	25.269879215325	-0.82023369541228	1
X2920748	-9.26255170802015	-0.57063961275495	3.44304772665502	-0.0717094174068791	1
X2920749	-14.5754920480393	0.0421904499241935	-17.3011494972272	6.99150396909466	1
X2920750	15.29034359534	2.78190241150654	3.14181757322563	6.51142483432323	1
X2920751	4.80938847487475	0.621840080679788	6.53682728163555	7.24335726334493	1
X2920752	-14.3440153587969	1.95038168560848	-36.9043079659531	-2.27528509551863	1
X2920753	-8.36347366628037	1.21088643179101	-7.96270926937589	-3.11536329486201	1
X2920754	-9.29150871772439	2.00081232277128	-16.5940858879189	8.28762317558508	1
X2920755	-16.3534056304564	0.984499144135786	-10.6429384017093	6.32896257648357	1
X2920756	-25.8372740460021	2.36691940801826	-18.2557545022665	-1.89752627724211	1
X2920757	13.4677600894363	-3.06336937430897	-9.07899336778656	-1.78653281303341	1
X2920758	-37.0512674185119	0.0738713133819765	-51.0630363468325	18.1861019472539	1
X2920759	-5.00146764433677	0.0169029121763215	-11.8601035367626	5.77311177599902	1
X2920760	-15.7980492484894	-1.32286316269222	-19.5385296064394	5.76776920507962	1
X2920761	-13.7216600690183	0.671071549064889	-11.8028305298161	-0.301959023939695	1
X2920762	12.8680191375858	-0.861624992750927	9.50607019056852	1.27882421166925	1
X2920763	12.8522614834558	0.882875329763048	24.3101862566173	2.49363000063242	1
X2920764	21.0762844567025	-0.279141676864539	13.5724303874735	2.56132790217817	1
X2920765	22.3166890124483	-1.92846420498258	21.7861221806845	2.36784284170777	1
X2920766	8.76582327754217	-3.18371692712837	19.0386020558547	-4.70513498624894	1
X2920767	21.1216739470059	0.586574030599705	34.6207296790305	2.75231517944837	1
X2920768	25.1505004211416	-1.82122547258054	45.0947959290726	0.495476469518915	1
X2920769	-3.49194094245775	-1.11920637714787	-10.3245666433591	8.04617541381933	1
X2920770	-3.69337063781623	-1.76767911419877	-17.2276234840913	-6.62811959023575	1
X2920771	-13.3121284185824	-0.752693307361626	-16.8728367242393	6.57603804200842	1
X2920772	-13.1496054726575	-2.98656275873806	4.61733908116149	-2.95350705663564	1
X2920773	2.74188970773965	-3.93499900052171	23.7869770673513	0.71091842546389	1
X2920774	-3.21883744119459	-2.17828109091758	-8.70330486483333	6.78716897399307	1
X2920775	-15.7474587457411	-3.60854266727423	8.58043667968218	-6.4774624672778	1
X2920776	-11.4004684489119	2.15774474478183	-20.7732761626392	3.59569621729175	1
X2920777	-25.3333094413238	0.611253429756924	-24.635160009893	-2.96502589400872	1
X2920778	-67.9014075425717	1.75896925422533	-80.3117869477776	-0.207669383918298	1
X2920779	-11.8976182295728	3.744753453772	-29.043987238121	8.92336368448195	1
X2920780	-3.8891955095767	0.703382257448706	-0.581457941334969	-1.86377835791744	1
X2920781	-42.4962704135053	1.53380023278259	-39.1410678837839	-1.80111695335025	1
X2920782	-20.4386846584667	3.5650087076217	-26.9705600176858	8.13675306541728	1
X2920783	11.5567079764203	0.191777321902859	11.1808916355313	7.92989781348316	1
X2920784	-14.3203645540768	0.166499429156081	1.45081461877331	-0.591539696961083	1
X2920785	6.19385057012584	0.814565855537916	29.972963614611	0.325103494843708	1
X2920786	2.50000544113168	-2.06113845748392	16.1631650365489	-4.99069291504505	1
X2920787	-30.0839368010129	-1.88236248359139	-13.8766904907845	-0.783921092781911	1
X2920788	13.094848612461	2.04345688199329	23.3841052027837	-3.7658067977612	1
X2920789	-14.3456299382519	1.72667330037898	-27.9340353821682	3.40377909726739	1
X2920790	-13.3293437071655	-0.700357460726686	-42.8595974471279	1.9665245087223	1
X2920791	-1.77885703589926	2.09070378205302	-7.48716876106482	2.76646761475851	1
X2920792	0.163538725110415	-0.0419288895517561	10.9116160860143	2.78515289029861	1
X2920793	-23.3107057598372	-0.879700537996723	-10.7209827843856	-6.91713976071044	1
X2920794	11.5649604640262	0.670381787968749	-9.18882845595376	9.96857655906215	1
X2920795	-27.3781274616704	-0.298951436962625	-7.46465651227892	-0.840028220694664	1
X2920796	-0.543235723532185	1.00015003242304	-13.5134339509255	4.52862022508128	1
X2920797	4.16175072018515	0.617525766021854	-16.5013124922651	-3.24912591930341	1
X2920798	21.4588508174992	-5.37782240485376	34.8054343537003	-7.09302430799552	1
X2920799	3.07099288498847	-2.00911545320294	33.1561256366716	-3.9760033299858	1
X2920800	5.30399414969198	-1.22418876468034	11.4227844576134	3.41400837887339	1
X2920801	-31.3259507644735	-3.64548578147502	-32.0935830074903	2.38328026297494	1
X2920802	37.5294369588599	-1.58523870638452	19.5437272399291	-1.71057436943349	1
X2920803	-11.3748298467734	-2.70607599241667	5.90724877206156	-4.94251834634575	1
X2920804	10.4663412513665	-1.15771865976127	-9.78890528445937	2.65173460896994	1
X2920805	-2.89024117098814	-2.99446806011155	-9.72716316778787	-1.16328978523726	1
X2920806	-8.65683678115977	2.81273496675376	-8.73776651949993	-1.26203062731527	1
X2920807	25.4775649878652	-0.0505246969590775	18.7651651553645	1.43134504760873	1
X2920808	30.5346422728008	0.0258277048754667	17.5523117653881	-1.57086275831094	1
X2920809	30.4249953266003	-2.75698832561327	34.4084071472731	-4.9490062984545	1
X2920810	-7.66492417960728	-0.406241695542902	3.46746951188571	-8.54052378868693	1
X2920811	-15.0849249547248	1.33725471060388	-26.0723660102203	5.39913328501573	1
X2920812	-6.51209678659215	0.792162601916194	-6.52420167767004	-6.27712789185286	1
X2920813	-6.95007600387198	-1.59464156486869	-22.202744136161	-5.90802636091406	1
X2920814	13.3261492674844	-1.84623144730961	-1.23001048907855	3.30057357642101	1
X2920815	-9.41338827354444	1.74837477786461	-4.94623906630208	-1.30320964626489	1
X2920816	5.86423179070995	2.09225064100285	-12.9689170095455	10.1053260190137	1
X2920817	-32.8295607573121	3.21949712266408	-30.2532014900772	1.70025564910796	1
X2920818	-34.4729553484703	1.96803859989699	-40.983957582687	8.06419532399489	1
X2920819	-7.7625076298687	0.966249777091362	-7.87630006517285	4.89825493377822	1
X2920820	3.72489909439038	2.24408861379647	-4.42015630090925	9.00205711044683	1
X2920821	37.9150747402124	2.67233363657249	25.2735868169245	12.0411066341603	1
X2920822	-17.0248679180916	-0.885226276894585	-12.8474971507835	0.287510749292471	1
X2920823	4.46669730347185	1.45278745418692	-4.58975504213296	3.19146318552843	1
X2920824	-5.93473692113274	1.44709700771244	-19.2792332350259	9.32482650308596	1
X2920825	-33.8201193992171	1.18134986155966	-46.1038128907471	2.09724411857352	1
X2920826	-19.4251621584882	1.33334384196663	-42.7726871824127	-0.95908385105126	1
X2920827	-86.8463121521131	-1.10283883615457	-73.6972726621808	0.0524401581653723	1
X2920828	-20.2647634932046	4.04496348738377	-31.2397876243372	8.81165498398755	1
X2920829	-11.8553641390628	3.96986801984197	-21.891533091572	9.15639973206379	1
X2920830	-2.62349407881867	0.393714720887228	-6.45734844877554	-1.73565349141473	1
X2920831	-5.79636602741272	0.956615726833166	2.77895456427533	-9.09816512549965	1
X2920832	5.03733104528241	-1.36235635765955	19.1344579385311	-1.05820712974745	1
X2920833	-15.2490191626154	1.45126175132614	-24.9572929625973	0.747507791405378	1
X2920834	-24.2812983775974	1.157256204967	-3.87543505655211	-0.488401461145655	1
X2920835	11.0570298424916	3.16176468947867	11.7819702743466	-1.59148934698268	1
X2920836	12.791849422296	0.0475034450123982	15.9277084130264	-9.66231813370213	1
X2920837	17.8404090510494	-0.186928374965427	-0.000127727123750532	-2.78403464368515	1
X2920838	-0.722685590111066	0.998380069789253	-8.66422982396564	0.980548352456366	1
X2920839	-28.836181883722	-3.27988294690111	-15.978117528293	-20.5834658740529	1
X2920840	-15.1439813938289	0.531898366238247	-29.1287859697229	-2.57674017435366	1
X2920841	-19.3729823451049	-0.324956212398301	-9.62614367778549	-3.92262763027576	1
X2920842	-25.5531838583458	2.02877485978371	-38.8135400883685	-1.94643773999172	1
X2920843	-24.7560150782901	-0.682327701799243	-29.8938614379772	-1.58615017802957	1
X2920844	-25.3696565277595	-1.5434900710459	-19.7913460308912	-7.26254847583031	1
X2920845	-24.4048459363007	0.600392755099045	-30.0281441936986	-3.39390541321794	1
X2920846	-31.9453836422427	-2.17838699019052	-18.1835384615808	-1.81863544131471	1
X2920847	-24.8732383651504	-0.487765347563828	-38.0934421009295	14.1303512985681	1
X2920848	38.8700486899664	1.54709439251657	21.3826698230866	1.67211209937125	1
X2920849	-26.72540531977	-0.489830728296298	-27.5839039892833	-2.5714468188603	1
X2920850	40.3642654566807	1.93969905107825	6.5849544347017	3.38174581843351	1
X2920851	3.97488260005507	2.71523699505758	9.77415933066728	-3.50479692871794	1
X2920852	-11.6447851103605	0.01523836710005	-18.2437603291124	-1.8667893517536	1
X2920853	10.0495726931319	0.406727397920812	3.25664129368445	7.04150571641918	1
X2920854	-28.3899828075624	-2.95672333364745	-35.053841833376	0.890542413722308	1
X2920855	28.746896991588	0.614080420209758	11.8156677043435	-0.872946838237459	1
X2920856	-12.0612395579352	0.0567159584573225	-13.366842998966	-3.77975358914656	1
X2920857	12.9273529885112	-0.264351713771115	3.59712412490894	-1.18952363970989	1
X2920858	32.0624273778662	-1.06945302800348	40.980007880651	-2.76562149597181	1
X2920859	4.93779088227392	1.07224372024109	-2.85836283595165	7.15702439100022	1
X2920860	-0.44204293390129	-2.79586722890521	2.17512554377904	-5.78865961190905	1
X2920861	47.8736202660149	-2.21835119706344	77.8180628083004	-3.39674196345876	1
X2920862	1.49750875446058	0.27887574414195	11.4178429787843	-2.43477419406753	1
X2920863	9.87905473591476	1.65371982507874	21.2779227376551	-0.787043350325002	1
X2920864	23.9310403674387	0.207096647190942	10.3756531732111	1.19540063427051	1
X2920865	-21.9787924490983	2.03734916021528	-5.43873823506078	-1.5797966357321	1
X2920866	-19.4387837498069	-2.86790997850458	3.67485815661033	-6.15684052503799	1
X2920867	-16.5230712882518	-0.224665882830776	-22.1480705691193	4.91866090861408	1
X2920868	1.75525778716755	3.95143984890655	-0.0103514744237561	5.83230187481575	1
X2920869	5.46859579725903	2.7693144530827	-11.6526391727228	7.6910842317671	1
X2920870	-29.0907687531355	-0.167262187096726	-29.903998100486	-3.54756427991067	1
X2920871	-10.3436122585007	1.82686907774028	-36.9099406206802	-1.09255745208394	1
X2920872	26.0222620866312	3.76723258147789	16.7169981697891	6.84344106445519	1
X2920873	-30.5737550625902	1.67937593068634	-35.7558416484943	-2.24399919868693	1
X2920874	-25.0653945096185	0.389883307736035	-45.5364581830979	7.5821635421805	1
X2920875	-4.70694501913447	3.90997133355213	-16.6894653442221	5.74742709976111	1
X2920876	-9.0390833802077	0.0330475214829875	-22.2391113927546	-4.49378775108146	1
X2920877	21.0171214259514	4.53468725016888	2.33473793659547	10.7237921890781	1
X2920878	-7.76714972169089	0.0370333859452607	-15.311248396776	13.3469444449806	1
X2920879	-22.7825184288196	0.838302909610078	-17.5155686540097	-5.19530496678959	1
X2920880	-28.9647955871254	0.0912090955797815	-25.3666090592934	-2.80925037411347	1
X2920881	1.52348961823111	0.374365923372677	16.5757537040873	5.39411064339166	1
X2920882	-28.270044345938	0.487937069327221	-34.3906898892884	-1.60091314939792	1
X2920883	16.173344751529	2.12342601445843	22.9994703578778	5.93103854287603	1
X2920884	-24.8722004891963	1.20061761899492	-33.4063684874004	-3.90575366294634	1
X2920885	7.16464950110406	1.66813427374145	9.35954430744883	-5.41080262921388	1
X2920886	22.0164988154239	1.42999703215653	8.27574293714442	9.19316501132739	1
X2920887	37.0602272413673	-0.113208289571875	15.0736463872208	3.67220594166673	1
X2920888	32.6373100995757	-1.68853695172784	13.9811259116609	1.71651819588156	1
X2920889	-18.7142942946049	-0.640403095517696	-3.75949184034539	-3.18243509414136	1
X2920890	17.3721622676485	-1.3371092850046	10.433711663119	5.89459528092607	1
X2920891	-21.0612058810214	-1.39836169463248	-18.6097449887854	-1.85439641893772	1
X2920892	-25.2807628649192	1.55765178534675	-18.8344829658773	7.46768263494909	1
X2920893	18.5339114085194	-0.606879928153144	34.974150743671	1.29860689366185	1
X2920894	-7.60190386751371	-1.48850265766198	1.25775110277573	-3.13189884145912	1
X2920895	12.7221814869879	-0.334195289841119	3.41412729069478	-8.39846072675012	1
X2920896	27.8958039199404	0.32264691005479	11.582473432619	14.2542232694338	1
X2920897	9.99116690218067	0.716647747163544	-1.35051608885852	-4.21628071727085	1
X2920898	18.0844457170996	1.32705812916089	8.97485904652677	2.38338855888569	1
X2920899	-15.4670756718622	3.78089295003852	-29.937074162039	-1.74845439298924	1
X2920900	-18.515022345218	1.8070092995445	-32.6587156380257	8.24760876693245	1
X2920901	-0.164722904849559	0.0507485297622833	-1.49578307595968	6.79897480285574	1
X2920902	-32.9673601616124	-1.09364637232442	-37.2410754681288	7.00664455011647	1
X2920903	-41.6084379819967	2.3982882787405	-26.4016293808832	-10.5200789019156	1
X2920904	-18.3264677676952	1.70795262548723	-17.3082718111249	7.47610499043805	1
X2920905	-11.9076780248947	1.98435998305172	-47.0854064347496	7.19694901708346	1
X2920906	17.92666356181	-1.03250160715127	-2.88908926210784	23.3417934414008	1
X2920907	-41.3786656584963	-0.994122702674766	-50.3057269560132	1.12537173476458	1
X2920908	33.6060296375633	-0.312753539744348	32.800700840142	8.11340220104511	1
X2920909	-10.5715435091545	-0.47848143317573	-23.3100946316131	6.27509797327136	1
X2920910	-29.7963297673965	0.831258048298062	-21.923028761383	-4.17105247392388	1
X2920911	-8.73355002336688	1.71370923022326	-6.50583916287643	8.93518946011196	1
X2920912	16.0983563232098	3.7511092069116	18.8568611599219	6.11510101414721	1
X2920913	2.71365423296446	-0.546435687970117	-6.60272310674079	8.62393877273455	1
X2920914	-20.2923835578937	1.77882638579711	-28.8390501782955	7.62491742838015	1
X2920915	-32.0601301445715	-2.9807058484651	-38.3398101062395	-1.28506697937732	1
X2920916	-18.109660407635	1.88301200342281	-11.3852629999865	-2.03758397720053	1
X2920917	11.6705679328113	1.94664252964415	11.6161835893261	7.42657056295939	1
X2920918	1.27900890088145	-1.98004560974285	24.3753853155612	-10.4106486778147	1
X2920919	39.5355049930343	1.1188920109763	27.6577941192507	1.68041215953612	1
X2920920	-28.3409232577981	-0.402266621965442	-29.4614262600788	6.41449442373032	1
X2920921	-39.6013496524198	-1.04812109711197	-27.0617890701199	0.218839282564967	1
X2920922	-21.3413023058462	-0.0432955719093612	-28.8404598622649	1.23065217124505	1
X2920923	-32.0742361544763	-0.10971868833164	-23.4389368281895	-4.74009153124059	1
X2920924	1.10360414107789	0.175164960877412	1.0212114976184	-4.67744336547102	1
X2920925	-9.26547501079484	1.72155247159534	-5.21258503606799	-2.1193755411965	1
X2920926	15.6409171555915	0.777376426453768	27.6184505495377	1.52824517408865	1
X2920927	-8.91568139692204	-0.389185208159452	2.32991757835077	0.531334686421346	1
X2920928	13.9769361016791	0.137181803793079	12.2463389713044	7.75290023186082	1
X2920929	-17.6260419557279	0.354576101543655	-18.2292252907338	-2.15973544435534	1
X2920930	-10.1856223388479	0.387954500426124	3.17806359178981	0.812272873739453	1
X2920931	4.34921272561943	0.486210613109151	1.56284138827715	6.62856412663182	1
X2920932	24.4885679418204	-2.36323448536397	38.0603669560582	-4.35758248862157	1
X2920933	-44.1201370565931	1.63391371742665	-46.584265752258	5.28041897156444	1
X2920934	-20.1246892716756	-0.420644228718423	-29.8038632173905	-1.0247639175145	1
X2920935	-29.0677060199978	-0.454442021685679	-23.0119335029946	1.04203162646036	1
X2920936	-39.298077729207	0.448517811031663	-48.8503243669419	-0.00639871417380267	1
X2920937	-33.7708720368593	0.0703642393278259	-27.6804338475939	-5.62782183226361	1
X2920938	-10.4116251483059	-1.54998162482679	-21.7899039948827	-0.461930441125239	1
X2920939	-21.216767958332	-0.890826005208382	-11.3106443859421	-8.73742359585281	1
X2920940	-45.8825820069658	-2.6359860502	-47.1746231951443	-2.86345365788073	1
X2920941	10.9789781874981	-1.01431372723993	13.1871454494064	0.620710282841087	1
X2920942	14.329335733442	1.79594234648994	18.1263456797455	-3.04593197906536	1
X2920943	-31.1261978619144	2.39229449653781	-32.3685125056292	7.25235759901014	1
X2920944	-19.0191199694405	-0.684997492065146	-3.08805334788155	3.5756159427124	1
X2920945	16.6376249085169	0.118046251473091	25.1273131091359	-2.53699838880824	1
X2920946	-16.7432618055246	0.17857941384288	-11.2555430063091	3.20463914071347	1
X2920947	5.73035661298361	0.322238305134662	16.3712420568957	-6.4267546188803	1
X2920948	3.18520634543648	-0.799165074600468	16.917381277549	-15.9045510530339	1
X2920949	-45.7048624670783	2.61542129186067	-23.5583400064216	-0.193620741653997	1
X2920950	2.6202470385399	2.70519402033103	-5.97219106907909	-3.46602091139459	1
X2920951	-10.3020520086215	1.15551432972482	-15.3407789704977	-1.90339171031984	1
X2920952	6.52059047469304	0.212330928577173	-17.7237706195204	3.59641658622016	1
X2920953	-1.60217635451166	1.7590906456099	23.1323274002469	3.40882803003832	1
X2920954	-10.4027984452371	0.459179475509129	-18.5359979965951	7.38812827903616	1
X2920955	-40.1060988273628	-0.0296862807722323	-40.4428604697275	5.81209646717861	1
X2920956	-29.3013884556629	0.0522261589290935	-26.9967609208446	-5.76828373866405	1
X2920957	-9.15917063735506	-1.79433866609478	4.98610464011344	-2.16272502415461	1
X2920958	-15.1724151185655	-0.0898575824340042	-15.6123779939008	-4.91821630804415	1
X2920959	-20.1959552729546	1.41811177744786	-15.4682182111764	-11.2543261617737	1
X2920960	1.70756061922731	0.807133282572525	5.8784060255441	-6.684222714403	1
X2920961	11.5247287288232	0.205105247522312	30.7182490201527	-10.8716947741895	1
X2920962	15.1092283893585	0.768069088754184	22.4931692380757	8.47761077211355	1
X2920963	-5.52810174078646	-0.224148433522435	7.17642388156539	12.0643922621234	1
X2920964	-42.5910228762464	0.648550743190451	-26.820838244696	1.82485364360561	1
X2920965	-27.639309557556	2.31907496409525	-25.5890093854095	1.07268680507002	1
X2920966	-31.9887503301307	1.85355331678833	-37.3753073655025	-0.283930885322682	1
X2920967	15.8752740187531	0.244417799906801	17.0025355308461	3.23346274876625	1
X2920968	42.1078623917864	-0.673802596379455	35.0447874888811	-1.1833568321719	1
X2920969	-10.0349427241036	-1.47269976188821	-9.06394986163298	8.75386688307372	1
X2920970	37.1237892372067	-1.59765098583648	44.0518409662293	-5.61299849654613	1
X2920971	11.9755109970639	-0.934231449299947	17.5713444622056	-8.74241766915579	1
X2920972	3.5933226221779	0.7845171807855	-15.5526617445568	7.13444278308095	1
X2920973	-23.4700175101739	-1.46418300604725	-16.2779796643687	-4.0625142307937	1
X2920974	-20.7508833098812	0.140937588191297	-30.992354197157	-3.09188787424961	1
X2920975	1.05372568722128	0.325333470174461	-3.77621776549752	-1.13164677068208	1
X2920976	-2.16895056877142	-2.83968900902262	21.632042061671	-7.27371000954106	1
X2920977	-5.65704368043797	0.885234802289114	-8.71400131610547	3.87613944531124	1
X2920978	-8.16210981024661	1.80321925760587	-12.8807270783523	5.88934324921274	1
X2920979	-8.1621391430405	0.272920604703156	-1.41660788508497	-0.689072368465993	1
X2920980	-5.95925366542317	-2.6336574231251	0.80039424751976	-4.44987832829282	1
X2920981	-18.3721863074672	-1.82994636539062	-8.6322452163198	1.46541345505052	1
X2920982	-27.3294951949342	0.865869637447832	-28.9136046067506	1.25075879367716	1
X2920983	-18.6112293228216	1.15781860161077	-28.2919762791764	0.794702825434573	1
X2920984	-16.1718945839859	-0.107701409876163	-8.4104992455144	3.06998519761397	1
X2920985	-26.0188706279208	-0.838420348800709	-29.7218357031531	4.10839116087253	1
X2920986	8.13527129016469	-0.511431693573853	9.91943941188766	5.02798192876545	1
X2920987	6.7781374560103	0.525393156783164	5.34546046153543	3.72967829530589	1
X2920988	30.4201037776429	0.605032911908548	30.6737062044403	5.971173756421	1
X2920989	-11.5819010412782	-0.357987464001048	2.8959575585442	-1.3743303192543	1
X2920990	-24.8896024570497	1.68471374484771	-15.9098148036046	11.9065866336983	1
X2920991	-18.0895517477939	-1.14791459558014	-22.5687735875587	3.73267257821575	1
X2920992	7.66412592549636	0.153600932032604	-2.82810617861403	8.38995102799161	1
X2920993	-20.1014215548387	-2.67362371332871	-11.2233287022027	-1.22015906417192	1
X2920994	-46.2792065155083	-3.7617505214087	-17.3679799553169	-13.3418389337998	1
X2920995	-21.8895828271628	0.319713189340474	-7.82973210692325	-2.86869272285248	1
X2920996	-24.3267540980391	-0.0138245459653613	-19.1177726464275	-6.01107598890048	1
X2920997	-42.1009698942457	0.677906270637717	-37.1368056821581	2.16322185011293	1
X2920998	-18.4000861417721	0.000812943648356157	-10.8624212822259	0.281756439205406	1
X2920999	-11.1692162509814	0.776849463405687	0.995293606144379	-1.48111248324997	1
X2921000	8.35033859763125	1.84370308995649	29.2375317328401	-0.222412093831266	1
X2921001	9.73952081558594	-2.45996909495347	26.609657642406	-6.21776780248574	1
X2921002	7.87734291594733	0.171441138806841	10.9776088811026	-5.07395808194654	1
X2921003	11.9893643474944	-3.38052828150279	31.6402961700249	-13.6657230019458	1
X2921004	-15.2597961893435	-0.426925462784725	-18.8209519654953	-6.21620770799834	1
X2921005	-22.3825506473781	2.69264216814515	-38.5699559416754	2.96566146470716	1
X2921006	-9.75227836254231	-0.192898828434555	1.85632811179189	-3.09426735430479	1
X2921007	-18.1150757679561	-0.155463388843701	-17.3614088125167	-3.9567465635559	1
X2921008	-40.1790305036002	1.54792361657326	-45.2957828319305	5.24260174028936	1
X2921009	13.5102088236509	0.402474683855803	5.63314738357194	-0.920944170998654	1
X2921010	-26.0447651828107	0.98646177648437	-26.5224552210842	-4.81726531791285	1
