<Trait>	Heritability_0.9_Rep_1	Heritability_0.9_Rep_2	Heritability_0.9_Rep_3	Heritability_0.9_Rep_4	Heritability_0.9_Rep_5	Heritability_0.9_Rep_6	Heritability_0.9_Rep_7	Heritability_0.9_Rep_8	Heritability_0.9_Rep_9	Heritability_0.9_Rep_10
4226	-0.956695126121232	61.2012199886977	56.1922826585441	70.4866525044798	-1.05415306876149	54.6045147635414	20.662067778153	58.5864301820253	46.1824526387638	67.6120512189407
4722	14.138317944855	23.8584347078294	54.4844657413002	45.6351142735247	-20.8094945862325	-13.1829041809354	42.7540790941418	18.9051421500512	37.8589640269288	32.4873727051434
33-16	32.7186426500577	17.2286175165053	-24.6125602963518	-31.4844552508695	51.4299904611102	8.10969574799302	12.026201588729	32.5154383336165	13.7019261208388	0.611500456002919
38-11	66.2129878183434	56.844612787716	77.7957046282836	43.5725246044659	-19.4991431419922	87.1035192842873	55.7009020449868	79.8026884869891	42.9406862835834	37.6298936088784
A188	70.1336200457995	89.6562738968393	93.1821510408705	65.5597145120992	113.909350873626	78.9042780201434	11.7597948126544	89.8671670019078	67.5993448239443	90.5907778624825
A239	50.6399809013558	-8.86275618016474	-23.2668854438539	9.75746790660799	2.9464683613359	65.6772981062592	11.3264795068416	14.2874740473836	4.87958036691463	41.804648746907
A441-5	56.0792491159403	111.622002580751	125.603536907286	134.575125476051	121.997017208335	152.052412333204	108.852537373814	137.51801527194	145.33605813921	138.239268605606
A554	136.963387625341	131.660216516405	169.656115008203	132.622390881396	120.981205019294	86.2306977215286	102.501391455375	117.44443434812	111.616709470614	153.351041461355
A6	97.3236137053962	77.6288406564993	131.037696607814	122.823905748457	135.159111664063	126.257346977466	128.368954469407	110.782725131866	70.255328489597	96.0625404149522
A619	-89.9914568662632	-117.762412475633	-169.184320962468	-163.289175918525	-175.451355789181	-95.5339364137637	-141.622890013247	-128.800602691433	-124.935542042042	-151.294868624548
A632	-62.4555362575213	-68.3235494511089	-17.3085511020741	-30.3215878295785	-44.1192438044233	-41.4883759936556	-74.6258959270848	-73.7329455508147	-63.3339167260202	-41.457036521453
A634	-91.1368033100828	-57.9115575301908	-31.9479501457116	-23.9540119360568	-36.4276210089116	-71.783212241856	-62.4283195068929	-98.8199360269215	-20.9642217333623	-27.7848305732158
A635	8.93094868749781	4.40994994225519	-43.5950238053759	-9.61402634788297	47.517051579857	11.4985506238463	30.7945658150529	-12.6764215453587	-9.54958717108809	-51.1542393596744
A641	-26.5425375069995	-15.9985235741331	-9.80720742754565	27.4834306210583	-44.0584449633613	-75.3864947841704	-43.2650601059411	-2.00638787851806	-27.7514218099624	-15.8877439306328
A654	-65.2640405431135	-76.8697948871629	-51.9693880144542	-113.288353907999	-41.7810626218408	-58.9435750354069	-13.8555684623103	-26.9150263423131	-28.316151606621	-2.00332726902031
A659	22.1427545765174	12.5523929570397	-5.46994143121065	13.2846044685546	0.321987603910525	-6.42424895739988	9.68162708912468	-3.3475661051126	5.05127086656139	-16.4245293269451
A661	80.8320860141473	116.616253385206	84.0083797165977	83.8623119505567	101.367371610366	67.6315200571934	61.7449124398597	82.1197446931617	106.079290446842	95.397086331202
A679	36.4289228492001	20.2907840728972	18.6454093321753	22.3469379004819	57.9581324598907	46.4898729410391	81.4657429143619	66.0665568551215	50.719329648245	31.3860483947559
A680	-49.3497484618378	-16.8905846369904	33.8235507530964	33.7497300787279	-12.785996532957	8.82231088536111	-9.33936215177933	-24.4258143951558	49.0065032723236	51.9448217493878
A682	49.4651938737649	49.5353251385799	78.1328357031208	6.06276509720316	7.67060362003062	57.4546383432286	21.4894864741235	98.7351957900367	59.5007510977613	72.6460228894757
AB28A	56.5521229144365	61.6617326388003	59.9822008390063	69.0263060972607	76.7278395919438	93.5882690108609	70.0675137666926	74.3791498942091	37.8523829759462	60.7521900012301
B10	35.9598219840321	48.7150923194126	54.5605521748812	115.298184615957	60.125678813878	80.9138536968292	54.6255550407926	88.920245418073	95.1994928493941	38.0599784208773
B103	-1.3332058770847	7.24260803616907	-23.7193880189153	-53.2961481217274	-52.7015931856469	-12.6872468383118	-23.4043692065942	55.0789749626473	-50.3377576291701	-10.0046684911936
B104	39.3343882381462	2.59420173687013	-34.4125822978435	-73.5652685706635	16.6923665462695	-54.3381698388773	-2.43006284829952	-0.548809899810845	-7.00188723138076	4.87381225228389
B105	71.1304856433318	73.2393386990866	91.2383689602054	86.5552435419583	86.5012674090042	87.5001811356391	71.9623161428626	64.6629773190681	100.658130453135	55.7438833890914
B109	102.092805274759	106.779458731621	145.613566300889	152.094259194505	132.503621580101	141.087933745663	103.372685485821	96.0157298647952	116.172718550096	107.663270659034
B115	25.2315414625268	46.3909335396439	39.4347417633071	-25.7887852059886	0.0413462816895898	29.6867784695697	-0.0807773240346528	-6.77113015330223	-9.05272789916989	40.8483148489903
B14A	-107.638117993692	-109.677717080537	-78.602832103082	-82.649594231348	-96.5711399863368	-30.158590074476	-37.3420850221181	-69.3711407449958	-103.088742039927	-103.90820258521
B164	151.355365864653	140.564424079346	137.414527358402	123.622496566849	125.846922304083	110.566120831004	192.139289711671	154.812277284962	176.025147637746	148.97388242385
B2	63.5921139407221	68.1388722220285	39.3921728311332	80.4868628643749	59.2310472386397	31.7999582981924	29.6181514738361	74.0449477323211	44.9198179562602	57.895847667693
B37	170.382123768965	142.823649170332	164.058399212819	106.63746188035	191.41839865296	127.154016818422	114.996369472953	114.196539002734	107.469246925487	108.096011579708
B46	32.0597233036817	-12.3328114721979	-5.23108974680756	15.9946637272283	-1.30009261525663	-3.27935430919768	12.7841574442965	59.8269525196611	-0.168949173469249	9.41735087028247
B52	-16.0702482578354	-20.6406846937209	-30.7077685678665	-61.1812056202427	-38.0799898700513	-40.1866562784973	-16.1442852923568	-77.9000441180075	-79.9276099486084	-40.269377118597
B57	-80.6614133189869	-99.7612739102264	-115.381374475919	-88.6124673232173	-105.703460183174	-133.808569649624	-143.329239656984	-91.6944611709455	-112.724913654331	-67.6395156684311
B64	-94.5962414852079	-108.126563240545	-106.814520383159	-96.4815409792484	-85.4166723804172	-80.3231717461818	-81.2415511419105	-98.2231984149806	-96.75699147351	-123.826311515226
B68	-51.7895380872887	-6.05730221946923	-41.3014462377222	-4.40394403462756	32.3448357850758	-22.7859786427235	15.5836218586044	-49.1037782862286	-11.0532174261413	-49.9582314874206
B73	31.5198418713247	23.4661053949295	40.5281100836699	4.24410166684111	42.1648611430455	38.2487499921783	9.92754258479449	37.6459645209126	14.8022707519205	29.2537581634275
B73HTRHM	70.397574458185	75.5878539305654	53.8027385410924	26.2023006116558	87.275069888966	77.2259493444526	38.2346807761704	21.534147046608	69.9813076073202	37.412262226598
B75	-70.7457135512316	-72.2526349120273	-86.938009466191	-60.0636553865447	-33.5001080759177	6.67334847683712	-43.3950296577901	-8.60920234372863	-70.0325936941207	-35.502986667262
B76	141.705926518587	192.992765924941	141.880202867893	175.22735346017	145.334785938644	211.852916959216	146.989942351825	207.804510147365	214.237152170793	160.774468762284
B77	-131.623395960802	-87.08822716506	-138.244106207355	-96.8268632095695	-77.6546564557046	-124.328580652359	-129.554362696828	-96.2125953882384	-114.940680461899	-161.304775088524
B79	-16.5271067397404	-64.9469711071245	-60.2256465750592	-41.8563814659412	-15.9810475896314	-75.7452668659136	-34.4416165409909	-9.79208554198011	-40.9976672166879	-43.7172506468723
B84	80.3335901862491	45.7126418906905	35.207809530127	74.3390114015713	-26.7785604437605	10.6691212142696	42.6239557720404	35.1961017679579	66.4576764748778	44.1453806593043
B97	23.9153735186699	-3.49951664160252	22.1083817384221	-10.3337924582969	34.5203176998475	6.54693416179854	-9.94618090348082	-3.41267205146275	17.7431199534495	-51.0162148237601
C103	-79.9763144981323	-102.22269802916	-32.6874964267244	-34.6935736677826	-52.4967131257326	-76.1392711682168	-35.7633236703785	-95.1655601775795	-38.5094036178875	-77.4709374904657
C123	-109.828172529234	-78.911817139864	-108.223040479169	-71.437560183669	-110.053377422012	-78.9418013477138	-104.818071018473	-69.9128677133839	-80.3304341348371	-74.8539991684735
C49A	121.265391828196	142.227881150058	142.088826331567	183.551947745778	126.011153441003	208.033864914411	108.846846535068	129.467574762648	146.058475743666	167.544427120416
CH701-30	-142.994492599961	-127.943114929223	-121.294190557736	-75.2280254663493	-84.99346258592	-121.314327438661	-65.7515809304325	-116.744280072533	-151.644661956991	-145.561646131265
CH9	-13.9408049744996	1.85453508262291	-21.9645344662839	-52.4896006655567	10.3807251248705	-28.3918744409705	1.83175096759159	2.67861088268754	-44.4355940187666	2.42030121494505
CI.7	45.1115509776728	80.8757195195288	58.0505443670233	66.8912785080437	92.7283188245292	75.4675692861616	27.6609757949052	82.3029892665252	46.0088539215927	90.2505662682514
CI187-2	206.617480756131	195.792850349203	172.850921461998	198.435433883	210.148597750868	192.707846890757	192.69165652942	205.770720441068	186.584128702415	170.591656703376
CI21E	175.242215832408	130.900405526456	167.935665954518	126.32614332038	157.618816741993	162.151749513216	118.764650562256	110.408625270994	158.607373020845	128.39353838553
CI28A	93.6372287691413	61.6181664504547	79.5615619987773	55.7961074075047	109.111385516576	26.9859193523978	8.10539573999042	66.223599750664	87.5204414211186	86.7351892793158
CI31A	-77.6950720165407	-49.4176417202412	-28.1535648107426	-37.4636279840928	-35.6673295354675	-89.3216114519089	-85.0084809820262	-30.3011926647762	-59.2754134816432	-46.5265823841699
CI3A	15.338859597226	57.9439183259713	23.7364630937688	62.9884725510735	18.9824902058558	15.9626213412117	31.4735908549964	36.4851933606236	4.62441491496898	73.3669725924131
CI64	1.5163299413243	12.6375811673557	39.111523078461	-5.27283050202994	6.41437719369514	26.8676267397166	-34.1560994173628	32.3544544989539	32.8319963301983	34.0369144791979
CI66	21.6341283661218	37.7092206050549	16.7165705122594	26.3371740392255	56.5524381389326	47.267698010399	89.8780918381335	65.038658467302	102.485524705764	31.484989218027
CI90C	-1.92138495908238	10.8800493408613	20.4321353480136	58.4440373764046	1.65444144539271	48.5684445640576	17.043620724582	27.1964965864473	23.3928367106423	43.0082730366379
CI91B	217.22637165	150.210958518924	208.40035252378	188.242698554217	192.915397822489	225.646027200231	184.97215920029	176.130091168448	224.729641306967	185.184150401295
CM105	-14.9634551257688	-0.190736858268224	4.57458026853631	-17.2714158551018	16.1474360312035	-21.6317062922905	-0.0250361318574068	8.67892283455801	13.3570565516592	-47.768652917428
CM174	115.599085403277	79.5747133829935	53.9196438608212	59.8403524741898	120.972360130439	31.8422160420984	87.9468675975642	85.2028278745618	74.8412302495814	98.3300782534383
CM37	15.4540150229982	5.68586083650277	-39.760709851728	17.4678803893677	11.1719475340506	27.5831365095762	23.1296921412866	22.232240216134	-6.62388578428734	9.92113774570199
CM7	-14.482170703615	-38.973254026394	-3.00644803558214	-34.4025800602329	36.918932480194	-20.5721445781071	-48.4593175121141	-23.061825984615	-45.6789778481837	-35.372419749392
CML103	-39.0315878423917	39.3009605731981	40.0587134341855	-37.0601619461009	-17.2240726834967	5.62092556798482	-25.2571792475746	22.5851609056191	-25.0520369421775	-23.5316754587672
CML108	56.8398577391598	81.6612668843513	4.585864246965	45.6583480577939	30.2326420257756	95.320199905352	59.7838920765482	19.6535364987848	36.4539806386935	77.3745856871892
CML11	-68.7170132355747	-34.3065882044773	-84.1458166116938	-41.9773797989119	-68.0598051971891	-21.5294658359834	-14.8808065213054	-109.671532797017	-7.64462734499497	-15.3552541759765
CML154Q	-55.5889337014381	-10.7296609333264	-9.49542606974718	-44.9993687255391	-32.812309212315	-24.0544201546677	-15.9887376640184	-31.7039342597865	-43.4594137887403	27.4755132040863
CML157Q	-52.2711440985495	-24.9666528790752	-5.25697703359047	-51.5176188478609	-53.2967939440294	-40.0674290890661	-87.8130731011541	-70.0759646456206	4.41817466445105	-66.5171243951548
CML220	53.6394197122688	-1.17142290304529	37.8732589824326	17.6793977370592	41.639978215545	78.0793543694503	36.1310128161871	88.3130944424447	93.8492057556577	48.1286525298955
CML238	51.7790461738097	19.1756403332573	24.0303341096814	22.7627677705995	4.13479738371388	53.6499276009526	39.6339598893891	9.01110121304902	59.7218208084965	23.0829702352116
CML247	23.2655736844879	7.89989495080798	29.7994610983879	-8.28155913506901	29.20766987089	8.96812255834605	39.0570495445835	13.06702847714	26.2360194219904	-11.2180776324785
CML254	-88.0159436188342	-74.5369091993519	-132.735733762914	-95.9484878939151	-60.7241745808966	-107.427725684031	-85.0356203743564	-112.11530557822	-77.9838660794245	-106.388488406171
CML287	99.6444173421691	110.870955840473	59.8697396952674	119.852965068099	64.2979833792616	94.3154565744815	59.2239996095134	86.1527785544636	127.083399941735	77.1091038583384
CML311	-62.8020373795342	-24.8597953609239	-45.9506354386375	-55.9905946285959	-55.1733993748329	-57.3054772436435	-42.8689159952411	-99.3789649426722	-56.9611036935801	-26.4899337937472
CML314	13.1511938543614	49.0879272555523	59.130166708853	77.7035180831464	47.9127602057537	46.3618736675291	39.2166244560084	26.9140641423215	32.4130804802802	49.5884713637352
CML322	-52.451243239767	-87.7473775382322	-74.9027055366345	-108.518602707553	-124.991364293841	-100.337159076998	-71.4469450869919	-66.717423094062	-94.3837111202353	-102.997716951316
CML323	96.1499107784833	47.7849713607511	126.949504814321	46.6837486654621	68.1851194934195	82.7983658722038	96.9912427889661	77.9217020572087	68.8561420866335	67.4844485694688
CML332	44.3279892050435	7.61002574840945	-3.52122097136319	1.27537974764103	34.3793098322007	11.9002490777099	50.8490851904085	66.0039997945185	46.5595214216661	4.2105793512824
CML333	2.76374335285581	-47.7260472300202	-12.0908394402366	-54.5280843749592	2.18273079927673	-35.5002871219219	-37.1546163571905	-55.2207626233383	-36.0515903475024	-43.8888759559618
CML38	-52.1002024026216	-76.411724279064	-10.8453814495926	-82.0385190141143	-109.358080083179	-76.9409839099869	-89.6817045682127	-97.0484160995871	-130.890461677426	-63.1585765983562
CML52	45.0145164399246	41.6290519489475	14.5373488423959	1.07856590275518	-1.49692171952974	-32.251056767768	17.1429719126095	-23.81519080133	31.1876894429636	4.93253617747625
CML77	26.180155166624	38.9003238229899	-16.7561196754582	37.0491580538068	13.3068416749687	29.1482316197766	27.5518503561357	50.9035429316822	10.5484087717105	29.6925317087682
CML91	-18.1264800919994	23.6399022522743	65.6927207024025	20.4809121957464	48.5546545834328	26.750168143185	51.8498355724269	43.5256699923263	30.4196620604671	28.0806987446371
CML92	-33.7910738015814	-45.5028703037182	-4.86561832907488	-129.730742300656	-49.9896873392897	-48.7248950589504	-75.688959578625	-81.6310145526673	-92.0763115020941	-33.433350057069
CMV3	-81.390375185527	-26.7771164466163	-45.3950813084643	-38.4561041501821	-20.1414907757238	-83.6156939269449	-97.6773482608071	-60.941047064561	-44.1219684851458	-47.990476544539
CO106	8.34792083205084	-9.47448161652205	-14.1655075297667	3.39530517159439	16.0928892066878	-3.10027060614138	26.9920468271743	-22.8896696362932	-25.634528706139	-0.401417814755625
CO125	-32.9414432882396	52.773151714281	-57.814996326136	12.3602840108368	34.2574892067249	-18.5622493318265	-12.0280668284809	34.0425710119236	-23.3139177412862	3.28517425580493
CO255	-42.6546974616869	-26.2395655081534	18.4579700640731	-79.5041564485318	-26.0783137836809	-60.3877006851954	-16.9400648872601	-58.0002001774134	-18.5528996999626	-23.2441873545402
D940Y	21.8637798697398	32.1909190236111	3.37011167414144	41.9311055824441	41.4444844979547	19.984193902728	34.4426508419407	15.1174241758443	-25.566010195038	39.9757536625382
DE_2	63.0295442040053	27.4470473962541	76.9166542446543	109.541276633043	109.506564110103	109.014725991107	83.2385032658348	103.047233126982	72.1908979667491	81.2100726781794
DE_3	88.7590318590281	164.064359113413	111.882991877715	126.415086021304	147.43813383816	123.10165505895	143.938408239868	126.123780767426	86.8989652684573	124.838240044893
DE1	111.113610551777	114.73052769883	106.213883398109	127.250528049337	117.449855311006	96.3572704343635	119.390031941791	82.4583684038806	117.234936931618	111.457703810738
DE811	-98.5263013812368	-78.2452361624356	-97.8057397133288	-72.2068480564554	-92.2344202874944	-88.024732175505	-120.003665919389	-48.3270856170884	-50.7408080552468	-95.322403074117
E2558W	15.9051605212256	-40.7001319134728	-3.22662989556197	-10.4704617690915	-12.9167809092069	-11.9140562878992	12.6025009014401	-3.42952366210764	-26.472376924076	-12.8241969298227
EP1	-54.7553445849401	28.76282669022	-60.1752053264993	-33.2856313817621	-32.329738597175	-51.8101939105341	-40.1552302760764	-41.8567137636416	-5.13567043216512	-56.5508936602828
F2834T	46.2243812070084	42.2986533578202	59.9683684974814	70.302630152868	-2.34299672065048	27.001784791307	30.429057749359	18.855258002196	40.4770830935721	55.9179406004467
F44	-119.015742052608	-139.238249614837	-113.105076458434	-126.091234390945	-121.895880940928	-158.100293607055	-138.507547538463	-187.914735827519	-118.763576691018	-117.866934877467
F6	32.309639363783	81.7168621208682	54.3059163330713	73.8860652543566	47.070755543263	37.4728658294402	58.7287964753433	29.0029577946606	58.1346647880996	16.8181892521188
F7	151.078336861885	179.539360235213	169.559757942485	135.702253474643	164.140248112745	150.856011694161	95.6799604562061	131.621815101898	149.370905336224	167.754684562452
GA209	114.74518889744	47.5042447687808	108.284403480006	94.4456527175091	147.288887862831	138.320211187334	138.014522255201	113.053843540122	125.021451807739	95.3145658131269
GT112	44.8095471414887	62.8547529141484	14.8493763475042	75.2879347760892	-7.20971510573126	55.7896782780884	47.9171177219646	49.4349089857738	20.806664243651	67.3919551573743
H105W	10.2608530594921	-8.64512509994783	-18.2590123760202	-28.873872358249	-46.2972796850889	-14.8358005994536	-51.9343864563866	-25.7520981162247	-9.64898347704489	-8.53550938924454
H49	-29.1469821039047	26.5844454728724	0.0705978323986329	-27.6341793130976	-4.53438748333183	-66.5223779893259	-34.1214930333847	16.9322929590331	2.15793458639887	-40.8173501527699
H84	61.1837217656204	12.4413613148161	75.2138532967451	68.7081271914416	89.720390601332	43.6254354611182	79.3313996692976	47.2859965735458	21.0176423792078	21.7477781897367
H91	-45.5675700978559	-28.6745792967867	-60.8460069423379	-81.9245238621034	-49.8133350257429	-38.0421624938832	-57.9516885110633	-98.7676730098017	-65.2441721588972	-89.7100001024051
H95	-34.7800783799712	-47.985192397724	-38.5766493814679	-30.4213482459567	-49.3813190064678	-35.7816135789681	-7.71926459605029	-34.0014632970732	-62.5693703052064	-80.097121954647
H99	-15.814144225425	-67.0759124537428	-28.1058462984567	-5.67295579552125	10.9449633343891	-4.59897052629938	41.7534790334506	-46.2843906072688	9.65194970079066	-24.5631803542924
HI27	53.0187500287913	24.514133665257	84.4753107283269	14.7189527970302	54.882958694454	73.4113938331386	108.096638447385	80.0456201085051	17.8208819958591	45.5223018964475
HP301	62.3684063729562	46.1911903745251	8.4244170511049	37.4116759401388	65.9775651403364	-14.0339949911848	28.6699205892676	31.8772818364041	-6.95533184799041	-7.62493161437167
HY	-37.7558676738007	-6.0120986324209	-11.8192656694565	-16.1058613245278	-31.8591626988277	-1.52483945362529	32.832558250422	33.4564327797471	-9.69804299708061	-20.4806480867277
I137TN	17.1349237047299	45.5365909077695	64.5568384917767	54.5881351216824	68.9155052692061	38.7178095167401	48.9324750890845	16.6321169392178	90.8189960326503	51.8334701825036
I205	31.9764649280729	-7.74533816603184	12.1277653105886	7.7515368934218	40.3930747857149	-23.6656135386894	81.5472876579267	6.79289736607668	45.8814074042389	32.9508096418636
I-29	-44.1676952988465	-28.8080365643975	-26.2311663506255	-34.4801406698892	-40.5891387893454	11.1396985570736	-43.0461041175882	-41.1997755797875	-45.974135684731	-86.6890814077883
IDS28	-59.2277304407748	-14.5486058809551	-27.5890994907434	-0.208456083758652	-41.3731495445397	-31.0310979190155	-24.7296180371744	-78.2118121925952	-7.14464981548366	-17.6076723009456
IDS69	-45.3314483474916	-46.3233125367849	-16.2045472278078	-25.1062837720637	-74.1927789163915	-48.8579995379032	5.07278706446386	-45.5474559464987	-67.8546722761169	-47.562202078621
IDS91	94.0900668159444	86.4099882988312	63.5814489389713	55.5232532650866	45.6484865813318	39.5656621432532	60.1645522640799	89.9213733855026	48.7494841488293	58.4062452325761
K148	-156.710008777325	-146.415437789246	-207.636298667423	-162.404960381495	-189.539367533809	-169.875937323494	-166.8508865112	-216.707387949045	-158.846882716492	-159.439871199557
K4	116.408133707688	170.576452816673	119.808193293401	146.507081333685	115.74637267536	138.239191674301	180.462268132606	132.488393780596	87.4151851871604	115.453211066268
K55	66.0962078695196	77.9447102276371	138.72205234245	75.7681399438109	86.410140277522	84.6990817696992	126.293831281435	80.6389557891438	89.4813438529953	85.6033650605316
K64	52.5692038813156	15.7257312984919	34.2219098877904	-0.477410400008889	6.06310417522013	13.4030198140766	-14.3806465241876	4.9629926724224	-7.56665755285717	-17.7340766709661
KI14	-47.689713028682	-26.7542351853051	-4.99308712994991	-11.1661678825255	2.6529266980625	-26.9698131858404	-18.6994819047724	-37.4802912842745	-26.2452636250702	15.1826546411522
KI21	-6.05288477606459	-41.2422901846882	2.81692567617895	13.0418087256308	-15.7131714132222	-31.8491564450561	-4.87696149433113	-29.7433551962322	-32.35731169633	-9.67530583016116
KI3	-153.464240503519	-191.90021697527	-143.340367108242	-177.775604100422	-184.288686286832	-165.82238022119	-93.9538606642237	-176.722700876271	-139.618124691708	-160.859118368353
Ki43	-46.9900593430906	-6.50521991205974	-26.6502179578688	-23.3079652560477	-29.8360529350144	-0.724692330995623	-69.6664667531734	-70.757443688687	-69.5481207664672	-11.2366027678769
KI44	-11.6620952941716	-11.7749078658575	-17.7847912718476	-36.504997131359	6.45049535483884	-15.9178159713096	-3.86315626582206	-16.7026837769136	-58.9553099397852	-18.8023265839827
KY21	-23.7105021328463	18.1399437697215	-30.5408584636102	-36.3128082471613	-19.8606794912615	-7.50448247210066	-52.5468944750981	-6.37396031717618	-10.8574243282637	-28.0210664132871
KY226	-45.7646848607614	-52.1873116131069	-80.6823374834528	-37.9638855829333	-64.3679047403461	36.8612865294969	-48.0668529076053	-76.1079948307393	-48.7687750190223	-22.8766999926413
KY228	-196.462162907699	-176.480894713866	-209.201325433677	-184.859040826053	-185.192223588605	-152.997653850705	-190.765446352222	-197.661008993217	-194.985480918001	-189.761744551943
L317	11.0866068362069	22.9441291862336	-0.343217315424408	28.2466030934095	30.135185272513	45.1381428421917	31.7617320646295	-13.0030442583765	33.9767065145197	51.9185785326138
L578	41.7063202062323	26.708392083605	-28.5426509600003	-21.2223896858491	42.2497383259783	26.3973874104491	30.492276741797	9.95937335610625	13.7460048716219	-12.270418345264
M14	18.3604764493329	6.92971057954817	-2.08688433584458	-20.3609196334015	-27.8397535183577	-1.58256204625272	-8.99141057073388	11.7137611514972	-55.9866120723985	32.5333865097759
M37W	-33.1275929431017	-19.0741292559406	-22.3918176293651	-15.4101301602648	-36.8623653205999	25.5565980628694	-24.3603775895119	-18.8358916149868	32.5744056489696	-9.46019325147724
MO17	56.8658047688062	91.5150314723927	87.4286642841032	52.4438766260194	95.2463116852983	89.9691876099189	70.6229509120378	56.2683859014268	85.8705815396018	58.590869812768
MO18W	145.222343471212	127.923476103646	117.517110755167	97.8064424776474	126.467201455427	71.6957607018642	108.895611254132	75.1590201934949	93.9285805172665	122.787162342865
MO1W	-126.5916251125	-96.4656301582607	-105.683007322278	-152.672714973492	-165.592882038809	-146.953684940411	-120.386269568366	-163.433394623133	-147.373599295601	-125.740216111328
MO24W	-120.395101709476	-100.344376187952	-100.032454931017	-160.919381910386	-88.0136337095792	-112.675701218401	-116.047172911561	-84.3419422060766	-131.579860519714	-105.826334124711
MO44	108.432416710254	149.584220614628	145.205459722261	118.41599629681	133.256724402065	143.221792726828	155.111157069345	120.258689971969	162.904863098845	157.065380838395
MO45	-3.28571289898023	-20.0945259792969	-62.9759662095609	-41.2217448272051	-29.6813310182535	33.5804502540432	-63.4159947154295	-24.6346134676207	-5.85724578494516	-19.318928485593
MO46	34.5756131069335	-84.5859506015497	-28.0333578704146	-54.2856567129243	-32.9216236324378	-57.9485257649268	-54.6378836057263	-74.9138288254961	-54.77831272404	-61.031048430116
MO47	-94.5803400176601	-24.7576771140647	-58.0270914018646	-37.3800800849293	-46.1417056512235	-47.547626556363	-86.3888242711287	-22.2195754669807	-15.2217763230649	-47.5667500643853
MOG	49.9904689786437	73.0727403055539	7.9614710937403	54.8420864478161	33.053277506069	33.7368403146693	16.2445621145524	36.2924213794172	45.4844996220049	65.2940480153513
MP339	-20.6175548359971	-16.7473946054382	15.9600453892173	-18.7941017930208	-14.3538126703107	-71.8842742575142	5.42859226669793	-61.4870912546523	-23.3841083237758	-17.7163007228239
MS1334	-28.2928451727716	-62.6713982580922	23.3465224706831	-50.0006164848807	53.1928092182045	20.7898385248057	-25.0491487973411	39.597245302966	-41.936172764463	-4.30380879244916
MS153	-2.04953397792738	-17.6036113549917	-5.58802412558687	-14.1356814514294	-10.4122961697149	27.1820571958184	5.95614918434408	9.76397578070789	-12.1459023058075	-37.0151444153787
MS71	6.97185817906258	-5.10346097759737	42.8897100370938	-14.4164685649095	26.6530774090418	30.5851605067558	40.2746447829017	37.0423434421586	48.5506466425539	41.2722502130972
MT42	202.255796360379	148.522535259947	239.600887243367	248.357650474351	183.016222574182	213.125780442823	190.438710309901	166.170843349232	173.616989097044	178.983654912696
N192	56.4562475045937	88.1746082008096	72.4309131405732	46.5344830346032	94.8866258362026	2.22498837284339	73.4673103048649	24.9999952484944	58.4651472091054	17.4368992732155
N28HT	-37.4382661115209	-36.9783664985265	-9.00641950624643	-23.2516549429755	-37.0877451012171	-18.0258507911852	-37.5728892830625	-8.47052393171655	-15.431830144157	-56.2986176903885
N7A	1.20258305280524	38.142863271631	-3.82820814791846	21.4923557895524	-4.97885037200597	5.8670487076226	23.2702564816767	15.1091905339048	-0.76262706183686	24.3413747503951
NC222	59.7154280223599	76.0688494846957	69.7467849727834	58.9361121152285	94.0197546343503	88.0800610898746	100.694290154422	62.5774934085862	60.451123426272	68.4902115209099
NC230	28.4854383967605	40.1133061681121	60.274344317427	42.7261703275844	-10.4424143682861	51.8251163915706	74.0748027426465	22.2202265237091	47.9077095718726	31.8271691924179
NC232	-14.2776708593064	24.8100726445996	66.2627374279664	64.4163476536918	19.2173866093	31.7010188476401	12.3826890066256	15.2979910450906	23.6131876951041	-4.12873632843191
NC236	-85.0617914058952	-98.6698647072645	-44.9328271707904	-108.866652783894	-83.222742125554	-71.5432657532427	-80.9757600977526	-96.8601520972349	-62.6467557081113	-69.3591822960472
NC238	-10.454363383002	-25.1440852695387	-66.7412682718091	3.55565568429291	-28.7506240775674	-37.7269692904964	-37.5921343884002	-46.0645756202904	-35.5376096167175	-32.5268238256814
NC250	79.4035609882026	95.3988961094989	100.354825286307	47.1189489894795	86.1022800158258	84.1469157500211	104.548839012683	84.7217333628556	70.0138609463397	84.0872810843123
NC258	45.642399733623	57.1650854816503	74.8496490380337	61.2533795060516	55.2527640118648	78.8159506270293	29.459649321517	88.0965065154052	85.9040239151671	14.4182570206224
NC260	221.601484824467	239.923058099323	215.236836888063	270.475983898853	230.223663640558	253.461472273369	210.713517977012	252.546956543106	205.291168389718	247.356246533984
NC262	58.0149808513202	65.6343480397677	51.0219964192897	93.028018247257	44.1512460822804	61.8726965461709	132.187993008591	103.561627979364	84.5964592323618	86.0122736368542
NC264	-92.0593789372481	-55.147165457555	-77.4380585129131	-29.7793602062402	-42.8902729565848	-43.4429992607334	-11.1300318302644	-23.5024862220377	-70.9112241898137	-17.5209348391383
NC290A	-2.07495464427657	88.6613418818088	106.005518003152	77.5213188598915	100.600622579036	60.9835905598458	111.102680734341	100.751006872679	90.6290321947644	57.1679218397559
NC294	9.1379257801735	75.571347451509	48.3596227731986	84.497703580067	15.3664460584409	40.3922397783556	12.6240971352765	45.0343461647172	39.2856782041584	83.4814456972501
NC296	9.29942121864524	54.6787804352989	36.3184424977448	16.7800103154126	32.6365820958533	19.4514299051524	-15.1510786483492	85.8027258195422	28.8195963891194	28.7321779897926
NC296A	56.6271839819416	133.556538597886	92.8270654730711	57.7001462828276	52.9889600959274	88.2166953691097	108.435088287871	82.5238851705449	120.835766290592	53.6698851727762
NC298	44.4722490619211	80.218944342641	23.8236024909348	61.8192352684729	72.137930059025	82.9942711273869	73.9680587344059	46.4397241912343	43.8723274306268	90.3986785574971
NC300	93.1644458461904	105.05682630906	108.307856610864	81.7925398470737	127.379864802997	113.014747735591	70.4823653848991	78.4740718278405	154.034268742634	76.2138302842085
NC302	-24.6194232949351	-40.3658968455806	-79.0821018044752	-66.6989783715479	-37.3020196119079	6.32342002090903	-57.7495091618818	-97.9025398413772	-28.4137857532351	-72.7341857797819
NC306	-23.0279700851674	-36.2494769585846	-45.2528845971372	-39.4592565408663	-40.4900772254646	-47.9126064583654	-36.4501527259864	-49.4533305047606	-77.6299478748025	-45.4687528076774
NC310	-6.91204418154798	-8.6321099775588	18.8653188029588	-0.994329898808733	-48.3276553963527	-0.727238575619701	-31.9305500034411	-23.0963424553838	-12.005749509786	-24.1859277439027
NC314	-62.2275399517096	-5.94568717042771	-72.3047979655673	-59.0920174317055	-15.9343292363355	-51.2249241271465	-68.8800865719924	-68.6715374973976	-81.1480993138375	34.3694489810979
NC318	-34.2816518015977	-40.852064303267	-11.6462832634678	-54.3569268238678	-29.0508114848988	-37.4992472145437	-35.9186190603538	-13.6932125661626	-20.0753858344571	-27.3024327131784
NC320	-34.6472765595642	-40.9650793340491	-78.3720866903796	-13.6065069716296	-16.7084423902652	-49.6277307358909	-38.7308120260278	-25.7842818384858	-23.7925701222517	-64.87690168476
NC324	-35.6253600834256	-13.6415385293007	-6.71206892388209	-61.9496138311305	-4.21792262857808	8.65067860157025	-10.989514692758	4.08452094439316	55.6861375506788	-61.5438785637677
NC326	-67.2748160805539	-32.7518628232774	-57.7915228383333	-87.9979506452044	-48.524382091929	-30.8030771787734	-35.6387112937853	-40.0578279332927	-18.6153608882031	-97.2989298155385
NC328	2.13324896007909	18.1518114244793	-31.0668285811744	0.60522848172875	12.5256059433365	39.7964032275787	-10.6409300550934	40.4260745474764	21.7236555301976	24.0463588244142
NC33	5.27094260654605	-47.2433952464389	-34.3185560358313	13.1929467562163	-18.2472152066841	-11.776111030694	-32.8685772183638	40.4082638285314	-4.59175851022488	9.41119258350836
NC336	-30.9931248270852	16.4946089413598	9.02071788219584	-19.4937012384942	-2.78464961946252	3.59355061816173	-9.4932472518802	23.7139793647038	-11.2680607153645	-13.5273261914191
NC338	-7.55149713974788	-2.91805219983528	40.7007513122699	-0.430272619085108	2.91450538638526	9.02978785477498	-29.2245776167798	-13.1730478451947	-35.6519358870775	56.1864021997237
NC340	124.084446668117	128.183904967381	84.1896135127672	106.961678621807	109.680607527371	94.8224156459541	126.381345703502	130.250089546668	103.221945014015	115.335754414101
NC342	103.551555793906	104.72088228521	27.487314327327	130.012123782574	92.004643133183	83.9306842440227	104.604001681905	45.8495655599813	65.9191009874107	133.316348156447
NC344	-79.5822301609693	-32.5964103882686	-61.3246241519959	-3.53981536326156	-27.8678278052152	-31.5668296701793	-41.7110341750823	-45.4104612978245	15.5146851548026	-23.5743282046126
NC346	48.7218403505678	74.1509918597616	62.9906542935296	39.805840906223	61.4615457549469	54.3762101843252	91.7900397093409	73.7928072734009	94.9341875649047	75.2002083127409
NC348	48.8142646891807	117.434933954037	35.6200076574564	132.423450053449	105.675155950844	96.1155648558626	79.9332405451348	111.70858363672	80.5151917508523	103.664832765815
NC350	100.388867099529	25.8527766665694	43.2871660046308	53.5754516667422	23.7898257873908	39.2479191866584	38.8103777412903	78.8302712099385	35.9363417452735	68.030145527074
NC352	21.1390526082751	-32.3945050787201	6.77643269353625	-18.6185646809821	-3.14811820222979	47.231648267328	40.0502286908011	27.7160056034362	19.3025652214662	-10.7491853987062
NC354	-71.9999941800819	-45.0097908340548	-46.5326571158353	-47.3844242149268	-28.3549989454055	-86.9828177862352	-90.0709185198057	-84.0025744372968	-43.077833610534	-59.1949624171899
NC356	-69.281609363389	-81.6580236522568	-114.403345917544	-98.8863886477867	-93.6098574214603	-114.973851929342	-91.3527813341147	-129.417561120226	-110.885012911215	-114.074075879219
NC358	11.0984467982117	-12.5410331256526	-1.86076054636695	2.74856515113613	-20.4479374241918	-17.2383627314745	-6.63254705464856	16.3255882047502	1.26623353796269	-38.5160093183557
NC360	-26.6490665453037	3.85727826711881	-9.51040706858808	-2.24977159249052	0.101139710701902	-13.2221618757083	-1.40506609069191	9.46104635669926	16.021872695471	-1.91393979450761
NC362	-76.6091741510378	-38.7983178606602	-4.30299599024545	-15.0544775563087	-30.6154429292638	-37.025108212266	8.70124898005624	-0.48922716808169	12.6400941302058	-3.68716226785535
NC364	11.1499551717591	-40.2790577359899	-14.3119967216246	-26.91860805248	-6.14301971806568	-87.0224987203735	-9.83894846646949	-28.2582483510673	-22.508124004094	-20.7244939158532
NC366	-120.331826244012	-115.976788015729	-104.607664347354	-146.055394920167	-119.152891026325	-76.5963462548718	-95.1560094851214	-90.0226240951156	-74.880861247339	-83.4905250515255
NC368	-35.2826631647978	-41.7197930864945	-14.3583206508449	-30.0935862111694	-41.2497694416197	-17.6999415301533	-41.3777438680677	-25.4997115918031	-27.4227749553992	-85.673995166015
ND246	-12.6656103126223	18.9578794755169	3.89122580683883	-19.7283566256241	-15.3672946373041	-13.2810650740381	-49.2466535203221	4.00492418314667	-68.5864449537555	-27.0554695801682
OH40B	-134.903397053032	-85.2560732984104	-82.9258529626983	-64.2049685369765	-78.652597030531	-88.304132591589	-62.5966316726538	-81.0741782331068	-101.780418348884	-120.134564599706
OH43	-107.957251325565	-199.965941892241	-145.867084770541	-178.728521259888	-134.621044590042	-169.821276326493	-191.241163157322	-167.089940137023	-158.964285989138	-215.056567888674
OH43E	-64.074394059442	-110.920466121111	-125.274623464499	-101.262161061194	-109.581670259614	-103.403233508431	-83.12345376033	-80.2193320473601	-107.499476917142	-97.1702869304347
OH603	7.65468748123554	4.84141687411466	40.0705089596155	35.6279751942822	42.8440680692802	15.6011203714371	12.3953273568712	58.9911850136305	82.2268913039178	26.4525074368287
OH7B	81.1594607890034	99.7638324290578	53.0094274297431	55.4898482714289	75.4014356348984	88.3928287969658	45.0156084702084	96.1237928764542	50.3633794477963	99.5956982961198
OS420	-38.8089616999207	-96.6348621379646	-44.4714453525768	-76.1828875830707	-6.17422930098763	-47.9248317749804	-36.2034745281055	-56.6443907794308	-46.1274952845299	-35.8512138322428
PA762	-229.972577416145	-197.728850803237	-178.53802652241	-211.499167029943	-192.665239997218	-177.028130820444	-189.51635894848	-191.833100969141	-207.528767450138	-134.745113876884
PA875	11.798434610582	-52.6601681565921	-73.3912220444468	-25.3858796669246	-85.3680954379549	-46.7572504279702	1.76348570921387	-47.787686008757	-66.2421969053411	-57.9389606092832
PA880	133.455429667492	109.515921951069	115.131898288377	128.900716853092	60.9062583820374	95.1826781545602	68.6378332778989	16.5084268439356	71.0000326056911	108.856678621188
PA91	-29.9583337047956	53.0631717866952	9.80740000766697	-17.2771306426872	-25.8571938948989	10.5361297823035	-62.915901215391	-22.7692878992393	-18.7327780808734	-45.3536278775337
R168	-64.3592365620692	-24.4386143563193	-75.6195724153071	-17.7666239350039	-24.2272214368682	7.15222788342666	58.4044819017049	-18.7132325460689	-40.9241466607024	-10.5903054330486
R177	-109.952856942538	-120.559907575143	-160.82234943955	-158.190932902801	-138.722494305885	-131.014710901219	-138.683798226097	-141.11193431342	-139.706676484862	-150.359413360139
R229	39.9909876731183	61.8671196722006	23.5197387385072	34.1901430569501	31.3875650650038	73.941850051292	37.3221462594856	9.08997003315888	29.0751989477166	24.2290017749601
R4	-82.0977355541495	-109.552406171021	-81.6876762765377	-119.139420132574	-29.5128920621622	-93.1953740730228	-65.1627199563512	-116.806727595725	-52.4371821169027	-84.2160477973974
SA24	58.9412121054194	21.9969723920072	34.2491304794762	26.433371849377	58.2594495220523	43.656642448473	71.1182375082494	98.1416062571739	64.8504941172624	133.598307950542
SC213R	16.6835105862218	22.1921629732561	4.39084957834636	43.6877853405324	27.3743431149915	33.6092724970304	47.840509978934	-5.15813303040179	2.44199357896249	15.4258376545007
SC357	-90.2587488922874	-76.979580007743	-70.9505204027675	-67.6548333907438	-121.135849667238	-103.463124537635	-42.2889998316252	-81.0390344208364	-142.975063945759	-96.886586232014
SC55	-138.510556203716	-159.034794208819	-156.495276336709	-155.871049569498	-111.534106122302	-101.050495764968	-103.331900991597	-114.934278748898	-143.1240732278	-161.643339763695
SD40	-10.6521783568009	41.469791595325	-14.0453324769374	-18.1212284250981	39.2193574160595	18.1698723877395	2.91850071176575	-16.6615978437642	45.4987297182146	-19.0544214823323
SD44	-20.2085658449689	-35.9060611517344	28.8102577830689	6.15649252230833	-63.1301866361783	-10.5626792309943	29.512140409973	12.1248052879297	-16.8814728732286	-20.2515915076168
SG1533	-58.1553028387993	10.6409812799102	-17.2103107177955	-49.9234646352495	-57.4016917297332	-62.6226018218976	6.24973591736873	-64.9481307222101	-19.948515103567	-38.8258156438771
SG18	-37.5872396081918	-14.6470983842528	-12.7370850014104	-26.4740364549004	-55.2387747448234	11.9621320532075	-14.2138557701823	-3.8182012878938	-1.98485732676981	-67.9664450072812
T232	56.7739628215129	60.3407274450442	97.9944806298663	103.513440200683	83.819358991332	106.378470202835	76.4081778912488	128.473247691505	66.4276947544029	91.4959011203797
T234	-93.9389178312054	-62.1484193439536	-67.0661656919322	-86.3393021519408	-86.3057071273975	-113.383593299616	-38.0564848329785	-60.8905659254136	-114.212173142579	-74.806261846592
T8	-27.9178955079455	-39.4788446158432	-39.5308608942115	-44.0123135877785	-22.3679643874164	-31.9026974171994	-37.6553867020479	-27.6984969758803	-18.260548506669	-21.9103225235465
TX303	96.0137698653753	94.1950834112572	19.6466807238931	43.3063711744369	81.1201399622995	60.2103404452171	60.3493748189874	52.6913330116541	44.7586900484197	92.7051337911385
TX601	40.5689031826337	29.5467646065256	76.2785578143428	97.8847922752853	85.908533066225	73.9513089636501	18.9620680764213	75.1632023767785	33.1448057360991	87.4592107649407
TZI11	-72.2988520084994	-13.9947175107962	-28.4924936878591	11.5568932639854	-44.8512228938584	-28.7418745210548	-57.7290738435729	-37.5339465091585	-12.8268684147903	-54.331852372456
TZI16	-32.2041065719677	-9.34808778194387	29.4927249183073	-9.4753120805501	-26.2984141411478	-0.0163143823071312	-17.5838920191339	-15.6578883281467	-12.7202035503258	39.27297508949
TZI18	-146.609390385434	-177.99767002834	-113.28773828436	-160.503656404577	-137.834398754168	-140.753222307571	-152.569150420259	-131.794862701734	-160.038395645261	-229.625580456805
TZI25	-40.8559026805945	-20.9637129781407	-32.0619852864055	-0.737430137219356	-20.4382354262291	-9.766353421157	-43.8242865395405	-25.2419186746239	-48.9479827363091	15.7264253915932
U267Y	-129.399362932885	-168.528184897474	-156.138118965061	-178.284161562558	-121.939976966573	-105.649016206745	-140.14241213074	-154.806226889376	-158.448345680457	-132.907795916069
VA102	19.0188103459093	9.44198765261212	5.8252008821512	86.6030495711595	-19.0099766844044	3.65227992455134	-1.45542228907542	25.8113421484451	29.331171520277	8.36297429380832
VA14	44.8001306670072	43.1686033466434	47.9407469876839	25.6938341373273	102.625102796799	43.3963875490066	44.0820507973257	33.3712532515912	45.4267545050947	79.9533470898344
VA17	-33.8075496975697	-22.4909866487916	29.3922300303473	-38.5078850262633	0.130220412219348	-43.5607546254532	-52.5832853731929	-10.3784385242068	16.7252750464402	-8.04037954397905
VA22	32.0481980592667	6.3660289091868	-4.2582285851667	-12.3868211357023	21.8921932672867	15.9230348114465	27.6307973195704	4.85614963998662	6.59939869466195	2.42378611043575
VA35	-50.694956384824	-78.9605120062734	-65.8747987175135	-87.9821853716936	-13.2930827407866	-60.9515862398804	-59.2898662116618	-69.8800669842855	-53.6524315949	-74.5414435207409
VA59	66.9026498176598	25.0139474466689	-19.5288100184163	56.9512052684121	26.2060483753455	40.9857680287405	50.1808948229445	59.5451236014327	38.3050136007396	44.8615481190448
VA85	71.3354065920669	44.1656079691807	60.4197156467043	82.7816685731257	77.5216004808529	108.629642139168	44.7318544321297	16.7943238755054	72.343455989772	105.341133025077
VA99	-73.5414455778415	-75.2440823298053	-107.782656457231	-48.5663571973193	-26.7947348321977	-17.2522256335197	-83.51897291549	-59.6814318687124	-99.029059048007	-124.892291785592
VAW6	-94.194955903902	-71.7332130409785	-99.4777188617032	-95.2845240070161	-84.7560755381914	-126.967521037045	-85.8634674541248	-106.326461049324	-66.7394174595767	-81.5709768372376
W117HT	-36.9964738730053	43.7616910489978	3.90109703878113	53.0795748680047	4.92462772089184	-29.8246485013965	-19.6830412673226	-9.33444301370083	33.9227547601784	24.7208105400911
W153R	-157.654125587465	-107.746208310915	-154.098097732782	-121.514819329048	-140.942653775172	-123.522596892996	-156.990273732381	-164.749418164642	-158.342889337448	-133.688097082081
W182B	-39.0393822384849	-85.5290362703331	-80.7335843983524	-68.6710010960534	-87.3253743932576	-95.6485026285503	-77.0278665739964	-106.423978020813	-70.6858253801881	-78.3714550389578
W22	-34.625945146008	-75.6146314541349	43.3560880349304	-111.599080341526	-49.8994249553319	-18.8966347689448	-69.4560333497437	-11.6309198878653	-42.3007857908327	-31.8906877552504
W64A	-39.6961031739975	-94.2218020995068	-91.8094575151301	-40.3864491953093	-85.2453898746557	-29.6148243603108	-53.1076371178583	-30.2285878618861	-46.6166042737155	-76.2149043696387
WD	109.068296544536	64.0253240400346	52.8630428559562	53.9017763379506	39.5991397410564	93.5247624746443	21.8555760064911	71.7205056983273	39.1427221979781	50.4829382172189
WF9	47.612545570549	85.7925203990115	24.0569200340593	42.2963084100522	27.265189198795	47.1854093911878	29.8583902125483	40.2450802759421	12.5546627666817	-6.49616145298193
YU796_NS	-93.3318418991827	-62.2933752176387	-86.9574609048655	-113.447668620159	-50.3572687222339	-116.626449703867	-78.0038209693616	-106.275371246565	-141.015478113601	-121.375492911528
A214N	-33.8280269364978	-22.4606816400975	-46.4189390574273	-46.6084488943048	-22.1242797053461	-61.2991044462691	-42.9915707490613	-21.1313060130111	-37.7963005631782	-52.2948336392618
A272	30.3298928886343	94.4864220765649	90.2675601202941	40.5197166445335	66.6787877391113	34.9441460389289	23.6946645387269	36.1250634193834	50.1853988264123	33.3298601510528
A556	109.307142053923	180.620013846386	107.426260547632	87.2861254100308	90.114946919696	86.9839915330986	75.1128307932358	73.7982925616243	134.377308505416	88.1633792716002
CML10	-80.2796125622039	-62.968151872717	-28.9658942780185	-64.0704987115569	-44.4773632115327	-78.4196118202204	-52.8465036150821	-74.0276177903306	-30.1283757247889	-20.4523891525927
CML14	-29.1502356054943	-59.5774795415974	-60.3476754945161	-46.1018654276056	-37.4634812313828	-108.98631887343	-5.94351044986046	-16.7080110533324	-17.6058450902062	-43.8123567050071
CML158Q	-99.8426299335289	-24.9619261687499	-31.5018005242351	-22.9153574230022	-24.0139491509096	-75.4292909816799	-20.7050834493928	-37.6071378697656	-80.7846807964911	-121.039405799892
CML218	-46.486893967119	-85.4770122303614	-87.4817891815287	-93.9120241209276	-79.8286696441876	-91.7558540888328	-123.088277838958	-125.801229529724	-65.6867032945055	-32.6692017669936
CML228	19.3477506674897	45.6646569362754	15.1747961047658	53.5028011493415	30.2230964223345	52.0462568973135	86.8919530727015	85.9596943061253	50.9857872305211	0.754598955726756
CML258	-84.582204988908	-85.6855332306286	-34.6599402424059	-86.105827485891	-96.3583163157116	-115.892485204183	-103.965841112373	-67.8150155787085	-81.0129515923501	-84.7320002711072
CML261	108.370624692376	136.506142313182	140.905595445404	146.193517549265	115.633210819216	100.773695872551	120.848294611727	129.334204242727	114.07345818268	73.3854494887988
CML264	-3.44956511051272	-18.0140596194572	-23.6947622765333	0.660064047971195	24.0705194117216	18.2693305422123	40.4402154287164	26.2060447574341	-5.06329995348883	24.26366805209
CML277	-99.4146462046272	-74.7656034447963	-70.490602543596	-71.9597343244112	-32.1564308670501	-63.2584805113251	-70.7841258750731	-59.16913909396	-112.364475811206	-64.9312049563214
CML281	46.0111001305133	104.881285493976	82.0391226182177	72.1824599308175	34.8074143926732	52.5909498304696	7.09415301574838	37.5428560296973	47.0976114829507	8.72953509172278
CML321	67.3519127656908	68.9935751874465	52.3321118202173	34.1244268684319	35.5111968586166	18.6826797022998	61.2614408618555	107.620390029533	74.8872070204592	64.7065642023847
CML328	25.5208881423397	40.7745088168912	49.073963472888	4.66627346257716	29.5501736537019	4.15378547002122	34.3674290392407	11.3935931718209	16.9847979497542	8.66580713192207
CML331	48.9730539620305	-21.6826022712188	8.03312362868469	0.430890019909604	30.5467441392156	40.6515414800478	7.69165508760591	16.5501943808914	27.5945350787162	-31.1108580443885
CML341	50.8926106986199	27.2381095530626	34.9297120226938	58.2498935377444	35.2307904557634	28.0244337023229	49.693433393052	66.9578904092576	47.4478604209445	50.2013834003274
CML45	-28.037489797988	2.85957394861453	28.3207794506897	-20.1021094051275	-21.1944909255781	3.05467689059827	-8.89715409766988	41.9384539918769	5.14296413679136	11.3729347338304
CML5	-92.1285806703205	-81.2372185918848	-82.1588664500422	-119.458526039211	-87.4011343179345	-34.8934954274742	-35.7516881338774	-95.5900541253282	-69.6865637685213	-97.1063429936869
CML61	-57.2303696127064	-5.68672631718327	-53.8039922133935	-72.2407076207283	-35.6105095817727	-65.2098591692014	-69.5037101879485	-38.157218469585	-7.03548354236686	-21.9273440766136
CML69	-30.1815455010845	-17.6521671781382	13.8182944626383	-24.6368487997108	-73.4120244809271	-18.6949660864317	-20.6303531920523	-23.9788397118488	-47.457742432808	-23.6405838250524
IA2132	-69.3509294232826	19.2671435397187	-32.7549394230291	-35.8689772272857	-55.7757510252202	-23.9303740189495	-0.79405322198221	-100.183349553853	-91.2385376626334	-57.4614900164792
IA5125	81.298154563493	28.5182159768357	35.995572300764	18.206248881572	60.8754298545875	43.3146824929777	31.8667487793995	0.690304146648757	79.7994162297438	25.2504279428502
Il101	-88.5350428023888	-64.9730778689467	-70.9946186072144	-44.0310111450531	-30.1299873864383	-87.6312247413152	-32.0714982934528	1.64444858147666	-66.0765027854655	-108.067894833518
Il14H	22.3062875362004	-32.1907107383569	7.97445962187272	-47.0240841786557	7.04737969140293	-29.714695739607	36.2555054890702	12.2607650601225	-29.9760214599563	-17.431422721465
Il677a	-161.367927707441	-180.586453235272	-183.444117105476	-132.444638901856	-146.451311558663	-182.945580240492	-170.841730849435	-169.527016863405	-194.044126976117	-180.276866057236
Ki11	-19.1365008266905	-0.311651047599597	-42.2114710970854	-34.3236075039821	-33.9088329520533	-32.280649260315	-87.6251624418699	-6.0029798415369	-28.4133738707557	-28.2909237267572
Ki2021	-0.629587753187103	-19.7282706757653	8.13966747478174	-9.47248064527109	-60.0160404178102	23.7800941902724	12.335565318591	-6.48124703785767	-38.5265247105963	10.7808366142852
M162W	-56.0024589093685	-3.41321382859901	-35.6740116371638	-8.04346597228538	-42.9243062900983	-2.79761096091054	-28.2020267576207	-36.6029359179479	-16.3348301437006	-48.3701351581692
MEF156-55-2	-34.3262714289337	-77.386699288191	-48.4445797378865	-44.8810807156011	-75.7148113573259	-70.3720066203265	-91.0085426714224	-60.5813658217906	-68.3595211740699	-93.251658225114
N6	5.64400502662007	29.0122134427636	2.17348694064428	-29.4411033107492	-18.8119551206646	23.5089044743337	21.7939006206124	-8.4869928013187	49.5021489422025	8.35319637150741
NC304	-120.892417959009	-125.306956879161	-71.9220984759065	-116.692082156757	-106.734593074055	-70.2692555190982	-83.2099297505982	-82.4685935113863	-137.025474436179	-93.8158178162096
P39	16.8434527704256	31.3829600376679	68.8087365193474	39.746890516554	18.4149574860952	-12.1705644579259	2.42952808502174	-13.6308780444716	50.7130210822258	1.89996768849336
R109B	-158.585730797775	-136.755971939976	-175.749170876927	-126.998499292261	-162.889271005406	-154.045477839538	-124.128634212729	-147.916377606081	-116.846726969796	-108.439545940006
Tzi10	-70.1466975379277	-72.8208320225949	-97.0856250635553	-104.314292093894	-20.3129339195263	-131.955733565687	-95.5760861896524	-67.0337381746639	-103.959234552858	-98.1066420995388
Tzi9	18.1122984155206	69.0997626781847	36.1572994341035	50.2350485152087	99.4675313955341	70.9521150479846	45.5145328721878	89.2212677882994	88.754869698979	128.254612713034
Va26	57.3431929503971	36.2041397862116	68.1353495341185	26.2624494228475	37.1726183243974	80.0218569161149	44.2061876429837	73.7214243275616	38.9245192854127	63.930013976544
W22_R-r:std	-66.8044350518759	-60.7104845404062	-56.157001060285	-47.8047188231962	-42.2477780090298	-16.4541303622606	-62.7372791432442	-59.2086169584655	-94.2492403921778	-19.9207375517724
