<Trait>	Trait_1_H2_1	Trait_2_H2_1	Trait_3_H2_1	Trait_4_H2_1	Rep
X2901971	-44.5906171150241	-1.13466685460404	-39.9683827845757	-3.4875674758444	1
X2901972	-51.2620438626611	-3.97650493252922	-44.0775765978771	-3.20796233225465	1
X2901973	6.06571931368555	-0.818554774279103	16.3342942184535	-9.45002013048893	1
X2901974	-25.7199454417499	-3.12978438619474	-3.12425197968276	-19.4659090758724	1
X2901975	-96.9358763702562	-4.93372349364876	-78.215892802068	-13.7862600745396	1
X2901976	-33.2678745324648	-3.97650493252922	-29.0010186904314	-0.290350909504242	1
X2901977	-76.1482967270795	-4.92912658852135	-54.0107952000658	-17.2083749384924	1
X2901978	-44.5464652641598	-4.16673520422352	-37.735065959794	-2.64466410014235	1
X2901979	-35.8174364202173	-0.435749745926265	-29.0323309094109	-6.34935576488013	1
X2901980	-58.7520610557159	-0.792820447290274	-48.8767298039259	-9.08251080449982	1
X2901981	-40.6705925720446	-0.605924498459699	-25.5317071623562	-14.5329609112287	1
X2901982	-0.801724579248526	-1.15927929431646	6.85668189859729	-6.49912718352935	1
X2901983	-23.513064001546	-1.82362796192945	-22.4127262305011	0.723290190884652	1
X2901984	-17.7214083861503	-1.64805682167282	-15.7961785172304	-0.277173047247149	1
X2901985	-84.3424923049577	-4.93372349364876	-64.95669287733	-14.4520759339789	1
X2901986	-49.2775483336483	-4.32996731683627	-41.4313506010678	-3.51623041574439	1
X2901987	2.44991392814346	-1.64805682167282	7.69327421575834	-3.59530346594207	1
X2901988	-60.9167952440757	-4.93372349364876	-45.3412112410797	-10.6418605093473	1
X2901989	-55.9705534099096	-4.39510717005482	-42.707479383468	-8.86796685638686	1
X2901990	-67.8625760694578	-3.12978438619474	-46.2057193533805	-18.5270723298825	1
X2901991	-34.0625912501205	-0.818554774279103	-22.8228735675253	-10.4211629083162	1
X2901992	-36.7849724465993	-0.605924498459699	-29.620108376204	-6.55893957193548	1
X2901993	7.49918998664466	1.26483996476604	7.30039440715277	-1.06604438527416	1
X2901994	3.11001058859558	1.79525837919786	0.729599182205722	0.585153027192004	1
X2901995	-10.7326941903903	1.94773128637776	-12.1275631431625	-0.55286233360553	1
X2901996	-82.162473906649	-0.86490693452069	-78.9918642260303	-2.30570274609816	1
X2901997	-18.7445216687825	1.79525837919786	-18.2927893546035	-2.24699069337691	1
X2901998	-77.2348569834756	-1.1784983122941	-71.0612588455336	-4.99509982564781	1
X2901999	-0.176393580548165	1.79525837919786	3.21384589176259	-5.18549785150861	1
X2902000	-89.9268403616139	-0.86490693452069	-86.7356735323455	-2.32625989474765	1
X2902001	-89.8768760872574	-0.085851422102163	-87.4071888338532	-2.38383583130215	1
X2902002	-1.63966580458694	2.69143344728496	-10.959999550783	6.62890029891118	1
X2902003	-17.18623637831	3.12790258986385	-25.2272109133834	4.91307194520955	1
X2902004	-70.4562236739579	-0.085851422102163	-67.8103749410912	-2.55999731076447	1
X2902005	-5.60848565125849	3.12790258986385	-16.0694820495145	7.33309380839213	1
X2902006	-30.9044621671595	1.79525837919786	-32.2019736699219	-0.497746876435472	1
X2902007	-16.9972639987739	1.26604592363397	-15.9321935093485	-2.33111641305939	1
X2902008	-22.3815225190549	1.3068953437636	-22.8442363591418	-0.844181503676724	1
X2902009	-11.8039265416598	1.79525837919786	-9.86238840216844	-3.73679651868923	1
X2902010	-5.41403828165266	1.70717122332114	-3.99653757967865	-3.12467192529515	1
X2902011	-60.0671033322211	-0.86490693452069	-45.5188692728875	-13.6833271248129	1
X2902012	-81.9151770749129	-0.86490693452069	-80.3590854940854	-0.691184646306814	1
X2902013	-81.9890094777325	2.09488950468973	-83.0879350313116	-0.995963951110562	1
X2902014	-74.91412419746	-0.558765073667924	-62.9945341901134	-11.3608249336789	1
X2902015	-67.5876320959552	-0.736519004500255	-58.4774222633367	-8.37369082811828	1
X2902016	-58.5224920784759	1.87111864423392	-64.0316036699396	3.63799294722986	1
X2902017	-25.4957249451195	3.68182580232494	-33.2635612314753	4.08601048403068	1
X2902018	-65.8398918869458	2.09488950468973	-69.4843096563639	1.54952826472842	1
X2902019	94.6406518586656	1.6388001594058	92.7157190502602	0.286132648999528	1
X2902020	57.9844424511779	2.35195031575275	56.5985555250574	-0.966063389632275	1
X2902021	17.0737188609342	0.102073960666395	15.6550573858736	1.31658751439424	1
X2902022	4.42710582938029	-0.265574993392831	8.26693334623017	-3.57425252345703	1
X2902023	75.624727226385	1.51132406045191	76.2344328253934	-2.12102965946039	1
X2902024	66.0619803827106	2.62518827514723	61.2606868346526	2.17610527291071	1
X2902025	62.5207076761831	2.35195031575275	56.7265852925017	3.44217206792876	1
X2902026	-28.7124410473141	-0.265574993392831	-22.9126091825077	-5.5342568714136	1
X2902027	-14.6750525889555	-0.265574993392831	-13.5652022876244	-0.844275307938275	1
X2902028	27.865145425289	2.87722898991158	19.780422840739	5.20749359463837	1
X2902029	13.4933570419367	-0.265574993392831	21.9702010455954	-8.21126901026595	1
X2902030	32.6512155976717	-0.435749745926265	38.2335858184257	-5.14662047482773	1
X2902031	36.8343557920053	-0.0713109993736436	35.1786868771656	1.72697991421339	1
X2902032	42.8557354229814	1.92979064324691	42.5955988464966	-1.66965406676211	1
X2902033	-0.976919070147733	2.37187507213295	-5.39110550860448	2.04231136632381	1
X2902034	87.0351010370018	1.6388001594058	82.9428761609812	2.45342471661472	1
X2902035	45.7615944843283	4.1969005386731	37.7758161828319	3.78887776282321	1
X2902036	82.0875703468268	1.29385374921151	84.0503367978986	-3.25662020028363	1
X2902037	60.9407901208873	2.35195031575275	61.4815808663679	-2.89274106123336	1
X2902038	62.8115037970685	0.833505976604999	57.6695786395472	4.30841918091623	1
X2902039	59.5932928598132	2.62518827514723	55.6514586565949	1.31664592807114	1
X2902040	35.159942627833	3.10710210646239	27.8412539232198	4.2115865981509	1
X2902041	81.4127561817486	1.50494274821586	78.5785038541177	1.32930957941497	1
X2902042	2.46550614745163	0.553932079956362	4.00196809375923	-2.09039402626393	1
X2902043	11.1901951726612	-0.265574993392831	14.9124068025025	-3.4566366364485	1
X2902044	1.53472014275332	2.6152175990627	-3.6780794726124	2.59758201630303	1
X2902045	50.8727530254684	4.1969005386731	41.7060477677634	4.96980471903195	1
X2902046	-50.1636371080924	-0.86490693452069	-46.9473614784059	-2.35136869516584	1
X2902047	-26.3902486202546	1.79525837919786	-27.0474288400114	-1.13807815944109	1
X2902048	-54.9139301512011	2.93996048184108	-52.0183065831104	-5.83558404993177	1
X2902049	-20.168726215068	3.12790258986385	-28.9256891675706	5.62906036263869	1
X2902050	-35.0351189551253	0.469476026537782	-34.3915248766666	-1.11307010499651	1
X2902051	-83.7918348818748	-1.1784983122941	-74.6805875798478	-7.93274898973295	1
X2902052	-35.6172221792875	2.69143344728496	-40.4687643503211	2.16010872374866	1
X2902053	-4.36569723585066	1.79525837919786	-3.53307163029511	-2.62788398475341	1
X2902054	-26.3601158707474	0.465078625770124	-29.6310696316411	2.80587513512355	1
X2902055	-36.5172078764798	3.12790258986385	-42.3874528780368	2.7423424116932	1
X2902056	-16.3572908936556	2.09488950468973	-28.7823664588227	10.3301860604773	1
X2902057	-13.1031281369118	3.68182580232494	-21.907172817893	5.12221887865619	1
X2902058	-9.958500276632	-0.358302114221834	2.75899279864336	-12.3591909610535	1
X2902059	-5.92142927554909	-1.50000381435381	4.69058572783369	-9.11201118902898	1
X2902060	-11.3260611935827	-1.50000381435381	-5.86500366622952	-3.96105371299945	1
X2902061	16.1293040179788	-0.736519004500255	24.460062083903	-7.59423906142394	1
X2902062	15.5202824092006	0.769612608706615	23.337222086403	-8.58655228590905	1
X2902063	54.4908445503871	1.50763097074108	46.4189511266614	6.56426245298465	1
X2902064	-0.0450087525587399	0.769612608706615	1.50453178288805	-2.3191531441534	1
X2902065	1.05522983342557	-1.16343220154885	15.3947539685496	-13.1760919335753	1
X2902066	13.8797682449306	1.6622137675332	17.8571235256468	-5.6395690482494	1
X2902067	-5.16870566438086	2.08650340635868	-10.790921560783	3.53571249004342	1
X2902068	92.7941407209298	0.650773048770871	95.5283584478163	-3.38499077565746	1
X2902069	3.57532944060834	-0.527534167029479	5.71397800384992	-1.61111439621207	1
X2902070	27.4671500050079	1.17353173735562	32.0713207244863	-5.77770245683402	1
X2902071	29.6174926111095	1.92979064324691	25.3238227440696	2.36387922379297	1
X2902072	61.9065590266594	-0.874288231743422	62.3193385665912	0.46150869181149	1
X2902073	106.175561270002	2.58050944932462	99.3439229772487	4.25112884342868	1
X2902074	85.4021393243311	0.665451234950838	85.1860976071403	-0.44940951776016	1
X2902075	50.1043991964255	-0.874288231743422	61.3877154408106	-10.4090280126417	1
X2902076	60.4958789327041	2.6152175990627	46.0524967649459	11.8281645686955	1
X2902077	19.0687780311348	1.76440132425431	16.6844398761145	0.619936830765903	1
X2902078	27.5653788386142	1.41197045972695	25.6943115461249	0.459096832762274	1
X2902079	11.5726460755321	-0.0982001672217367	6.64127350387603	5.02957273887778	1
X2902080	83.053054855055	0.665451234950838	78.8747283705834	3.51287524952069	1
X2902081	71.904936056548	0.475923467664621	76.3576546490349	-4.92864206015151	1
X2902082	69.0701076975844	0.48897309362676	66.3620950606453	2.21903954331239	1
X2902083	9.24844604026655	1.76440132425431	2.04382637691322	5.44021833909906	1
X2902084	23.8508927909012	2.58050944932462	12.7622257595352	8.50815758204135	1
X2902085	25.4141284521606	1.76440132425431	17.2756487274691	6.37407840043716	1
X2902086	52.6307373568739	2.46527066912479	46.0064940384952	4.15897264925387	1
X2902087	21.4940093144236	-0.719097426204105	29.5465819952383	-7.33347525461063	1
X2902088	70.8044822169424	1.92979064324691	68.1626593987806	0.712032174914983	1
X2902089	20.3889023450085	-0.472242690282887	26.817089419078	-5.95594438378663	1
X2902090	42.4844189581918	0.475923467664621	38.5890464190297	3.41944907149745	1
X2902091	-86.3983286952308	-0.86490693452069	-82.2337452361895	-3.29967652452065	1
X2902092	-102.924157295871	-0.86490693452069	-98.2534005901124	-3.80584977123788	1
X2902093	-91.5605015483482	2.09488950468973	-85.760094278388	-7.89529677464999	1
X2902094	-26.1153024118031	-0.736519004500255	-17.7733310330806	-7.60545237422228	1
X2902095	-37.1045886491151	2.09488950468973	-33.0906287093393	-6.10884944446554	1
X2902096	-62.1589101736287	-1.1784983122941	-57.6396801159654	-3.34073174536913	1
X2902097	-53.7337224335776	-1.1784983122941	-45.8815614064682	-6.67366271481527	1
X2902098	-84.9476564883329	-0.0875833541990404	-79.7354796791698	-5.12459345496408	1
X2902099	-78.5898546406698	-0.0183410040706171	-81.2980528529063	2.72653921630713	1
X2902100	-4.73870353694984	1.79525837919786	-9.84930249233951	3.31534057619182	1
X2902101	-9.86545380759043	3.68182580232494	-20.1467934827411	6.59951387282571	1
X2902102	-70.6816087961632	2.09488950468973	-76.3723684075141	3.59587010666123	1
X2902103	-73.7965222961355	-0.86490693452069	-64.8960788946296	-8.03553646698521	1
X2902104	-59.3134755313823	2.09488950468973	-65.4834529344404	4.07508789836842	1
X2902105	-81.0779125701149	2.60568756331413	-77.5860518022151	-6.0975483312138	1
X2902106	-85.927779653286	0.825806515313889	-84.4980563010393	-2.25552986756063	1
X2902107	-23.6418388955953	3.68182580232494	-32.0660182294939	4.74235353157356	1
X2902108	-78.8335161056651	-0.86490693452069	-80.179061089006	2.21045191786159	1
X2902109	-26.2691163139304	3.68182580232494	-34.4236245312581	4.47268241500274	1
X2902110	-64.3245157230686	-0.736519004500255	-56.6893207103346	-6.89867600823374	1
X2902111	48.3055129778101	1.81801297392232	45.6028260055111	0.884673998376784	1
X2902112	90.5022549006107	0.113145537761676	85.5955347407626	4.79357462208639	1
X2902113	92.0848007514058	1.28646756978985	86.2947465333041	4.50358664831198	1
X2902114	67.4867063410583	2.31237507122714	52.428344429628	12.7459868402033	1
X2902115	76.4493605314665	1.58409144606533	74.5967367580267	0.268532327374526	1
X2902116	75.5062425565228	3.03982955488187	60.7316415968811	11.7347714047595	1
X2902117	21.2853232951806	1.58409144606533	11.6821460077572	8.01908584135813	1
X2902118	68.3589482051367	2.31237507122714	54.8856282667879	11.1609448671217	1
X2902119	23.9211650266123	-0.86490693452069	22.1572249989313	2.62884696220163	1
X2902120	29.4420144323025	-1.99919910218609	34.8121037047515	-3.37089017026306	1
X2902121	54.9910971349253	1.76440132425431	51.260589415116	1.96610639555515	1
X2902122	14.7693532792467	-0.665656833922567	7.15626123020876	8.2787488829605	1
X2902123	47.561696957731	3.72549244990954	35.9799998056598	7.85620470216165	1
X2902124	36.1132734706027	1.81801297392232	35.2576204000867	-0.962359903406321	1
X2902125	68.5727851538722	3.03982955488187	51.2686315005639	14.2643240984264	1
X2902126	-1.07099867638795	3.03982955488187	-11.3591893629842	7.24836113171441	1
X2902127	10.1911031965675	-0.665656833922567	7.52758008379035	3.32917994669973	1
X2902128	-4.13956591196544	0.469476026537782	-3.42440287602216	-1.18463906248108	1
X2902129	72.7136911108684	1.58409144606533	53.3270787758352	17.8025208889678	1
X2902130	49.0129317283261	2.92242336030853	43.1232922027644	2.96721616525322	1
X2902131	-9.45112346137735	-0.860362173869695	-1.66334741784411	-6.92741386966354	1
X2902132	60.445186266682	2.34825722604192	59.553715756665	-1.45678671602499	1
X2902133	74.7651250239787	1.34927905691865	73.9295255309239	-0.513679563863748	1
X2902134	-7.22652407497706	-1.3224514503783	1.65505881427026	-7.55913143886906	1
X2902135	-19.890010754927	-0.460468429793035	-22.3808575226747	2.95131519754077	1
X2902136	-15.4531661830891	-0.593418839915525	-11.9196607610365	-2.94008658213711	1
X2902137	-5.75862863716757	1.81801297392232	0.50383604922425	-8.08047766031415	1
X2902138	-8.95435845703477	-0.460468429793035	-5.99699055339591	-2.49689947384582	1
X2902139	9.98771247189346	0.96866727774332	14.6969120729198	-5.67786687876958	1
X2902140	48.7030482685145	1.34927905691865	55.5737486586456	-8.21997944704984	1
X2902141	9.2729254770433	1.94773128637776	7.55125409538868	-0.226059904723105	1
X2902142	50.7932487656958	-0.733853535829474	53.6937037353152	-2.16660143378992	1
X2902143	45.7902442474176	2.92242336030853	37.6005927081386	5.2672281789705	1
X2902144	-4.76367771715243	1.81801297392232	-5.79488439797799	-0.786806293096748	1
X2902145	52.0837794492286	0.0322967426948612	49.1068343366433	2.94464836989039	1
X2902146	-43.9446291937843	-4.78319397913193	-35.5051376427573	-3.65629757189504	1
X2902147	-79.1474491060647	-0.519579440965441	-72.4880786006481	-6.13979106445111	1
X2902148	-4.52703571571074	-0.79954913078576	-8.56118246028439	4.83369587535946	1
X2902149	-61.6763780404295	-4.39510717005482	-49.7498102683886	-7.53146060198613	1
X2902150	1.69150783754034	-0.79954913078576	-1.49540106183213	3.98645803015825	1
X2902151	-64.1528805124842	-3.82168037024068	-61.0696537463204	0.738453604076921	1
X2902152	-40.9563980296613	-4.39510717005482	-27.9925819727746	-8.56870888683187	1
X2902153	9.36701007790828	-0.185084364808246	9.5451614251599	0.00693301755663878	1
X2902154	-61.6557439143974	-0.964174806613827	-67.1642528200674	6.47268371228383	1
X2902155	-5.772355608297	0.44950792320515	-13.492228651136	7.27036511963384	1
X2902156	-66.4642676521462	-0.525879080406434	-68.0105341657379	2.07214559399813	1
X2902157	-10.7607810373687	-0.959137110880994	-8.22775450907238	-1.57388941741532	1
X2902158	-18.1855639861114	-0.866359626027938	-20.7181256581221	3.39892129803858	1
X2902159	-67.8275529057092	-0.964174806613827	-70.512421499323	3.64904340022766	1
X2902160	7.67466258695437	0.571512868899073	6.60182873059235	0.501320987463005	1
X2902161	-30.3510669485625	0.469476026537782	-33.85722317557	3.03668020046969	1
X2902162	-98.8382369629983	-3.82470337373111	-91.6017416865605	-3.41179190270669	1
X2902163	-12.3010236682697	-0.736519004500255	-10.2026755233123	-1.36182914045709	1
X2902164	-23.1927990980609	-0.665656833922567	-24.2049119126187	1.67776964848047	1
X2902165	6.92304314420119	-0.750332414399835	7.65851539631711	0.0148601622839299	1
X2902166	-46.8131362591256	-3.62304254822217	-40.6457701427592	-2.54432356814423	1
X2902167	-22.1923858896142	-1.11473589477868	-25.0141017576494	3.93645176281395	1
X2902168	-13.574662404714	0.469476026537782	-22.7892613085817	8.74512287732987	1
X2902169	-66.5556386074913	-0.86490693452069	-66.2755371404539	0.58480546748334	1
X2902170	0.501906292387311	-1.11473589477868	-3.99076612362197	5.60740831078795	1
X2902171	-85.7370279856638	-0.86490693452069	-93.3349872959514	8.46286624480825	1
X2902172	-10.1883510038781	-0.665656833922567	-16.1038377624556	6.58114359250019	1
X2902173	-54.457178505266	-3.10717383148402	-59.8093859855641	8.45938131178205	1
X2902174	-73.5166528755912	-3.82470337373111	-65.7311283412981	-3.96082116056199	1
X2902175	-70.4680374379654	-0.44570574727863	-67.6999345105654	-2.32239718012121	1
X2902176	10.8589190966891	-0.195443073665956	9.73023448223455	1.3241276881205	1
X2902177	78.1728256756254	1.87025352246257	72.9728963929326	3.32967576023043	1
X2902178	35.0254841579132	2.34825722604192	28.1854627173354	4.49176421453586	1
X2902179	-11.6453805678983	0.113145537761676	-10.5047587486716	-1.25376735698841	1
X2902180	10.1121893814721	0.787612164962188	7.25355401648028	2.07102320002967	1
X2902181	0.60325225826141	0.113145537761676	6.93324866893747	-6.44314194843773	1
X2902182	49.9233538326132	3.72549244990954	35.457124536945	10.7407368457586	1
X2902183	30.1601929836925	1.87025352246257	26.3448222169953	1.9451172442345	1
X2902184	3.92487994245505	0.469476026537782	4.79580062128299	-1.34039670536574	1
X2902185	32.5270601788605	-0.593418839915525	35.665199469907	-2.54472045113103	1
X2902186	13.9706581634179	1.81801297392232	8.57124251912093	3.58140267037469	1
X2902187	-2.18306294334634	1.92979064324691	-9.43311761862569	5.32026403203247	1
X2902188	62.7685503391292	3.72549244990954	47.7104192255993	11.3326386636204	1
X2902189	50.5340158092219	1.94773128637776	42.896604967572	5.68967955527214	1
X2902190	2.5284253809686	0.113145537761676	-0.0436459382335959	2.45892578144051	1
X2902191	-10.5507856589931	0.113145537761676	-4.54569912639047	-6.1182320703643	1
X2902192	43.2922576283703	5.13860982859193	32.2735247904508	5.88012300932738	1
X2902193	60.5114734012161	5.13860982859193	48.0026887481434	7.37017482448071	1
X2902194	-65.8237963802699	-3.62304254822217	-56.3144211598648	-5.88633267218295	1
X2902195	-76.2522776693392	-2.29077820155365	-64.9402690650182	-9.02123040276735	1
X2902196	27.2768218919407	-2.33861743370967	30.8079407279508	-1.1925014023005	1
X2902197	-8.37006300683212	-0.860362173869695	-2.76572935861493	-4.74397147434749	1
X2902198	-64.0451608400663	-1.78040583311389	-52.3616394635135	-9.90311554343893	1
X2902199	-61.7321021179826	-3.97650493252922	-54.015169732464	-3.74042745298945	1
X2902200	-2.71061036580214	-1.13466685460404	-2.03396300617637	0.45801949497831	1
X2902201	0.376683498863154	-1.1784983122941	13.3585889641005	-11.8034071529432	1
X2902202	-75.0059546916883	-1.1784983122941	-60.5630232441262	-13.2644331352682	1
X2902203	-23.6432652314942	-0.366204581770247	-13.7292670611495	-9.54779358857443	1
X2902204	-62.0614463224291	-3.62304254822217	-44.193464580943	-14.244939193264	1
X2902205	-2.46016650061751	-0.39309374961834	3.87003972696055	-5.93711247795974	1
X2902206	-22.5526077735282	-2.70590885294925	-21.2979372483605	1.45123832778154	1
X2902207	6.68240221839638	-1.60367687528552	18.3553048653026	-10.0692257716208	1
X2902208	-33.6265997935287	-1.60367687528552	-31.6332570287841	-0.389665889459079	1
X2902209	-39.3218205605323	-3.01928637140968	-32.3445476090582	-3.95798658006428	1
X2902210	-71.0098919175812	-0.357797522402112	-56.6131010299173	-14.0389933652617	1
X2902211	-26.8674405879563	-0.195443073665956	-23.7071281364059	-2.96486937788439	1
X2902212	-51.3745143974812	-0.873070490486644	-36.8653868698329	-13.6360570371614	1
X2902213	-19.355468759729	-0.527534167029479	-15.8095693616211	-3.01836523107842	1
X2902214	0.777991988734033	-2.09308284300028	3.53501130108049	-0.66393646934619	1
X2902215	-0.259115153684582	-1.31297266377452	5.95366111586808	-4.89980360577814	1
X2902216	-39.2089255595554	-3.62304254822217	-32.0850181636566	-3.50086484767649	1
X2902217	-64.1809269866137	-4.71200079190829	-48.3942725428052	-11.0746536519002	1
X2902218	17.21432319684	-2.81353847935852	19.6100933916478	0.417768284550821	1
X2902219	-2.27750139001783	-0.593418839915525	-0.902348456787183	-0.781734093315103	1
X2902220	-93.3783430112637	-4.87201633994377	-84.8254984010707	-3.68082827024929	1
X2902221	-84.0172737657489	-3.82470337373111	-74.2658735010318	-5.9266968909862	1
X2902222	-49.9259572632935	-0.525879080406434	-42.7583808538788	-6.64169732900816	1
X2902223	-88.9852254512173	-4.93832039877618	-81.2025944346423	-2.84431061779887	1
X2902224	-67.6565565887197	-3.82470337373111	-58.4305562991444	-5.40129691584412	1
X2902225	7.39019337516839	-1.83657542715877	10.9470449888245	-1.72027618649737	1
X2902226	-69.0954543714711	-1.15927929431646	-70.6004125438167	2.66423746666194	1
X2902227	-10.5523064447128	-1.31297266377452	-11.0513571477404	1.81202336680219	1
X2902228	-58.6153051045188	-4.0227471151301	-50.0485810399941	-4.54397694939456	1
X2902229	-78.5140358218063	0.113145537761676	-76.8355335618898	-1.79164779767816	1
X2902230	-72.5075169276494	-0.86490693452069	-70.5369811618043	-1.10562883132439	1
X2902231	-72.187156879368	-4.0227471151301	-63.1204903100904	-5.04391945414768	1
X2902232	-18.3956270751651	0.40151459079223	-18.6832248411037	-0.11391682485361	1
X2902233	-11.667400822058	0.113145537761676	-13.867577386325	2.08703102650535	1
X2902234	0.00656715627794258	-1.64396244693922	2.7787096548417	-1.12818005162455	1
X2902235	25.3635295579722	-1.31297266377452	28.7007913168083	-2.02428909506154	1
X2902236	-52.6439618289315	-3.62304254822217	-50.7516213383713	1.73070205766195	1
X2902237	-42.0927816299519	-2.33861743370967	-40.7403149891873	0.986150792945026	1
X2902238	-57.3672877325344	-0.525879080406434	-52.9550938105827	-3.88631484154524	1
X2902239	-9.22687969244891	-1.31297266377452	-13.8326413536799	5.91873432500558	1
X2902240	-46.4655497945155	-4.87201633994377	-33.4812708406141	-8.11226261395777	1
X2902241	1.53190908214087	0.113145537761676	-5.02946188070108	6.44822542508024	1
X2902242	-54.1267797594382	-4.71200079190829	-45.7363519802382	-3.6784269872916	1
X2902243	-52.5672754516951	-3.82470337373111	-49.0860753571333	0.34350327916926	1
X2902244	10.4850848595764	-1.83657542715877	9.36690628349355	2.95475400324161	1
X2902245	-14.8398046018034	0.113145537761676	-26.0438134885938	11.0908633490287	1
X2902246	-40.7302089181078	-1.64396244693922	-46.2910340716662	7.20478760049757	1
X2902247	-53.5688319337584	-4.0227471151301	-48.6974709008481	-0.848613917780231	1
X2902248	-52.3260443033	-2.18895053678828	-47.7395767121737	-2.39751705433801	1
X2902249	2.43487597100436	0.40151459079223	-1.22894075522897	3.2623021354411	1
X2902250	3.80097025052053	-3.20259617666252	8.67261139896162	-1.66904497177856	1
X2902251	52.8519454269762	1.50763097074108	51.4398508947598	-0.0955364385247213	1
X2902252	81.9723110424484	2.6152175990627	82.4580020683289	-3.10090862494333	1
X2902253	30.3297805914112	-0.665656833922567	32.37762431168	-1.38218688634629	1
X2902254	88.091242874718	2.73516720906906	86.9166235869271	-1.56054792127802	1
X2902255	21.0523868616227	-1.31297266377452	31.8041092688939	-9.43874974349663	1
X2902256	20.9625782265108	-1.82362796192945	29.7055577189449	-6.91935153050467	1
X2902257	63.336926776659	1.87111864423392	63.8189990216844	-2.35319088925928	1
X2902258	94.564406901065	1.8593325520436	93.4727259612776	-0.767651612256119	1
X2902259	23.2097913208569	1.91418946052396	26.1939936032487	-4.8983917429157	1
X2902260	40.8458201268389	1.92979064324691	39.9921944646735	-1.07616498108158	1
X2902261	65.9807556048621	2.6152175990627	66.976629917045	-3.61109191124555	1
X2902262	61.7293475595686	3.72549244990954	51.6061074438731	6.39774766578586	1
X2902263	48.1147652838431	2.31237507122714	37.5630980039753	8.23929220864068	1
X2902264	28.5098675632784	-0.466406733324445	30.760991097313	-1.78471680071016	1
X2902265	20.1917770503346	0.626105397001761	22.0574746122603	-2.49180295892745	1
X2902266	30.5274631259704	-0.466406733324445	33.0568174003043	-2.06294754100946	1
X2902267	2.00153831694477	-1.15927929431646	8.87102072191355	-5.71020311065231	1
X2902268	46.7664136276944	-1.64805682167282	54.4303686794225	-6.01589823005528	1
X2902269	81.2740438270238	4.4111553449372	75.081705386659	1.78118309542769	1
X2902270	38.6787584052779	2.31237507122714	32.3161145089952	4.05026882505557	1
X2902271	71.6699770308705	2.31237507122714	65.8391704526243	3.51843150701879	1
X2902272	62.4194047718689	0.650773048770871	65.8809686359275	-4.11233691282955	1
X2902273	68.9861791005576	0.398380574750558	68.0967981099964	0.49100041581057	1
X2902274	67.7122763568312	1.76440132425431	68.3620615605661	-2.41418652798926	1
X2902275	62.795857548467	2.6152175990627	51.1510183682971	9.02962158110714	1
X2902276	31.404512951112	1.41197045972695	30.1118118864691	-0.119269395084004	1
X2902277	0.111734686602233	1.51132406045191	-0.950688295834048	-0.448901078015593	1
X2902278	1.30523324096005	0.809282277427687	-4.71424892963193	5.2101998931643	1
X2902279	18.396117615527	-0.0982001672217367	15.7185225365936	2.77579524615515	1
X2902280	63.5913913446171	1.69917341398657	65.3492849008101	-3.4570669701796	1
X2902281	95.6624088141333	1.76440132425431	94.0234361584339	-0.125428668555021	1
X2902282	59.1590626624028	0.588968381264501	51.0636672851213	7.506426996017	1
X2902283	21.8730003421222	-0.719097426204105	31.5267840107077	-8.93468624238138	1
X2902284	79.5766879806689	0.48897309362676	78.9728997484369	0.114815138605203	1
X2902285	44.8715076202427	1.3068953437636	45.4166010113055	-1.85198873482638	1
X2902286	-1.57541468329048	-0.719097426204105	6.26350548317607	-7.11982274026242	1
X2902287	-10.1362067584939	-1.50000381435381	2.75132484210831	-11.3875277862484	1
X2902288	0.304973291567279	-1.16343220154885	12.20751476751	-10.7391092743938	1
X2902289	64.6670174286595	0.650773048770871	62.9872391989719	1.02900518091664	1
X2902290	-4.71579719058386	-0.435749745926265	-7.16272711166841	2.88267966701081	1
X2902291	-9.45582692958979	-0.527534167029479	-9.72504891056276	0.796756148002489	1
X2902292	74.8676926133085	0.650773048770871	74.3220320853736	-0.105112520836085	1
X2902293	-5.90503581935316	0.769612608706615	-7.24638505666481	0.571736628604991	1
X2902294	11.1947564260792	1.26483996476604	8.12799073891971	1.80192572239343	1
X2902295	54.0688548261297	1.17353173735562	50.4547543502488	2.44056873852533	1
X2902296	8.67039666569039	-0.527534167029479	10.9445213949551	-1.7465905622352	1
X2902297	46.3103780148675	1.50763097074108	40.9425264117375	3.86022063238894	1
X2902298	51.2242390252051	1.12780465176211	48.0731963155784	2.02323805786471	1
X2902299	-21.3537406029383	-0.823815078624848	-11.5498390100388	-8.98008651427469	1
X2902300	14.7500801253541	-2.33861743370967	15.055051494131	2.03364606493286	1
X2902301	25.3754880220667	-0.39309374961834	28.3500906001406	-2.58150882845553	1
X2902302	-78.7589352833239	-1.78040583311389	-71.3389073098772	-5.63962214033277	1
X2902303	-64.1833133940902	-0.386418622347082	-59.7600666646639	-4.03682810707909	1
X2902304	10.1550387310604	-1.84440888020578	20.5750313012163	-8.57558368995017	1
X2902305	-6.3844793385346	-0.736519004500255	-10.5487760631974	4.90081572916304	1
X2902306	-4.7054079938185	0.446827973105181	-3.56025203512586	-1.59198393179782	1
X2902307	-58.7868291314959	-0.304735919659123	-64.584266326675	6.1021731148383	1
X2902308	-65.4710994764866	-2.73470054815087	-64.5318234067093	1.79542447837347	1
X2902309	5.17872137274709	-0.39309374961834	7.65607738290394	-2.08426226053853	1
X2902310	-46.9806745906439	-3.01928637140968	-43.7252346006806	-0.236153618553669	1
X2902311	-51.2854806469416	-0.357797522402112	-53.6247710845075	2.69708795996801	1
X2902312	-46.3889161861323	-3.62304254822217	-38.0947074791773	-4.6711661587326	1
X2902313	-60.3320370100461	-3.01928637140968	-58.2291305139903	0.916379875353911	1
X2902314	-5.20105071759196	-2.73787797376655	-3.10369919888141	0.640526455055977	1
X2902315	-17.3701425841064	-0.62974362270206	-22.607725027392	5.86732606598768	1
X2902316	-51.0448195631832	-3.62304254822217	-49.044367402156	1.62259038719496	1
X2902317	-17.8218629302588	-0.194232346110042	-18.5588340911041	0.931203506955305	1
X2902318	-38.911764668169	-1.84440888020578	-31.2714110712223	-5.79594471674089	1
X2902319	-6.58693212368362	-1.1784983122941	-7.87195162905338	2.46351781766385	1
X2902320	-23.0366754162731	-2.33428326008439	-15.2291219357569	-5.47327022043182	1
X2902321	-1.18473415233669	-0.733853535829474	6.94063587133507	-7.39151648784229	1
X2902322	-72.4047438954789	-2.48828433063106	-60.8535406237026	-9.06291894114513	1
X2902323	-69.6987234759359	-1.99919910218609	-54.261191118215	-13.4383332555348	1
X2902324	5.39715018117823	-1.82362796192945	5.16429732737413	2.0564808157336	1
X2902325	-16.9019878815488	-1.82362796192945	-13.2471644588141	-1.83119546080523	1
X2902326	-79.836104366933	-4.55198524387281	-58.7418957599475	-16.5422233631127	1
X2902327	-19.2548016026002	-2.35443575743296	-7.28240122512864	-9.6179646200385	1
X2902328	-20.6900179490573	-0.358302114221834	-13.4316292731924	-6.90008656164314	1
X2902329	-40.3797155493065	-0.928888879094803	-28.5065817150579	-10.9442449551538	1
X2902330	-75.7719504712882	-3.26919408562799	-70.4331393988415	-2.06961698681877	1
X2902331	-4.45612493011497	-1.50000381435381	-0.726606183056927	-2.2295149327042	1
X2902332	-74.9426397367896	-4.71200079190829	-54.2504454149822	-15.980193529899	1
X2902333	-10.8997083643305	-0.593418839915525	-9.93372029952744	-0.372569224887495	1
X2902334	-24.5485447415817	-3.03138228678181	-17.9643174970218	-3.55284495777808	1
X2902335	-16.6511559071374	-2.33428326008439	-6.71749730757294	-7.59937533948014	1
X2902336	-48.5276068023245	-1.1784983122941	-47.3984148514196	0.0493063613892111	1
X2902337	1.55940372865267	-1.82362796192945	3.75430471918758	-0.371273028605502	1
X2902338	-77.652804797147	-4.71200079190829	-57.1810991816143	-15.7597048236246	1
X2902339	-54.2614807912268	-4.71200079190829	-47.0675944282942	-2.48188557102426	1
X2902340	-67.3854843484596	-0.978126324419562	-66.0650852241953	-0.342272799844943	1
X2902341	-19.9599278411224	-1.15927929431646	-16.4229245286871	-2.3777240181188	1
X2902342	-6.85230010022664	-0.460468429793035	-4.99188513720648	-1.39994653322709	1
X2902343	-34.6531936645382	-0.748609645454843	-31.7384325897293	-2.16615142935412	1
X2902344	-11.6930863911951	-1.99919910218609	-7.61316513919183	-2.08072214981721	1
X2902345	87.5664319334991	-0.460468429793035	85.5567468634631	2.47015349982909	1
X2902346	83.1182789131299	0.40151459079223	78.4508833391132	4.2658809832246	1
X2902347	-13.9916484600579	-2.92246326832507	-21.5129885221253	10.4438033303926	1
X2902348	96.5069328418393	0.398380574750558	101.849890138889	-5.74133787180078	1
X2902349	67.0896225537681	-2.70210008300554	78.4415486743056	-8.64982603753214	1
X2902350	58.303490439487	0.40151459079223	49.4743706819041	8.42760516679067	1
X2902351	9.22284242048605	-2.18895053678828	7.87416228018906	3.53763067708527	1
X2902352	68.6280299141011	1.87025352246257	58.0936312124894	8.66414517914899	1
X2902353	27.5527374959154	-3.00485065375337	32.3107184613301	-1.75313031166128	1
X2902354	19.7847003341213	-2.42961500832141	13.1977694945868	9.01654584785602	1
X2902355	61.4023737509755	1.78380643746435	56.2002124113295	3.41835490218173	1
X2902356	17.2710303201529	-2.81353847935852	19.3707675697873	0.713801229724182	1
X2902357	73.5864217747525	1.87025352246257	63.8910305187293	7.82513773356043	1
X2902358	3.24676586768998	0.113145537761676	-3.35299559609309	6.48661592602139	1
X2902359	38.3049523636209	-2.18895053678828	34.4684699379171	6.02543296249216	1
X2902360	71.1690183093408	-1.78374829982351	70.6731270816976	2.27963952746668	1
X2902361	61.7492432884328	0.971022002174302	61.6000987318706	-0.821877445612152	1
X2902362	-20.9333528921808	-1.64805682167282	-27.758644878843	8.47334880833506	1
X2902363	-4.96832682854842	-1.13466685460404	-1.24504511751462	-2.58861485642976	1
X2902364	-2.24269312391425	-1.01457008922185	-0.624406280640921	-0.603716754051492	1
X2902365	-4.09268077852699	1.28646756978985	1.33236012732297	-6.71150847563984	1
X2902366	43.5227267241964	-0.460468429793035	46.2541859963442	-2.27099084235466	1
X2902367	10.838875084998	-1.13466685460404	12.5140132024011	-0.540471262799028	1
X2902368	41.4671987863679	1.50763097074108	38.6072422254194	1.35232559020752	1
X2902369	20.5762388346823	1.75613145648202	16.2667992389978	2.55330813920244	1
X2902370	47.2103905283053	1.24436368743113	44.5763204458941	1.38970639498009	1
X2902371	53.9375880144505	1.8593325520436	46.7414120609974	5.3368434014096	1
X2902372	67.3987259480569	1.92979064324691	69.0439275414138	-3.57499223660377	1
X2902373	66.0891372953906	2.34825722604192	56.5174745038408	7.22340556550797	1
X2902374	-9.15675787737472	-1.82362796192945	-2.39603492686654	-4.93709498857879	1
X2902375	60.221531190384	0.678006407698245	65.4630251164109	-5.91950033372513	1
X2902376	11.9601663664829	-1.09083539691398	13.5435884047613	-0.492586641364327	1
X2902377	55.4672776538111	-1.15927929431646	53.8126958720979	2.81386107602972	1
X2902378	15.1738335108202	-1.82362796192945	10.4176707728669	6.57979069988282	1
X2902379	-6.06652305795466	-1.82362796192945	1.12681341221757	-5.36970850824276	1
X2902380	4.97147828060252	-0.593418839915525	6.86109802497625	-1.29620090445821	1
X2902381	19.9204794280332	2.25244956838583	13.8696280168294	3.79840184281793	1
X2902382	47.3632257673221	0.812361422355039	42.7883437010764	3.76252064389078	1
X2902383	9.80707195992187	-0.195443073665956	6.57750359748243	3.42501143610542	1
X2902384	68.5391560761508	1.69917341398657	61.2024843784395	5.63749828372468	1
X2902385	29.396756759877	0.817837378648526	33.5417819924234	-4.96286261119491	1
X2902386	19.3388182425152	1.81801297392232	13.0170369228595	4.50376834573342	1
X2902387	50.4360419806392	2.34825722604192	41.240183997706	6.84760075689131	1
X2902388	10.4660214404451	-0.593418839915525	17.4102652258821	-6.35082494552156	1
X2902389	55.4305842843252	1.81801297392232	47.8097607190202	5.80281059138275	1
X2902390	49.5582756843253	2.903216758997	44.5785188253104	2.07654010001778	1
X2902391	98.5204955776965	2.34825722604192	87.8614033458182	8.31083500583638	1
X2902392	19.0198591343328	-1.3224514503783	23.7118738743919	-3.36956328968078	1
X2902393	86.3391777238372	3.41004688229398	75.0756614696304	7.85346937191301	1
X2902394	50.307546069462	0.817837378648526	45.9430748448168	3.5466338459967	1
X2902395	6.57263518849445	1.81801297392232	0.623291914662935	4.13133029990923	1
X2902396	33.583944203288	1.81801297392232	26.9652165766776	4.80071465268803	1
X2902397	-62.8026414577509	-5.15544619538924	-60.6785575429184	3.03136228055673	1
X2902398	16.2796905988868	-0.435749745926265	23.5557017262602	-6.84026138144719	1
X2902399	-71.7647631397467	-4.93372349364876	-65.5906877783356	-1.24035186776235	1
X2902400	-71.2430625750714	-3.97650493252922	-63.789106953759	-3.47745068878335	1
X2902401	-60.7472600647838	-3.03978608798032	-52.8897163712077	-4.8177576055956	1
X2902402	-81.8718670063674	-5.15544619538924	-71.9316617594082	-4.7847590515702	1
X2902403	-14.4832070340796	-3.12978438619474	-0.424771749077038	-10.9286508988079	1
X2902404	-74.1579503096424	-4.92912658852135	-58.131074045398	-11.097749675723	1
X2902405	-63.2377728473773	-3.97650493252922	-58.7014286488155	-0.55983926603294	1
X2902406	-33.5647496655983	-4.16673520422352	-26.4297997826818	-2.96821467869301	1
X2902407	-21.2078214800019	-2.33428326008439	-10.7202113565591	-8.15332686335846	1
X2902408	-58.7803335502922	-0.792820447290274	-56.8119625379986	-1.17555056500328	1
X2902409	-1.30686815717355	-0.460468429793035	-0.739419007580671	-0.10698071979985	1
X2902410	-26.8866704846961	-2.31413076273582	-15.0386351137574	-9.53390460820302	1
X2902411	8.185649231622	-0.283945622320144	9.28808054931174	-0.818485695369602	1
X2902412	-56.064910604536	-1.13466685460404	-48.1009183019154	-6.82932544801659	1
X2902413	0.919362823907837	-0.327518019670545	4.36831899322543	-3.12143814964705	1
X2902414	-16.5673643333349	-0.327518019670545	-8.86438457948615	-7.37546173417823	1
X2902415	12.9926748827448	-0.327518019670545	18.8973415658581	-5.57714866344279	1
X2902416	4.61573986282924	-2.80129013509944	11.3973812439154	-3.98035124598679	1
X2902417	-80.9337939620547	-4.87201633994377	-72.5652951160045	-3.4964825061062	1
X2902418	-97.5572146926308	-3.82470337373111	-90.3162796443383	-3.41623167456147	1
X2902419	-84.6857916009435	-4.87201633994377	-66.6894757177089	-13.1242995432908	1
X2902420	-20.1909225243283	-1.31297266377452	-19.3170419931436	0.439092132589819	1
X2902421	-74.7821079729797	-3.82470337373111	-68.066572899829	-2.89083169941939	1
X2902422	-19.2104837787455	-1.83657542715877	-13.7616817829979	-3.61222656858888	1
X2902423	-81.7629105694151	-4.71200079190829	-62.0267519726575	-15.0241578048493	1
X2902424	-65.3526232688846	-3.82168037024068	-57.620267602935	-3.91067529570883	1
X2902425	-15.3749297218416	-0.719097426204105	-10.2335385708751	-4.42229372476237	1
X2902426	-99.2074428111332	-1.64396244693922	-88.6130889413691	-8.95039142282492	1
X2902427	-0.733510399191768	-1.82362796192945	7.08086467085961	-5.9907471081219	1
X2902428	-83.6251100438905	-4.0227471151301	-76.6767441602331	-2.92561876852735	1
X2902429	0.228904559806529	-1.31297266377452	1.02553752341628	0.516339700164731	1
X2902430	-107.229016501378	-4.87201633994377	-96.5819471579013	-5.77505300353243	1
X2902431	-86.4190477995806	-4.87201633994377	-67.7938965678209	-13.753134891816	1
X2902432	-66.2307247089548	-1.13466685460404	-58.4698419677336	-6.62621588661717	1
X2902433	-79.1168890426733	-1.15927929431646	-76.730477998592	-1.2271317497648	1
X2902434	-12.6831170544047	0.40151459079223	-12.4838911448553	-0.600740500341727	1
X2902435	-4.86779213757351	-1.31297266377452	0.194699905573708	-3.74951937937276	1
X2902436	-88.4988945142046	-4.93832039877618	-89.6130956354097	6.05252151998112	1
X2902437	-85.0523704235734	-3.82470337373111	-78.0327167990796	-3.19495025076284	1
X2902438	-50.7926844676959	-2.33861743370967	-46.1693912964203	-2.28467573756585	1
X2902439	-93.3145587391266	-4.93832039877618	-88.438795580408	0.0625572400578479	1
X2902440	8.81948253846403	0.113145537761676	4.77179419788071	3.93454280282165	1
X2902441	-9.02798657528161	-0.736519004500255	0.509578835934567	-8.8010464067159	1
X2902442	-5.46430331006401	-0.733853535829474	1.80816352266714	-6.53861329690167	1
X2902443	0.777904449126369	-1.83657542715877	2.06708117641145	0.547398699873676	1
X2902444	-4.35974962791107	0.113145537761676	-6.27845173406264	1.80555656838985	1
X2902445	-58.582461995395	-4.87201633994377	-42.0735020085526	-11.6369436468987	1
X2902446	-27.070564792804	-1.82362796192945	-24.8398507007852	-0.407086130089284	1
X2902447	-4.19428590223739	0.113145537761676	-7.97696004883682	3.66952860883773	1
X2902448	-84.121461404577	-1.64396244693922	-82.6419898789561	0.164490921318432	1
X2902449	-2.26074389020106	-1.64396244693922	-5.07400262017447	4.45722117691265	1
X2902450	11.9493011745418	-4.93372349364876	21.1363823715589	-4.25335770336831	1
X2902451	82.6704764936034	2.6152175990627	84.4390896308633	-4.38383073632256	1
X2902452	-11.7341361443317	-0.665656833922567	-9.94201765764913	-1.12646165276	1
X2902453	4.20150247674581	-0.194232346110042	0.977753375526136	3.41798144732973	1
X2902454	-16.9685873038701	-1.82362796192945	-6.99632377907549	-8.14863556286516	1
X2902455	46.0009727403103	2.6152175990627	41.5986304775598	1.78712466368784	1
X2902456	58.0774620815681	1.28646756978985	64.83882009502	-8.04782558324164	1
X2902457	24.4063331869805	1.87111864423392	31.5055014621168	-8.97028691937015	1
X2902458	77.6500843657422	1.8593325520436	80.8375426906259	-5.04679087692727	1
X2902459	4.6205489021838	1.91418946052396	10.9305792697714	-8.22421982811155	1
X2902460	-15.7591832197006	-0.466406733324445	-14.2343020796264	-1.05847440674967	1
X2902461	56.663121643443	3.72549244990954	46.2994286817335	6.6382005117998	1
X2902462	2.47844413835061	3.72549244990954	-6.33360073540646	5.08655242384754	1
X2902463	18.5070801075606	2.31237507122714	10.0580279623902	6.1366770739433	1
X2902464	7.83456207979464	-0.466406733324445	9.16317326579048	-0.862204452671343	1
X2902465	0.844796401019141	-0.964174806613827	8.70173887381392	-6.89276766618094	1
X2902466	36.2983217806406	-1.64805682167282	45.7352810351622	-7.78890243284874	1
X2902467	35.1979471541126	2.73516720906906	36.9142335111757	-4.45145356613218	1
X2902468	47.0383946717329	4.4111553449372	39.9388162709015	2.68842305589414	1
X2902469	-7.78402902404129	2.31237507122714	-12.0440577856266	1.94765369035819	1
X2902470	32.9103816049218	2.31237507122714	29.1821901613733	1.41581637232141	1
X2902471	60.5769482084001	-0.265574993392831	61.0533147771163	-0.210791575323307	1
X2902472	-57.0163354577669	-1.31297266377452	-56.829625774815	1.12626298082269	1
X2902473	25.5439956377171	-0.844289101267933	20.0734567698687	6.3148279691164	1
X2902474	8.48939002756159	0.40151459079223	-4.01241992274077	12.1002953595101	1
X2902475	-13.0246576932477	-0.265574993392831	-17.7843673364371	5.02528463658231	1
X2902476	5.68729590648077	0.689883643822785	-4.19896585866726	9.19637812132525	1
X2902477	-14.5858661548593	-0.981982880609818	-27.8189719713347	14.2150886970853	1
X2902478	-64.2858510579852	-4.93832039877618	-58.1774114143273	-1.17011924488182	1
X2902479	-15.7003510904136	0.40151459079223	-25.6592065216845	9.5573408404787	1
X2902480	-0.984739223989898	-1.64805682167282	-5.06782853692317	5.73114613460608	1
X2902481	-63.499849966434	-1.31297266377452	-78.725641288125	16.5387639854656	1
X2902482	-35.6067431790133	-1.64805682167282	-45.3072538983822	11.3485675410418	1
X2902483	-83.3396800479197	-4.22079085652908	-87.9772049594686	8.85831576807803	1
X2902484	-80.7472172209319	-0.665656833922567	-85.1520649440364	5.07050455702721	1
X2902485	-24.6172156783949	-1.34043226421335	-30.3654489254694	7.08866551128789	1
X2902486	-11.4622400460265	0.689883643822785	-24.1111950913181	11.9590714014688	1
X2902487	-5.61443780611744	0.40151459079223	-18.0050519940874	11.9890995971777	1
X2902488	-9.78320313370311	-0.435749745926265	-16.0823940823974	6.73494069462055	1
X2902489	-29.093515139398	-1.31297266377452	-39.4255848270312	11.6450423514077	1
X2902490	6.57240139539082	-0.265574993392831	11.9078267126663	-5.0698503238826	1
X2902491	63.2157663824466	2.6152175990627	60.7860634252468	-0.185514641862892	1
X2902492	21.1705996913393	-0.733853535829474	25.8153285211039	-3.91087529393504	1
X2902493	46.1693870759252	0.398380574750558	51.3052104336961	-5.53420393252141	1
X2902494	39.5907805602646	3.38870499399886	34.9761875220668	1.22588804419892	1
X2902495	89.7953198139754	2.6152175990627	90.8740332884089	-3.69393107349642	1
X2902496	7.39095747406424	-0.719097426204105	20.0755394916333	-11.965484591365	1
X2902497	61.7774620773848	0.588968381264501	60.1009383039941	1.08755539212611	1
X2902498	3.44366850082475	2.58050944932462	-0.428497277154222	1.29165632865435	1
X2902499	62.0154409470026	1.92979064324691	60.6516401626838	-0.565989858927982	1
X2902500	31.6651595612097	1.79525837919786	33.4238440418801	-3.55394285986823	1
X2902501	40.3106087806757	2.46527066912479	39.3252492836787	-1.47991117212776	1
X2902502	2.97681563268246	0.274770059845809	10.591491886471	-7.88944631363433	1
X2902503	66.1139160711257	3.38870499399886	62.9776700706629	-0.252458993536113	1
X2902504	26.2292903832558	-0.719097426204105	33.4142045878491	-6.46581677838929	1
X2902505	11.3343798775838	-0.719097426204105	23.3903671044454	-11.3368898006575	1
X2902506	29.6476847294555	-0.719097426204105	35.5032067307374	-5.13642457507774	1
X2902507	30.0434601715468	-0.419982917466433	35.0152073394437	-4.55176425043037	1
X2902508	57.8292854738551	-0.435749745926265	63.4834925203688	-5.21845730058726	1
X2902509	26.5053959537356	1.51132406045191	25.5784228045658	-0.584350911282093	1
X2902510	-71.048287719205	-0.525879080406434	-69.3930999182753	-1.12930872052332	1
X2902511	-84.3530252992636	-4.93832039877618	-84.8308527696985	5.41614786921137	1
X2902512	-20.3566201471103	-1.31297266377452	-27.8454040060673	8.80175652273159	1
X2902513	-14.4354968721881	-1.64396244693922	-9.17773395421245	-3.61380047103646	1
X2902514	-2.31357749813846	0.113145537761676	-10.2965356998122	7.86981266391204	1
X2902515	-62.9974957518883	-1.64396244693922	-58.8844565681781	-2.46907673677109	1
X2902516	-36.384492395148	-0.733853535829474	-31.4131487158923	-4.23749014342631	1
X2902517	-9.25770529716485	-0.593418839915525	-2.33281846808816	-6.33146798916117	1
X2902518	-74.514891446402	0.113145537761676	-76.1382709117556	1.51023392759203	1
X2902519	-47.7331483203932	-4.87201633994377	-36.2136496965438	-6.64748228390581	1
X2902520	-18.0131605856864	-4.62144405350154	-12.3054267597247	-1.08628977246009	1
X2902521	-82.0164145170163	-2.18895053678828	-77.5376371596551	-2.28982682057283	1
X2902522	-80.2433598237861	-4.87201633994377	-77.1468780568153	1.77553457297324	1
X2902523	-0.789992079710239	0.113145537761676	-6.29205036924743	5.38891275177553	1
X2902524	-21.8656694781208	-1.64396244693922	-22.2014938641732	1.97978683299163	1
X2902525	-56.4888928929551	-3.82470337373111	-55.0238104682579	2.35962094903399	1
X2902526	-45.2531224450322	-3.76962023741423	-31.915182517906	-9.56831968971212	1
X2902527	-4.28878675789367	-4.93372349364876	-0.0684314679447047	0.713368203699733	1
X2902528	3.71037490217029	0.40151459079223	-1.23416314974968	4.54302346112775	1
X2902529	-78.2006150401191	-1.64396244693922	-83.1539788042911	6.59732621111127	1
X2902530	15.1353133868263	-0.665656833922567	8.68637345692889	7.11459676382004	1
X2902531	-83.3834469450166	-3.62304254822217	-69.6188167336075	-10.1415876631871	1
X2902532	-0.339107413846476	0.0269658053532982	6.41637151643346	-6.78244473563321	1
X2902533	-4.14666697319851	-0.39309374961834	3.8254364795615	-7.5790097031417	1
X2902534	14.7129196586719	-0.419982917466433	19.4395997717991	-4.30669719566083	1
X2902535	11.9800354620817	-0.86490693452069	9.87202758042314	2.97291481617923	1
X2902536	-56.8386911024466	0.469476026537782	-60.5683382139884	3.26017108500396	1
X2902537	-50.6545564409223	-0.86490693452069	-53.8999344795355	4.11028497313384	1
X2902538	-66.9376532610699	-0.085851422102163	-69.6968460870043	2.84504424803662	1
X2902539	-73.7461395036959	-3.82470337373111	-69.6377646211639	-0.283671508800931	1
X2902540	-50.9082236223445	-2.33861743370967	-42.5504377994892	-6.01916838914565	1
X2902541	1.56755018147334	-0.39309374961834	-1.15886949302029	3.11951342411194	1
X2902542	-5.10005401288732	0.787612164962188	-10.2857199125818	4.39805373473234	1
X2902543	-42.0348331597829	-2.48828433063106	-32.406094213238	-7.14045461591378	1
X2902544	-37.2934820625373	-2.38043541911668	-28.9218107057545	-5.99123593766614	1
X2902545	18.7509717945726	-0.0496684947364251	17.7174966108743	1.08314367843479	1
X2902546	-9.68031652428486	0.787612164962188	-15.0830657132556	4.61513702400853	1
X2902547	-61.4989103426839	0.202532692583613	-64.3989259154188	2.69748288015128	1
X2902548	-28.0465035614645	-2.33861743370967	-20.8326646974186	-4.87522143033624	1
X2902549	-16.8195071537198	-1.01457008922185	-20.3939267376283	4.58898967313026	1
X2902550	-58.3893958305927	-2.20020701067374	-57.2695437679735	1.0803549480546	1
X2902551	-50.0162990954738	-1.31297266377452	-43.2550006152155	-5.44832581648385	1
X2902552	-9.00507639817525	1.26483996476604	1.10461029360072	-11.374526656542	1
X2902553	-62.6259313384042	1.50763097074108	-61.614011148524	-2.51955116062123	1
X2902554	-9.85021468673311	1.81801297392232	-1.74071609855817	-9.92751156209724	1
X2902555	3.11064477943039	1.76440132425431	11.1544633102889	-9.80821985511276	1
X2902556	-53.3659053743747	3.03982955488187	-55.0719008694109	-1.3338340598457	1
X2902557	7.9892753241282	1.28646756978985	14.7490352786311	-8.04622752429283	1
X2902558	-60.3056078966299	-1.64396244693922	-39.9767827151249	-18.6848627345655	1
X2902559	-14.0024981703061	1.58409144606533	-20.019173502638	4.43258388626649	1
X2902560	-9.28864451387975	1.58409144606533	-3.33327581055469	-7.53946014939038	1
X2902561	-78.6525658779546	-0.86490693452069	-69.9203060842697	-7.86735285916464	1
X2902562	-42.392609886549	-0.866359626027938	-35.3352556348276	-6.19099462569349	1
X2902563	-57.1643242451848	-0.0875833541990404	-54.7510426408918	-2.32569825009397	1
X2902564	0.593984411096066	3.45951003972001	-10.0126266851333	7.14710105650935	1
X2902565	-49.4645932923442	-0.422043500969182	-40.9858639385244	-8.05668585285055	1
X2902566	-63.0491289964094	2.55054874973967	-68.2426492344266	2.64297148827755	1
X2902567	19.9295984219285	2.27455865846044	13.8771371500573	3.77790261341074	1
X2902568	-5.14580543519987	1.80926430172406	-9.77637705952263	2.8213073225987	1
X2902569	-4.26351842876278	0.127953010329201	-5.74901537562905	1.35754393653706	1
X2902570	4.68522909460599	3.45951003972001	-4.9105026409468	6.13622169583277	1
X2902571	-57.2731712083368	3.45951003972001	-64.0837031296665	3.35102188160962	1
X2902572	-57.7854760454264	2.76992220942781	-62.6869410534085	2.13154279855433	1
X2902573	-26.4882761853715	3.23719427711509	-29.2777349069777	-0.447735555508974	1
X2902574	19.6709068969902	2.18895065287449	18.7801208080816	-1.298164563966	1
X2902575	-17.4752389365322	-0.578057364712036	-14.2795266271966	-2.61765494462351	1
X2902576	23.2403284347815	3.84706914484447	16.935819019593	2.45744027034395	1
X2902577	89.0833359193385	-0.494930626703457	94.1979652046559	-4.61969865861399	1
X2902578	68.7031065444	2.73516720906906	61.6038773254866	4.36406200984432	1
X2902579	74.3957423832539	1.84173020412654	78.3876076654304	-5.83359548630304	1
X2902580	77.7296197785738	2.73516720906906	68.0625711104777	6.93188145902714	1
X2902581	66.9782062212115	1.37108533702593	65.8339467895587	-0.22682590537339	1
X2902582	58.0742387801217	2.6152175990627	50.0901530116874	5.36886816937164	1
X2902583	31.5074060729095	-0.380017991669827	31.7476835470148	0.139740517564498	1
X2902584	29.7347786677344	1.84173020412654	34.613842416055	-6.72079395244714	1
X2902585	53.055232009342	1.50763097074108	56.2072217727501	-4.65962073414913	1
X2902586	74.3606367277837	1.50494274821586	71.6128336515134	1.24286032805427	1
X2902587	42.6979496551904	1.84173020412654	36.3930716087553	4.46314784230854	1
X2902588	29.7663342886091	-0.385928934020995	32.092395039126	-1.94013181649583	1
X2902589	40.0824798548766	2.6152175990627	33.3218628717238	4.14539938409003	1
X2902590	-3.9200221776099	2.6152175990627	-9.18757138476825	2.65233160809565	1
X2902591	29.6536576721685	2.16357260014592	29.5077888300687	-2.01770375804615	1
X2902592	71.723037476477	1.37108533702593	70.3325884943125	0.0193636451383834	1
X2902593	65.8903890984916	3.46603387387108	59.1151517734891	3.30920345113148	1
X2902594	24.6329165989466	-1.34043226421335	31.6155525208121	-5.64220365765223	1
X2902595	31.5188404649279	1.84173020412654	27.3074159787967	2.3696942820046	1
X2902596	-13.2544575627361	0.40151459079223	-20.1838845540149	6.52791240048665	1
X2902597	-64.3566861631477	-4.1860882189763	-60.7122752550735	0.541677310902028	1
X2902598	-55.6462076608969	-0.866359626027938	-51.0757208959808	-3.70412713888814	1
X2902599	-44.8715187564885	-4.22079085652908	-47.9569924354988	7.3062645355392	1
X2902600	-27.5787183086143	-0.265574993392831	-28.5799977100425	1.26685439482101	1
X2902601	14.8748531624953	0.689883643822785	12.5112996962113	1.6736698224612	1
X2902602	-31.3060413044849	-3.08846984084206	-32.6366030869448	4.4190316233019	1
X2902603	-10.6074418704409	0.44950792320515	-13.5729831700021	2.51603337635603	1
X2902604	-102.949598048549	-4.22079085652908	-100.967866787745	2.23905959572495	1
X2902605	-74.8976048763137	-0.665656833922567	-74.0488972495224	-0.183050792868578	1
X2902606	-62.787083063698	-4.22079085652908	-62.3695739354564	3.80328172828746	1
X2902607	-68.9172380201859	-1.31297266377452	-74.1200707786017	6.51580542219052	1
X2902608	-16.5149384425552	-1.31297266377452	-16.7354659762926	1.53350019751191	1
X2902609	-65.0674259985402	-1.09083539691398	-59.4178223347708	-4.55876826685547	1
X2902610	-16.0270629661175	-5.15544619538924	-7.27942853883302	-3.59218823189522	1
X2902611	32.9074550274462	-0.874288231743422	40.9272725982281	-7.1455293390385	1
X2902612	-17.3753697927923	-1.50000381435381	2.10924105119312	-17.9846070296316	1
X2902613	70.5632814551292	-0.874288231743422	80.7146082006216	-9.27703851374901	1
X2902614	37.7203723342795	-0.435749745926265	38.6958990806647	-0.539777000458965	1
X2902615	26.9429516524256	-0.748609645454843	41.0478378302864	-13.356276532406	1
X2902616	3.90351512064548	-3.76962023741423	21.2855259047573	-13.6123905466976	1
X2902617	2.18888111876597	-2.92618697829288	10.5919475896941	-5.47687949263526	1
X2902618	7.83946426319376	-2.92618697829288	13.4757721071869	-2.71012086570031	1
X2902619	15.0078713917962	-3.76962023741423	25.8453680168814	-7.06787638767098	1
X2902620	-15.9634621413163	-1.50000381435381	-5.82268547221314	-8.64077285474939	1
X2902621	57.0359400974272	-1.50000381435381	65.0044241918622	-6.46848028008095	1
X2902622	46.2850406312086	-2.39934951225771	57.1575981013984	-8.47320795793215	1
X2902623	20.263029388361	-1.82362796192945	21.3525973691684	0.734059981122008	1
X2902624	46.4873839709858	3.04065869638895	28.3254483128234	15.1212769617733	1
X2902625	41.5118470749091	2.6152175990627	30.9975556309231	7.89907384492328	1
X2902626	25.8127003966596	4.4111553449372	12.8301519077791	8.57139314394321	1
X2902627	25.4239692364794	2.34825722604192	21.0369342311534	2.03877777928403	1
X2902628	22.9499925605493	3.72549244990954	8.57839805830125	10.6461020523385	1
X2902629	1.08478542311459	0.626105397001761	-2.55474312369246	3.01342314980532	1
X2902630	20.4834731737593	-1.31297266377452	17.4812051197178	4.31524071781601	1
X2902631	40.4628820356566	3.72549244990954	23.2743836555343	13.4630059302126	1
X2902632	64.158992482858	2.31237507122714	53.7111149811543	8.13550243047669	1
X2902633	5.11328575266827	-1.15927929431646	8.42447242232025	-2.15190737533555	1
X2902634	66.4657414447288	2.73516720906906	59.2982148930314	4.43235934262817	1
X2902635	45.6629196157877	2.31237507122714	31.0405530216033	12.3099915229573	1
X2902636	48.8950000005044	-0.265574993392831	48.5277221325099	0.632852861387317	1
X2902637	-2.03093584960003	-2.81353847935852	6.89046554850929	-6.10786291875086	1
X2902638	-47.6219934062442	-3.82470337373111	-38.4897484404355	-5.30754159207753	1
X2902639	-8.59757028156684	-0.719097426204105	-0.925642455799236	-6.95283039956355	1
X2902640	-6.63386277674085	-0.736519004500255	5.99227884097876	-11.8896226132193	1
X2902641	-16.8259634713524	-1.82362796192945	-6.56497915624227	-8.43735635318059	1
X2902642	-23.1995157063919	-0.743826976381364	-14.8586601988758	-7.59702853113474	1
X2902643	3.29891355332507	-0.719097426204105	11.2522309437642	-7.234219964235	1
X2902644	-38.4102217270882	-4.0227471151301	-29.3986129914743	-4.98886162048353	1
X2902645	4.23173265853649	0.113145537761676	7.5024051438343	-3.38381802305946	1
X2902646	5.5110358646309	-2.81318094453887	5.76286601796547	2.5613507912043	1
X2902647	7.63987966946602	0.327502977511227	10.4627873889652	-3.1504106970104	1
X2902648	-13.4330329428072	-1.82362796192945	-5.42380710828409	-6.18559787259371	1
X2902649	-44.2780863909559	-1.64396244693922	-38.2129403034479	-4.42118364056873	1
X2902650	-0.197935742340581	-1.64396244693922	1.57448008957314	-0.128453384974499	1
X2902651	-51.7426677490546	-1.15927929431646	-45.6274146018087	-4.95597385292939	1
X2902652	-19.754925530203	-1.34043226421335	-9.68779744223928	-8.72669582375036	1
X2902653	-17.4662001482874	-0.733853535829474	-10.8810832935938	-5.85126331886407	1
X2902654	51.422020329204	0.113145537761676	52.8622976568621	-1.55342286541975	1
X2902655	3.45360322356947	0.40151459079223	-2.21742795565279	5.26951658843004	1
X2902656	62.7570766725203	3.72549244990954	54.6991619273373	4.33242229527341	1
X2902657	53.1182773833525	3.03982955488187	45.7261536011851	4.35229422728544	1
X2902658	44.8077783531712	0.44950792320515	40.5978183829087	3.76045204705727	1
X2902659	64.0013185701001	1.28646756978985	68.0992770506357	-5.38442605032557	1
X2902660	-9.21196818295097	-1.64396244693922	7.18897829595765	-14.7569840319694	1
X2902661	26.6836085202223	1.70717122332114	32.8367480202094	-7.86031072330814	1
X2902662	79.0124319882014	3.72549244990954	59.0256097791627	16.2613297591292	1
X2902663	68.8470435146255	2.34825722604192	57.4753947659219	9.02339152266174	1
X2902664	3.93991229466653	2.02030910616944	-0.0827279176891311	2.00233110618623	1
X2902665	-11.9165842989971	2.11600184535898	-24.3275666413515	10.2949804969954	1
X2902666	40.2886705434512	2.58050944932462	25.0696669006712	12.6384941934555	1
X2902667	56.0999517923974	1.76440132425431	44.155961847361	10.1795886207822	1
X2902668	41.369104260988	3.72549244990954	25.8140461157821	11.8295656952964	1
X2902669	9.49134744971476	0.113145537761676	11.2239152008094	-1.84571328885634	1
X2902670	9.19925070232675	4.49556766369841	-11.794936818027	16.4986198566553	1
X2902671	73.0793097739266	2.34825722604192	61.8026579920546	8.92839455582997	1
X2902672	-8.52521812343497	0.113145537761676	-5.29190391117584	-3.34645975002082	1
X2902673	74.2778238238269	4.49556766369841	53.2025206559998	16.5797355041287	1
X2902674	16.8974818893466	3.03982955488187	3.16925852092797	10.6883938135367	1
X2902675	-3.19667974603051	0.113145537761676	-2.37990337323798	-0.929921910554219	1
X2902676	9.7444937102949	0.469476026537782	5.13494318452348	4.14007449923365	1
X2902677	4.42706214743512	-0.733853535829474	8.0680870812817	-2.90717139801708	1
X2902678	57.7759240145058	0.398380574750558	50.1553455915094	7.22219784824579	1
X2902679	-6.99970526778677	-0.358302114221834	1.74262154978889	-8.38402470335384	1
X2902680	-17.3379047737558	-2.33428326008439	-7.89590096609252	-7.1077205475789	1
X2902681	2.85752612364498	-1.29998321759273	10.3005305230894	-6.14302118185177	1
X2902682	13.3403634916983	-0.733853535829474	18.2135142536937	-4.1392972261659	1
X2902683	11.4103068051181	-1.99919910218609	12.4720202506828	0.937485656621393	1
X2902684	-21.4022652546743	-3.03138228678181	-18.7030239200971	0.332140952204568	1
X2902685	10.8334766781877	-1.50000381435381	17.8760552307369	-5.54257473819535	1
X2902686	5.93640627922391	-0.593418839915525	0.853986428851112	5.67583869028831	1
X2902687	-16.854768325136	-0.460468429793035	-13.0328881116809	-3.36141178366194	1
X2902688	-70.8783126889141	-0.86490693452069	-70.6409157896665	0.627510035273095	1
X2902689	5.78980572582711	1.76440132425431	-0.175357212150405	4.20076161372322	1
X2902690	19.3827200190504	3.72549244990954	6.68804378006842	8.9691837890724	1
X2902691	-54.7552023042567	1.58409144606533	-65.3371528862249	8.99785913590275	1
X2902692	-53.1042602725865	-1.64396244693922	-44.7031309020832	-6.7571669235642	1
X2902693	-40.0348461322283	3.03982955488187	-52.0354389454604	8.9607632583502	1
X2902694	9.63802813047377	1.28646756978985	14.8248013085084	-6.4732407478245	1
X2902695	-66.3482804324624	-0.665656833922567	-66.4110435785859	0.728419980046163	1
X2902696	-37.5299309075628	-0.86490693452069	-37.9248456664589	1.25982169341673	1
X2902697	-0.505049196637032	-0.665656833922567	-3.89199667815917	4.05260431544472	1
X2902698	34.6415325962646	1.84173020412654	24.7385070875329	8.06129530460519	1
X2902699	7.110959380231	-0.466406733324445	-3.09333954685686	10.6707056604123	1
X2902700	46.8471838599991	1.92979064324691	43.4787927874735	1.43860042927859	1
X2902701	47.383603475396	2.34825722604192	44.5851204530221	0.45022579633185	1
X2902702	40.9781561198947	2.6152175990627	35.0351295787745	3.32780894205732	1
X2902703	78.5420937182679	3.72549244990954	56.8487965126679	17.9678047556905	1
X2902704	8.73220956756998	2.69143344728496	-2.8043207239489	8.8450968442339	1
X2902705	61.6377127384011	3.71219679094917	50.1701187290303	7.7553972184216	1
X2902706	98.5480068398483	3.04065869638895	81.1270501354048	14.3802980080547	1
X2902707	27.2251954214279	2.69143344728496	19.5791814405664	4.95458053357641	1
X2902708	44.891607834274	1.84173020412654	32.5791834221959	10.4706942079515	1
X2902709	-12.2751570181767	0.626105397001761	-17.4990558480285	4.59779343284999	1
X2902710	2.70664201615002	-1.31297266377452	5.89186501617756	-1.87225033625301	1
X2902711	68.4086534907435	4.4111553449372	54.5265280949028	9.47097005090335	1
X2902712	29.4522757586094	-1.64805682167282	33.0785256348201	-1.97819305453797	1
X2902713	33.9235501032939	2.73516720906906	24.1882041024138	7.000178791811	1
X2902714	58.949066282988	1.92979064324691	45.8469748945288	11.1723007452122	1
X2902715	-8.5258568151648	-0.906606137873972	-8.90024317824366	1.28099250095282	1
X2902716	30.5402590761263	0.398380574750558	33.856592003777	-3.71471350240137	1
X2902717	-26.4715729637395	-2.42961500832141	-22.3433695611756	-1.69858839424247	1
X2902718	-20.7210112476397	0.469476026537782	-23.1274636735587	1.9369763993812	1
X2902719	53.0946666254197	2.11600184535898	48.3320459732356	2.6466188068251	1
X2902720	-10.1469047552254	-2.81353847935852	-9.05127340109734	1.71790712523055	1
X2902721	1.10777031141277	-2.81353847935852	1.50566278399646	2.41564600677484	1
X2902722	-11.5250122062005	-2.53789204823568	-4.76429248817772	-4.22282766978716	1
X2902723	-9.62323592553261	-2.70210008300554	4.26164651822545	-11.1827823607525	1
X2902724	34.1851746208174	0.0322967426948612	35.8054422490052	-1.6525643708827	1
X2902725	10.838875084998	-1.13466685460404	12.5140132024011	-0.540471262799028	1
X2902726	-32.8198459689951	-0.132146290133932	-30.6255260732571	-2.0621736056041	1
X2902727	-72.1575377219504	0.469476026537782	-73.9353171489293	1.30830340044126	1
X2902728	-56.5692962453365	-0.86490693452069	-59.4706064299722	3.76621711915627	1
X2902729	-28.1445859547661	-1.13466685460404	-31.1929412181267	4.18302211796467	1
X2902730	-5.13644147357952	0.626105397001761	-7.37729850739837	1.61475163681706	1
X2902731	-58.6779696682783	-0.86490693452069	-58.8842855864043	1.07122285264663	1
X2902732	5.04456699885296	0.626105397001761	2.3765860845582	2.04187551729302	1
X2902733	-7.40408086652755	1.7287943716923	-14.0423749178272	4.90949967960738	1
X2902734	53.0340648610133	0.650773048770871	52.6343484382079	-0.251056625965595	1
X2902735	29.4802611527202	2.6152175990627	25.6096657216228	1.25537783203472	1
X2902736	44.9287549435785	1.76440132425431	36.8211617868097	6.34319183251458	1
X2902737	35.5450363173406	0.650773048770871	25.0216776707977	9.87258559777215	1
X2902738	3.3526110619864	0.465078625770124	0.41380645365243	2.47372598256387	1
X2902739	48.8126201596977	2.58050944932462	38.6397834711326	7.59232723924044	1
X2902740	11.1186277714018	0.626105397001761	-1.7883655864562	12.2808879608563	1
X2902741	45.6826773021522	2.58050944932462	35.0396241611103	8.06254369171725	1
X2902742	64.4933187559554	5.13860982859193	45.8637484473954	13.490960479968	1
X2902743	18.2133438589298	3.03982955488187	-0.0755223232710316	15.249036627319	1
X2902744	48.0941064149235	3.72549244990954	30.5196958424179	13.848918122596	1
X2902745	33.3533222851913	3.03982955488187	13.6044897772215	16.7090029530879	1
X2902746	-2.1125468831805	0.113145537761676	-1.09511838907398	-1.13057403186822	1
X2902747	8.5844374693861	3.12790258986385	-3.98652688842953	9.44306176795176	1
X2902748	22.6861973378642	0.113145537761676	18.1053105492281	4.46774125087447	1
X2902749	30.7905336488363	3.03982955488187	7.64980817665204	20.1008959173024	1
X2902750	37.3023121529504	2.6152175990627	28.2157828059712	6.47131174791641	1
X2902751	15.1871183977614	-0.733853535829474	21.9071652479687	-5.98619331437781	1
X2902752	-45.7747885193178	-3.26919408562799	-41.0427731391773	-1.46282129451249	1
X2902753	-25.1983818439259	-3.97650493252922	-15.2613023905479	-5.96057452084868	1
X2902754	-61.5930200707551	-2.33861743370967	-52.4861442610355	-6.76825837600995	1
X2902755	-53.2308725816958	-3.97650493252922	-46.3279513770475	-2.92641627211898	1
X2902756	-58.5264253083165	-1.60367687528552	-47.8564186066359	-9.06632982639522	1
X2902757	-7.82476381659599	-0.226729642281708	-4.51169662367169	-3.0863375506426	1
X2902758	-40.4774122524057	-3.61127472154135	-34.2190162542305	-2.64712127663391	1
X2902759	-18.8005091535658	0.465078625770124	-16.9644652948192	-2.30112248451674	1
X2902760	-11.557240801813	0.304051854538486	-9.34364941659516	-2.51764323975634	1
X2902761	31.1805355652376	-0.988892275674512	34.0621778431254	-1.89275000221328	1
X2902762	-13.9926140550293	-0.492993087144943	-12.8297631611231	-0.669857806761278	1
X2902763	-15.4770839063822	0.465078625770124	-15.7064717401611	-0.235690791991145	1
X2902764	-66.3522494400644	-0.525879080406434	-66.234754333996	0.408383974338044	1
X2902765	7.6677123795465	-0.525879080406434	4.42693910316684	3.76665235678611	1
X2902766	-35.5567893638277	-2.56409346217183	-29.8668199260781	-3.1258759755778	1
X2902767	77.6367611613226	0.665451234950838	78.894060150596	-1.92275022422447	1
X2902768	31.3002815805413	2.58050944932462	18.7571039761458	9.96266815507086	1
X2902769	18.2098354657251	1.76440132425431	10.4688807785261	5.97655336294465	1
X2902770	13.3275215247183	-0.719097426204105	21.4905396994575	-7.44392074853505	1
X2902771	29.061448566258	-0.435749745926265	32.1543110752391	-2.65711276305483	1
X2902772	20.8962240203799	0.475923467664621	12.6100082547545	7.81029229796099	1
X2902773	-29.282930102977	1.63942826817342	-25.9212377785614	-5.00112059258904	1
X2902774	21.6610878618466	3.72549244990954	11.7273848806236	6.2082105313135	1
X2902775	-46.8172182725779	-0.665656833922567	-47.6153763942088	1.4638149555535	1
X2902776	-42.9173500414418	-1.12880048244189	-32.8995806465755	-8.88896891242433	1
X2902777	1.75315604205547	1.23439301134659	-0.160996436996391	0.679759467705241	1
X2902778	47.9080644242943	2.34825722604192	41.8803358711122	3.67947132714016	1
X2902779	54.8148090431053	0.769612608706615	55.0262861822818	-0.981089747882979	1
X2902780	20.2473020522623	0.704384698438874	21.272596048669	-1.7296786948456	1
X2902781	38.865535896376	0.596196392962765	44.0963498307381	-5.82701032732492	1
X2902782	46.3543027549297	1.23439301134659	50.3181688443189	-5.19825910073571	1
X2902783	58.2971326509583	1.81801297392232	49.5710163547846	6.90810332225137	1
X2902784	35.0798150323086	2.09961089735856	34.343784241556	-1.36358010660595	1
X2902785	-2.96898990217699	-1.99919910218609	1.49865611063748	-2.46844691062837	1
X2902786	40.8952747932203	2.34825722604192	41.2416039344345	-2.69458636725618	1
X2902787	-10.6025353703381	-1.16343220154885	1.80697201601336	-11.2460751848026	1
X2902788	15.4700759855538	0.713602587536109	14.5305470595769	0.225926338440832	1
X2902789	28.4158296252813	-0.733853535829474	27.1944626706712	1.95522049043956	1
X2902790	-10.4369966761321	0.104210960257498	-9.54266861081391	-0.99853902557565	1
X2902791	50.9917595976356	1.26363400589811	51.5197180437495	-1.79159245201191	1
X2902792	8.75057740971555	1.26483996476604	11.8462274758154	-4.36049003086591	1
X2902793	51.9261229146259	0.869504633767012	53.0939280340328	-2.03730975317391	1
X2902794	41.3718716557135	1.87111864423392	40.4885010988773	-0.987748087397637	1
X2902795	48.3658752732923	1.41197045972695	48.4030544706112	-1.44914965704582	1
X2902796	60.9616903783409	-0.294539696706409	61.8038134069272	-0.547583331879779	1
X2902797	-7.59557859535741	-0.736519004500255	-1.21181615884373	-5.64724343201342	1
X2902798	31.4183741630017	1.3068953437636	32.4510704408718	-2.33959162163369	1
X2902799	-7.34780548802304	1.98379763928824	-3.15806952216447	-6.17353360514679	1
X2902800	-6.54602200984291	0.775485461623843	0.576158751431758	-7.8976662228985	1
X2902801	41.3129772702399	-0.304735919659123	46.0423085433499	-4.42459535345093	1
X2902802	42.4631295801353	2.03506606514671	42.5080782412368	-2.08001472624814	1
X2902803	-11.9900569950367	1.26483996476604	-6.98490289405838	-6.26999406574443	1
X2902804	57.8926748532082	2.87850147816152	52.149200193824	2.86497318122271	1
X2902805	-17.980828322342	-1.82362796192945	-7.25911425284599	-8.89808610756665	1
X2902806	28.5716105689852	0.678006407698245	24.0781036774226	3.81550048386426	1
X2902807	11.9601663664829	-1.09083539691398	13.5435884047613	-0.492586641364327	1
X2902808	72.8163363311983	1.8593325520436	66.6978765009006	4.25912727825417	1
X2902809	55.4672776538111	-1.15927929431646	53.8126958720979	2.81386107602972	1
X2902810	0.789845488388394	-0.194232346110042	2.07707580594631	-1.09299797144787	1
X2902811	74.5371871553615	2.87850147816152	68.0763464953502	3.58233918184987	1
X2902812	18.1672798086413	-1.82362796192945	20.5471015307833	-0.556193760212482	1
X2902813	15.1738335108202	-1.82362796192945	10.4176707728669	6.57979069988282	1
X2902814	1.75453115240796	-1.34630062970879	7.6394389889366	-4.5386072068198	1
X2902815	-4.7467202934221	-0.978126324419562	1.22408315914026	-4.99267712814281	1
X2902816	50.0330269798582	-2.31413076273582	57.7993778247858	-5.45222008219175	1
X2902817	20.5762388346823	1.75613145648202	16.2667992389978	2.55330813920244	1
X2902818	8.40706886526733	0.96866727774332	12.1628701965456	-4.7244686090216	1
X2902819	-6.26316311638437	-0.259226938453374	-4.01938441266918	-1.98455176526182	1
X2902820	-43.1640841277801	2.02030910616944	-45.8014193670082	0.617026133058761	1
X2902821	-37.4582074428346	-0.743826976381364	-27.1685933183105	-9.54578714814286	1
X2902822	17.5990739843245	1.91418946052396	18.9771683353568	-3.29228381155625	1
X2902823	-25.7501084650334	-0.743826976381364	-14.8098169344183	-10.1964645542337	1
X2902824	-1.26208772762309	2.25244956838583	-1.14192526793447	-2.37261202807447	1
X2902825	1.98330195217685	1.63942826817342	6.38089385436589	-6.03702017036244	1
X2902826	-36.1796139898541	1.94670969675639	-34.7376031499105	-3.38872053669997	1
X2902827	15.5776843026306	-0.226729642281708	14.0055872337783	1.79882671113411	1
X2902828	-46.1620617574247	-0.318549329558703	-52.5867762730467	6.74326384518078	1
X2902829	-2.6758145285281	1.51132406045191	0.0644974395169928	-4.251636028497	1
X2902830	-9.6665218750838	-0.0949899597151316	-9.71280230282007	0.141270387451407	1
X2902831	-68.597780330187	1.87111864423392	-77.3271701353194	6.85827116089858	1
X2902832	-3.43645894881929	2.07752175551819	-8.9419874423803	3.4280067380428	1
X2902833	-50.381273034631	-0.318549329558703	-52.2151095203178	2.15238581524549	1
X2902834	-45.5312084548598	-1.15927929431646	-53.3091104491567	8.93718128861337	1
X2902835	2.55512975278588	2.62518827514723	-4.67859729503065	4.6085387726693	1
X2902836	-15.7345867269143	1.50763097074108	-24.2457101357607	7.00349243810535	1
X2902837	-8.64939318672974	2.36175016825539	-13.9944320792108	2.98328872422563	1
X2902838	-42.3846423251783	0.40151459079223	-56.9225368883441	14.1363799723734	1
X2902839	-63.7782304739601	0.626105397001761	-71.2344817308033	6.8301458598413	1
X2902840	-51.7772632899638	-2.92246326832507	-54.2432206412277	5.38842061958891	1
X2902841	-74.8626125347131	-2.81318094453887	-68.4315493858184	-3.61788220435601	1
X2902842	-11.4672116009063	0.40151459079223	-18.1491049039208	6.28037871222225	1
X2902843	-59.6673752211352	-2.42961500832141	-62.1000863408818	4.86232612806806	1
X2902844	-0.438918507887365	0.187947439418442	-2.06506399861736	1.43819805131158	1
X2902845	-9.9404297604128	-0.226729642281708	-9.19331614680192	-0.520383971329173	1
X2902846	-10.9664824951127	-0.194232346110042	-11.1299579831288	0.35770783412623	1
X2902847	-26.242569376119	0.626105397001761	-35.8710632981274	9.00238852500656	1
X2902848	-6.3834944735727	-1.09083539691398	-5.97772531831424	0.685066241655516	1
X2902849	-48.0892904947521	-4.0227471151301	-41.7577636517222	-2.30877972789986	1
X2902850	2.36626397814517	-1.09083539691398	-4.12299893831699	7.58009831337616	1
X2902851	0.635066512548683	-0.750332414399835	-2.78658475045027	4.17198367739878	1
X2902852	-10.8416753888732	-0.665656833922567	-24.334770879104	14.1587523241534	1
X2902853	7.2159809832265	0.782734767465739	-2.07550161417175	8.5087478299325	1
X2902854	-27.8319917556544	-2.92618697829288	-22.0978669770943	-2.80793780026714	1
X2902855	12.8623147579141	-0.385928934020995	12.0888702994552	1.15937339247992	1
X2902856	0.525878680328677	1.76440132425431	-6.9972178538185	5.75869520989288	1
X2902857	55.1509565187171	1.69917341398657	55.028335917939	-1.57655281320854	1
X2902858	-0.0393128905476896	1.79525837919786	-5.79723279166447	3.96266152191892	1
X2902859	61.5646308120695	1.92979064324691	60.9426719372632	-1.30783176844057	1
X2902860	66.9943960772884	0.48897309362676	61.9423418577065	4.56308112595512	1
X2902861	8.98882670291705	-0.719097426204105	15.3645335005784	-5.65660937145719	1
X2902862	48.8942442624163	2.58050944932462	37.5936532977709	8.72008151532087	1
X2902863	-14.2990860781032	1.76440132425431	-20.3980079448178	4.33452054246027	1
X2902864	53.9394042070636	3.38870499399886	40.8575683006156	9.69313091244911	1
X2902865	32.5923926487961	0.475923467664621	25.6860800407328	6.43038914039876	1
X2902866	8.77729204172901	2.35195031575275	5.58163374579298	0.843707980183294	1
X2902867	46.4115936036449	0.650773048770871	49.2289331181161	-3.46811256324195	1
X2902868	64.0221954407171	0.817837378648526	72.7266361026213	-9.5222780405525	1
X2902869	45.7267331397685	1.92979064324691	40.985750214439	2.81119228208257	1
X2902870	48.7190918258416	-0.874288231743422	52.0163188892989	-2.42293883171391	1
X2902871	6.41263092560551	-0.0496684947364251	13.3800018296856	-6.91770240934368	1
X2902872	-6.92086033536649	-0.733853535829474	4.04020292601437	-10.2272097255514	1
X2902873	2.95874899941595	-0.733853535829474	6.56628167617194	-2.8736791409265	1
X2902874	36.0010674843773	1.69917341398657	34.0971221598284	0.204771910562386	1
X2902875	28.850500655226	2.35195031575275	28.9472669190664	-2.44871657959326	1
X2902876	14.8350330286402	0.286395700378405	14.1115934591621	0.437043869099738	1
X2902877	54.0967338745382	-0.747767936965316	57.141808546189	-2.29730673468555	1
X2902878	37.3606918507137	2.6152175990627	26.7864310063569	7.95904324529418	1
X2902879	40.3359367780266	1.94257486858391	35.6661535242584	2.72720838518413	1
X2902880	35.0455170511856	3.72549244990954	17.6877068966956	13.6323177045804	1
X2902881	-3.99988691113708	0.40151459079223	-0.124304836710471	-4.27709666521883	1
X2902882	10.4870192503637	0.782734767465739	8.91861892179998	0.785665561097934	1
X2902883	10.9639970439301	0.40151459079223	6.99044372148573	3.57203873165214	1
X2902884	0.104400985392644	0.626105397001761	-4.22070551319553	3.69900110158645	1
X2902885	45.4519995415065	2.35195031575275	34.6468564752129	8.45319275054069	1
X2902886	5.20332955257259	-1.83657542715877	10.984985969785	-3.94508099005375	1
X2902887	62.8492641267484	1.76440132425431	48.5383974420054	12.5464653604886	1
X2902888	38.6099924038004	1.40187527776997	29.6656173278838	7.54249979814665	1
X2902889	40.3884595338847	1.50763097074108	42.7401643386601	-3.85933577551628	1
X2902890	69.0819194314781	-2.02918840737832	66.8426095924935	4.2684982463628	1
X2902891	47.2880482153901	1.76440132425431	37.4811026045329	8.04254428660287	1
X2902892	60.8442911893592	0.948293199184007	44.2853351740733	15.610662816102	1
X2902893	-6.67088332612652	-1.83657542715877	-1.43168635641079	-3.40262154255692	1
X2902894	38.7968129496483	2.6152175990627	29.7399884796917	6.44160687089394	1
X2902895	2.11733768367757	2.31237507122714	-12.6540398750141	12.4590024874646	1
X2902896	21.8215632703034	3.03982955488187	2.59709312401979	16.1846405914018	1
X2902897	-51.8795434249044	3.03982955488187	-64.0880506044761	9.16867762468981	1
X2902898	25.6103407473514	1.28646756978985	21.0803587364292	3.24351444113237	1
X2902899	-60.6496356521468	2.09488950468973	-64.4595314355256	1.71500627868904	1
X2902900	-63.575500288	1.58409144606533	-74.0874009013811	8.92780916731576	1
X2902901	-23.7069129150896	-1.50000381435381	-16.6683731404459	-5.53853596028987	1
X2902902	77.2699751050659	1.92979064324691	73.6723076058761	1.66787685594276	1
X2902903	66.3279363469987	1.23439301134659	66.0539806951601	-0.960437359507963	1
X2902904	7.18899248752747	-0.733853535829474	14.1800475497408	-6.25720152638392	1
X2902905	-16.2354235943827	-0.0496684947364251	-11.3525447553842	-4.83321034426207	1
X2902906	4.59173547625066	-0.733853535829474	7.45296513332382	-2.12737612124369	1
X2902907	16.7892023686919	2.35195031575275	14.1409314273729	0.296320625566208	1
X2902908	2.80455497395435	-0.197236073316959	10.211890543235	-7.21009949596373	1
X2902909	-7.44200664856377	1.51770537268795	-10.9706405477528	2.01092852650107	1
X2902910	82.2920057200099	-0.747767936965316	85.6736985225792	-2.63392486560399	1
X2902911	41.6709580544838	2.34825722604192	38.3611325985685	0.961568229873334	1
X2902912	65.4129769140061	1.69917341398657	71.9075813298437	-8.19377782982396	1
X2902913	12.9442206583815	1.81801297392232	10.8265514105479	0.299656273911217	1
X2902914	-6.50094785311735	-0.593418839915525	4.65011814461506	-10.5576471578169	1
X2902915	20.0803962156381	0.971022002174302	26.2396417680535	-7.13026755458968	1
X2902916	54.5741283549772	-0.733853535829474	59.5113681359559	-4.20338624514924	1
X2902917	9.0788490222683	0.787612164962188	15.0835575899939	-6.79232073268778	1
X2902918	-2.54610510127538	1.81801297392232	0.15963776451196	-4.52375583970965	1
X2902919	-2.03803405604408	-0.466406733324445	-5.61004820686229	4.03842088414268	1
X2902920	39.6975821094513	1.8593325520436	35.1439472449918	2.69430231241588	1
X2902921	33.4088533681229	3.71219679094917	24.2639606471922	5.43269592998152	1
X2902922	48.3217724927756	3.04065869638895	34.0042870972696	11.2768266991171	1
X2902923	29.2218154114539	4.4111553449372	17.0026707921212	7.80798927439553	1
X2902924	64.2792039355869	2.31237507122714	43.3530865641936	18.6137423001663	1
X2902925	-43.8210009968262	0.113145537761676	-37.9447402275641	-5.98940630702377	1
X2902926	-58.4208143216515	-4.0227471151301	-46.8168751076237	-7.58119209889775	1
X2902927	-52.9706190687092	-2.18895053678828	-42.4512583415255	-8.33041019039541	1
X2902928	1.44555483465448	0.40151459079223	6.13728094992976	-5.09324070606751	1
X2902929	-75.3073468158959	-4.87201633994377	-53.3164850948075	-17.1188453811443	1
X2902930	-55.3976679526087	-1.13466685460404	-42.747446388529	-11.5155547094757	1
X2902931	-58.1575235274123	-1.15927929431646	-53.1214379280794	-3.87680630501648	1
X2902932	-24.7364591019573	-1.34043226421335	-14.5300652057308	-8.86596163201298	1
X2902933	-54.0764175773575	-1.64396244693922	-48.3602259030367	-4.07222922738164	1
X2902934	-8.67421956192255	-1.64396244693922	-0.465533186947052	-6.56472392803636	1
X2902935	27.2451745536137	2.58050944932462	22.2149084623911	2.44975664189793	1
X2902936	45.5020413953392	2.46527066912479	43.0602235481355	-0.0234528219210323	1
X2902937	48.2169889845099	1.92979064324691	54.8238989337576	-8.5367005924946	1
X2902938	5.89135136616963	1.79525837919786	5.20843100342261	-1.11233801645085	1
X2902939	15.3297495253654	-0.0982001672217367	18.0774547718745	-2.64950507928737	1
X2902940	64.7388191385611	1.76440132425431	59.1879579437316	3.78645987057512	1
X2902941	23.761047430192	1.87055329309734	26.6744445958777	-4.78395045878302	1
X2902942	-41.9508495963578	0.626105397001761	-46.5049907019218	3.92803570856209	1
X2902943	-52.6768953150373	-4.0227471151301	-53.4515104405856	4.79736224067826	1
X2902944	-35.5544446675562	-0.533613972155149	-30.0867441870481	-4.93408650835297	1
X2902945	-33.8235501649776	-2.92618697829288	-24.4462412792713	-6.45112190741333	1
X2902946	-8.662629008011	-4.32996731683627	-2.14349025564548	-2.1891714355293	1
X2902947	36.6581641023827	2.09488950468973	26.9400552832783	7.6232193144146	1
X2902948	72.7421918120615	2.31237507122714	58.6796215497888	11.7501951910456	1
X2902949	-4.13956591196544	0.469476026537782	-3.42440287602216	-1.18463906248108	1
X2902950	19.1065530233851	-1.64396244693922	13.5465569131502	7.20395855717416	1
X2902951	1.46405753076988	-1.12880048244189	8.0575008050826	-5.46464279187082	1
X2902952	-1.14139196307745	-1.50000381435381	7.39745605051552	-7.03884419923917	1
X2902953	62.9852509562636	-1.82362796192945	64.1155817641263	0.69329715406682	1
X2902954	69.6860309440623	1.84173020412654	65.2809348447741	2.56336589516168	1
X2902955	7.25053874788782	4.49556766369841	-10.7606786131853	13.5156496973746	1
X2902956	-11.0086554240755	1.80385898759625	-14.5658982579016	1.75338384622994	1
X2902957	-4.32246566093106	-0.733853535829474	-0.257944461045618	-3.33066766405597	1
X2902958	30.6395053230257	-0.317359319534285	30.2749304310448	0.681934211515159	1
X2902959	33.5953935240633	1.61037946068928	26.0660887314653	5.91892533190861	1
X2902960	-2.8275451465797	-2.93638136704953	-3.72229568864815	3.831131909118	1
X2902961	-7.62034389853625	0.465078625770124	-13.7440359022632	5.65861337795679	1
X2902962	-5.29592907481756	-1.23702520611886	-12.0962459637989	8.03734209510022	1
X2902963	54.1748452738551	1.94257486858391	41.0248746907777	11.2073957144933	1
X2902964	1.59022531227299	-2.81318094453887	1.16039470496976	3.24301155184211	1
X2902965	-12.1638411302441	-2.52935278817977	-14.8951423510709	5.26065400900657	1
X2902966	-18.8924926930496	0.44950792320515	-29.3064260332391	9.96442541698428	1
X2902967	73.463451271992	4.3478315873269	63.2260648919751	5.88955479269007	1
X2902968	26.8165304767067	2.34825722604192	18.0960605494067	6.37221270125808	1
X2902969	19.2780311007314	0.113145537761676	6.87501169777064	12.289873865199	1
X2902970	10.4764732408876	3.03982955488187	-5.78130282119778	13.2179465072035	1
X2902971	4.84171153806402	0.113145537761676	1.0158499869081	3.71271601339424	1
X2902972	-1.91086814946099	0.327502977511227	-2.17940701805016	-0.0589641089220391	1
X2902973	64.3246069405156	5.13860982859193	47.9001369769396	11.2858601349839	1
X2902974	50.1686118209487	1.69917341398657	41.4391430261532	7.03029538080892	1
X2902975	50.6577950845301	0.398380574750558	41.7321198272801	8.52729468249938	1
X2902976	17.882785118832	2.34825722604192	10.715897252514	4.81863064027608	1
X2902977	-53.1521294808344	3.12790258986385	-62.2884998692471	6.00846779854879	1
X2902978	-67.1114684783997	0.626105397001761	-70.7737849505818	3.0362110751805	1
X2902979	31.2529629365699	3.72549244990954	14.9540023497954	12.5734681368648	1
X2902980	-12.8101501346808	1.76440132425431	-22.7235175555105	8.14896609657534	1
X2902981	-69.2071296814418	0.113145537761676	-71.9032921991052	2.58301697990207	1
X2902982	0.0133277209951137	5.13860982859193	-14.607017229341	9.48173512174402	1
X2902983	-47.4023772340325	-0.733853535829474	-40.6235996919215	-6.04492400628158	1
X2902984	13.5551178931299	1.69917341398657	3.10393085197175	8.75201362717157	1
X2902985	66.016907343361	1.8593325520436	62.5409886020569	1.61658618926045	1
X2902986	15.1985158026729	1.70717122332114	19.1657660922195	-5.67442151286774	1
X2902987	19.3436581417135	0.722908999357308	19.6920291475018	-1.07128000514563	1
X2902988	58.301397787085	2.87850147816152	55.4727501875431	-0.0498538786196577	1
X2902989	14.2190692826384	1.28646756978985	12.7372852310234	0.195316481825142	1
X2902990	44.6569517454627	-0.435749745926265	42.2376171687849	2.85508432260405	1
X2902991	26.230261357229	1.28646756978985	23.4402637301981	1.50353005724106	1
X2902992	48.7197826781054	2.31237507122714	30.3723470314567	16.0350605754214	1
X2902993	12.2136596702011	1.58409144606533	-9.06198786553339	19.6915560896692	1
X2902994	-52.7849970259048	-1.12880048244189	-46.1051993661823	-5.55099717728066	1
X2902995	-21.9088809790318	1.70717122332114	-24.5999487251962	0.983896522843201	1
X2902996	2.5508969752108	1.58409144606533	-9.51528693822306	10.4820924673685	1
X2902997	7.68788790278553	1.70717122332114	7.03990953117151	-1.05919285170711	1
X2902998	3.23132704394978	-1.11473589477868	-0.369311574746342	4.71537451347478	1
X2902999	-78.2472488087259	0.825806515313889	-78.7415422288626	-0.331513095177209	1
X2903000	-1.90946826494915	3.68182580232494	-10.3313152252206	4.74002115794656	1
X2903001	-71.4891530598042	-0.86490693452069	-73.2099919725328	2.58574584724953	1
X2903002	41.8307979489269	2.02030910616944	38.5480720767825	1.26241676597501	1
X2903003	-7.71799789802209	0.465078625770124	-11.4042155221351	3.22113899834283	1
X2903004	-8.90423849640281	0.327502977511227	-7.33551844087441	-1.89622303303963	1
X2903005	-2.56054006205305	-0.358469324848285	3.04451061710244	-5.24658135430722	1
X2903006	37.3515318684233	2.634419236274	30.4478649593399	4.26924767280945	1
X2903007	-52.993578530001	-2.18895053678828	-39.742127014355	-11.0625009788577	1
X2903008	-51.6348842501564	-4.87201633994377	-30.2115760505497	-16.5512918596629	1
X2903009	-68.5257917199289	-3.82470337373111	-56.1452382717942	-8.5558500744036	1
X2903010	-27.6720272708809	-1.13466685460404	-16.7102708545697	-9.82708956170709	1
X2903011	17.8667901106772	-0.733853535829474	20.0628532037424	-1.46220955723565	1
X2903012	27.6202900554279	-1.15927929431646	24.9710883900691	3.80848095967522	1
X2903013	44.3670953491301	1.50763097074108	40.3167795369945	2.54268484139453	1
X2903014	7.9799915687107	2.87850147816152	1.86639304878059	3.23509704176855	1
X2903015	-8.85590838768704	-1.82362796192945	-8.72784514613199	1.69556472037439	1
X2903016	-13.5067168280535	-1.34630062970879	-9.96208525911298	-2.19833093923173	1
X2903017	44.6471693107232	1.28646756978985	41.9730056648564	1.38769607607697	1
X2903018	17.94319524716	-2.31413076273582	18.8102417421392	1.44708426775655	1
X2903019	15.6016362946281	1.24436368743113	5.8244174586271	8.53285514856986	1
X2903020	-41.0131128852037	1.28646756978985	-46.413786164094	4.1142057091005	1
X2903021	45.3238122673847	-0.435749745926265	45.8134314886509	-0.0538694753398769	1
X2903022	14.2488040273029	-1.09083539691398	15.688539276041	-0.348899851823951	1
X2903023	40.0270752445899	2.34825722604192	34.5655459419827	3.1132720765653	1
X2903024	40.4278740202281	2.87850147816152	42.3263188064242	-4.77694626435766	1
X2903025	-43.1086876314012	-3.43695725544958	-43.6306714708364	3.95894109488479	1
X2903026	-69.8889665281769	-4.0227471151301	-58.363134070697	-7.50308534234993	1
X2903027	-59.0883676813612	-4.0227471151301	-59.3630403021562	4.29741973592514	1
X2903028	-30.4602481302354	-0.385928934020995	-28.7410510518889	-1.33326814432551	1
X2903029	-72.862541844384	-0.665656833922567	-78.0784932967987	5.88160828633721	1
X2903030	15.7029031349879	-0.964174806613827	19.9253356357543	-3.25825769415256	1
X2903031	93.0523306880037	4.4111553449372	78.8601525865603	9.78102275650634	1
X2903032	0.841457269863555	1.40187527776997	-1.03011305426487	0.469695046358465	1
X2903033	-50.570363098519	0.825806515313889	-49.9999487360879	-1.39622087774492	1
X2903034	-19.9322158053263	1.81848925973182	-20.8979536789673	-0.852751386090839	1
X2903035	-58.6252109596075	2.09488950468973	-61.5863594686441	0.866259004346867	1
X2903036	36.7412403921025	-0.736519004500255	33.6287386124535	3.84902078414918	1
X2903037	-10.2304232686935	-4.62144405350154	7.05710949827324	-12.6660887134651	1
X2903038	34.9546947651622	-0.719097426204105	32.9740657555567	2.69972643580976	1
X2903039	35.1765552134897	-1.83657542715877	35.1062963143311	1.90683432631738	1
X2903040	8.87689876091558	-0.527534167029479	8.87478259989441	0.529650328050659	1
X2903041	8.82106849146213	-2.82723968292017	21.7371912665741	-10.0888830921918	1
X2903042	31.3186568026553	2.6152175990627	21.3112765337472	7.39216266984533	1
X2903043	-4.26843188793944	-1.83657542715877	6.5505238495917	-8.98238031037236	1
X2903044	-7.20136175898964	-1.83657542715877	-7.97960372303105	2.61481739120017	1
X2903045	-23.2248530511045	-1.28891616648978	-11.7541162607325	-10.1818206238822	1
X2903046	-8.39150732237718	-1.11473589477868	-6.44016555164812	-0.836605875950381	1
X2903047	-8.41778653885883	1.91786762792609	-15.263326370693	4.92767220390807	1
X2903048	-6.07681523563287	0.469476026537782	-8.5650860310415	2.01879476887084	1
X2903049	-59.4432871377851	-2.18895053678828	-49.9629023292082	-7.29143427178861	1
X2903050	-14.2359260475396	1.91786762792609	-21.2883225267849	5.13452885131931	1
X2903051	-51.3813672592376	-1.56436259421804	-50.564102706753	0.747098041733595	1
X2903052	27.0854192022463	1.94773128637776	20.5120286461261	4.62565926974249	1
X2903053	-31.1468541578852	-1.1784983122941	-27.6002578280462	-2.36809801754485	1
X2903054	-1.71072912502898	2.34623585593078	-5.33729245631286	1.28032747535312	1
X2903055	31.6323401024641	1.26604592363397	29.1190750691814	1.24721910964871	1
X2903056	-20.7973566217014	1.18525793036205	-19.8597302135108	-2.12288433855261	1
X2903057	-51.3502572492967	1.26604592363397	-57.1781072927426	4.56180411981191	1
X2903058	68.4965086200661	-0.39309374961834	65.7311638343513	3.15843853533315	1
X2903059	-20.6008513612486	-4.0227471151301	-17.0427647506357	0.464660504517173	1
X2903060	-19.8909905129667	-0.665656833922567	-25.2106771634237	5.98534348437958	1
X2903061	-9.81995034615417	0.40151459079223	-12.2495216535889	2.02805671664245	1
X2903062	39.5646064900463	3.72549244990954	21.4564642719519	14.3826497681848	1
X2903063	31.8678631552481	2.35195031575275	23.7993015841588	5.71661125533655	1
X2903064	-11.7678139075953	0.113145537761676	-18.3426552494425	6.46169580408557	1
X2903065	-10.1804166884584	0.40151459079223	-8.18743822046617	-2.39449305878444	1
X2903066	-2.84828518266044	-1.64396244693922	2.84179899390507	-4.04612172962634	1
X2903067	-48.1161386968432	-3.82470337373111	-47.5130733839938	3.22163806088173	1
X2903068	-32.6800507957323	-3.76962023741423	-22.1657129861501	-6.74471757216809	1
X2903069	10.4222597026052	-0.733853535829474	7.64980180752302	3.50631143091164	1
X2903070	-14.1584739880781	0.327502977511227	-12.6068378466349	-1.87913911895434	1
X2903071	-10.0508743297794	3.72549244990954	-18.6264606239216	4.85009384423265	1
X2903072	27.2469564058115	3.72549244990954	15.8387254606251	7.68273849527685	1
X2903073	-8.76310245527372	1.58409144606533	-16.450167424488	6.10297352314895	1
X2903074	14.4368225239399	1.70717122332114	5.07526569461924	7.65438560599949	1
X2903075	-5.9065041214153	1.50763097074108	-21.6218607953976	14.2077257032413	1
X2903076	74.2431582638846	1.84173020412654	59.3520096234104	13.0494184363477	1
X2903077	-13.2989071730482	1.58409144606533	-31.5987145934088	16.7157159742953	1
X2903078	-70.6917221063193	-3.82470337373111	-61.2228191229491	-5.64419960963926	1
X2903079	-69.9740286220348	-3.45727252150506	-58.3760211100065	-8.14073499052329	1
X2903080	-81.4151619019668	-0.649454665924128	-76.9229981421215	-3.84270909392112	1
X2903081	28.493162236837	3.72549244990954	19.9394875588349	4.82818222809259	1
X2903082	26.5787635771613	0.809282277427687	22.5990758780756	3.17040542165794	1
X2903083	-5.25771316568103	-1.71526406050353	5.96778335755113	-9.51023246272866	1
X2903084	-49.3849467924165	1.70717122332114	-48.5837397271225	-2.50837828861513	1
X2903085	-4.92515524174746	-0.494930626703457	3.59095972443299	-8.02118433947698	1
X2903086	36.5001202362473	-0.818554774279103	43.8101169762564	-6.49144196572993	1
X2903087	46.4161108945056	-2.80129013509944	51.1327125880609	-1.91531155845593	1
X2903088	-46.0876638661263	1.84173020412654	-50.5341499987446	2.60475592849181	1
X2903089	7.07892796142232	3.72549244990954	-5.80812397105448	9.16155948256723	1
X2903090	44.3879968469861	1.23439301134659	35.713873284588	7.43973055105161	1
