<Trait>	Trait_1_H2_1	Trait_2_H2_1	Trait_3_H2_1	Trait_4_H2_1	Rep
X2924371	-27.1907153187585	0.238058820625732	-30.6392446145231	3.21047047513886	1
X2924372	10.3224325459969	4.84465723922889	-0.928205359997255	6.40598066676514	1
X2924373	-9.42508760503845	-0.888949556086612	-1.34112918848096	-7.19500886047092	1
X2924374	19.1805915915228	-1.17017498099383	27.2624510032416	-6.91168443072481	1
X2924375	-0.442913797664147	-0.321558724481584	-9.7805941612935	9.65923908811097	1
X2924376	23.3706839960678	2.74587696551883	19.4940649021477	1.13074212840116	1
X2924377	-10.4318041192097	-1.5656972078944	-9.54968167638745	0.683574765072187	1
X2924378	-19.4672482656448	-2.8356921913363	-12.120724691465	-4.5108313828435	1
X2924379	-35.6116120747093	-3.39120147943942	-35.0846925054271	2.86428191015727	1
X2924380	16.6972344876112	0.835016485083919	4.30995514154368	11.5522628609836	1
X2924381	18.7364249828965	-2.38003658506683	17.1440150391306	3.97244652883273	1
X2924382	-27.9951905867242	-4.49562469422966	-19.5830786349453	-3.91648725754921	1
X2924383	3.44925570674491	-0.879470769482829	3.98763878413008	0.34108769209768	1
X2924384	-5.19302044257857	0.248417529483443	-13.1552229493835	7.7137849773215	1
X2924385	-2.90634573083669	-3.39120147943942	-5.0780212656449	5.56287701424761	1
X2924386	-0.571328837316536	1.71996946408154	2.02499100703713	-4.31628930843518	1
X2924387	6.28703025029284	0.835016485083919	-3.46811916521289	8.92013293042182	1
X2924388	3.75224669428555	-0.0269665355013462	2.60610989603744	1.17310333374946	1
X2924389	-6.90950773617183	-0.888949556086612	4.38500796065642	-10.4055661407417	1
X2924390	-10.9566988190314	4.14569868524086	-20.2803658254984	5.17796832122607	1
X2924391	39.9290401521709	1.33619299663507	36.5415652657807	2.05128188975502	1
X2924392	-17.480084733245	-1.92093386314127	-8.37844371098952	-7.18070715911421	1
X2924393	-8.74756106859603	0.238058820625732	-10.7865442843379	1.80092439511609	1
X2924394	33.2581542174957	-1.21046055264753	40.675910950449	-6.20729618030566	1
X2924395	19.3169442958816	2.19356921511715	15.8777457696557	1.24562931110872	1
X2924396	-17.9468069494724	-0.695298588150205	-10.3990830266108	-6.85242533471132	1
X2924397	40.6188739237816	1.69834185905773	38.3790574814477	0.541474583276162	1
X2924398	-31.8791386238607	-0.426860279578006	-29.2441983254021	-2.2080800188806	1
X2924399	5.2273148915989	5.57211172288362	-10.9255979525641	10.5808011212795	1
X2924400	10.58070423094	1.24586331664673	9.52228999798215	-0.187449083688902	1
X2924401	17.0053541357898	0.902977920829471	19.6910490719847	-3.58867285702431	1
X2924402	14.9648088119214	0.902977920829471	5.21210890902413	8.84972198206784	1
X2924403	26.8909690774159	-0.00224785163457647	26.6242677454511	0.26894918359935	1
X2924404	-8.38501297059678	3.56140448415554	-10.0371299719209	-1.90928748283145	1
X2924405	33.512669414243	-0.431405040229001	32.9623259959987	0.981748458473226	1
X2924406	1.66865100089371	-1.75544864249659	8.41971580097419	-4.99561615758389	1
X2924407	-2.43360270463347	0.238058820625732	-4.40445972593222	1.73279820067302	1
X2924408	36.0105013657409	3.03918945760581	17.9665152732152	15.0047966349199	1
X2924409	35.1488520699077	-4.43851444565208	40.3825116076164	-0.795145092056476	1
X2924410	2.79395218655933	0.239269548181646	2.31083306280338	0.243849575574313	1
X2924411	13.0272267437978	-1.05939426948082	6.17970024201218	7.90692077126638	1
X2924412	-18.2900802937827	0.20677225200998	-21.6114938130016	3.11464126720895	1
X2924413	-15.5930522772193	-3.18954065393048	-8.95067661226221	-3.45283501102658	1
X2924414	3.04400392055107	-1.92093386314127	15.4859723466499	-10.5210345629575	1
X2924415	7.72098436851537	-2.104390153944	8.49301547228764	1.33235905017172	1
X2924416	7.3819547175353	0.238058820625732	2.34862910703078	4.79526678987878	1
X2924417	49.6578554422323	2.77973775022247	42.8330451464196	4.04507254559029	1
X2924418	5.48592900690635	1.05562564206602	-0.258033329216905	4.68833669405725	1
X2924419	-18.0881980997292	-4.43851444565208	-14.6601987280449	1.0105150739677	1
X2924420	-0.32451082602981	-4.2784988976166	2.34710459510354	1.60688347648325	1
X2924421	-29.7704327832019	-1.21046055264753	-42.964220626504	14.4042483959496	1
X2924422	-27.874570180279	-3.39120147943942	-35.2907135941414	10.8073448933017	1
X2924423	-14.089887022412	-1.40307353286708	-10.4275055821022	-2.25930790744272	1
X2924424	4.73269459425854	-0.0269665355013462	-2.74129452914812	7.500955658908	1
X2924425	30.9976880481957	-1.21046055264753	19.3202279902776	12.8879206105657	1
X2924426	-15.2235667877279	-1.21046055264753	-18.125807840741	4.11270160566064	1
X2924427	-8.30779272216112	-0.879470769482829	-12.3983002177744	4.96997826509606	1
X2924428	-21.577110170442	-0.285595531912416	-23.9347676312715	2.64325299274199	1
X2924429	-54.3062913428929	-2.76909428237084	-52.3222457991083	0.785048738586193	1
X2924430	-5.372680309758	0.546647432053364	-18.4507093933671	12.5313816515557	1
X2924431	12.2463102490693	-1.21046055264753	10.5111256053175	2.94564519639933	1
X2924432	-17.711526546519	3.47333144917356	-25.2085868294244	4.02372883373178	1
X2924433	-8.74183718594195	2.01759334035702	-23.3057894090494	12.5463588827504	1
X2924434	-16.4602181970736	-0.159916945623837	-23.1092014490609	6.8089001976111	1
X2924435	-17.4571275051316	0.546647432053364	-23.7509679548773	5.74719301769243	1
X2924436	-22.5992308985395	2.52839139898142	-38.2588376092905	13.1312153117696	1
X2924437	-21.9391017329424	-1.40307353286708	-27.7673765279325	7.23134832785727	1
X2924438	8.91856713548899	-1.40307353286708	0.786947672536416	9.53469299581964	1
X2924439	21.2733773118652	4.14569868524086	-0.385667995093096	17.5133466217175	1
X2924440	19.1143672795873	-1.21046055264753	4.76847204007497	15.5563557921599	1
X2924441	13.0803197954443	1.98199012524619	4.03798878587297	7.06034088432513	1
X2924442	-23.2097678662015	-1.39012606763777	-34.4409219840407	12.6212801854769	1
X2924443	-33.3642679334115	-1.21046055264753	-43.1207721994515	10.9669648186874	1
X2924444	20.1990364018895	-0.879470769482829	16.2579069124101	4.82060025896224	1
X2924445	-22.8052521122561	0.835016485083919	-25.497294550911	1.85702595357112	1
X2924446	-8.69050280487491	-0.159916945623837	2.72341354104134	-11.2539994002924	1
X2924447	-29.851319546849	1.2031145029983	-17.3911895486569	-13.6632445011904	1
X2924448	26.2325691609478	1.98199012524619	24.6653955400005	-0.414816504298865	1
X2924449	-13.8857794297841	1.94113286503277	-6.81192647279828	-9.01498582201858	1
X2924450	-29.9087451180985	2.58179841729999	-36.6876976019988	4.1971540666002	1
X2924451	-24.7993052669486	0.276615623298573	-12.9799905641722	-12.095930326075	1
X2924452	15.0078038253164	3.17824231977549	13.1009591889748	-1.27139768343395	1
X2924453	-9.15251792208448	-0.744996418002412	-5.16922040626287	-3.23830109781923	1
X2924454	22.4688691805304	-1.06650192006212	27.7003643671084	-4.1649932665158	1
X2924455	-43.5667056499017	-0.701164960312354	-44.7361594007682	1.87061871117878	1
X2924456	36.8361440608702	0.802156379393005	33.9655431186611	2.06844456281613	1
X2924457	1.25678612818535	-1.5656972078944	10.8718242150501	-8.04934087897027	1
X2924458	14.1402889344434	-0.744996418002412	18.6244635598072	-3.73917820736148	1
X2924459	-18.0920372900964	-4.43851444565208	-9.88983963077826	-3.76368321366592	1
X2924460	-15.3969592231139	-1.21046055264753	-19.7455348537474	5.55903618328103	1
X2924461	-6.17744548348557	2.23736088188794	-19.1030140343721	10.6882076689986	1
X2924462	-3.19939100962176	2.30375541675426	-2.78301250956981	-2.72013391680622	1
X2924463	-19.3360057758275	-0.701164960312354	-24.0859238760468	5.45108306053158	1
X2924464	31.3456266287483	-2.30119865385918	31.1765524861416	2.47027279646583	1
X2924465	-23.9336024654453	-0.159916945623837	-22.3513103871664	-1.42237513265508	1
X2924466	8.14616355322137	0.0821671133740521	4.0124469430018	4.05154949684551	1
X2924467	-19.355304468802	-0.285595531912416	-21.645345283961	2.57563634707132	1
X2924468	-18.8867235388448	-3.39120147943942	-14.1174655871603	-1.37805647224505	1
X2924469	-6.35191764586067	0.902977920829471	-11.2124784252866	3.95758285859644	1
X2924470	-22.1903044691148	-3.18954065393048	-15.0041628349087	-3.99660098027568	1
X2924471	-5.02703582131546	1.28419809750298	-15.5478284653115	9.23659454649303	1
X2924472	29.0078492082257	-0.431405040229001	36.2049725502723	-6.76571830181757	1
X2924473	15.2199967836617	-0.39031318433316	20.9335943465613	-5.32328437856651	1
X2924474	-40.2564236390139	-1.06650192006212	-32.3417452571442	-6.84817646180765	1
X2924475	-20.7086350999059	-2.98787982842154	-9.44384582291346	-8.27690944857091	1
X2924476	12.3329881223445	-0.879470769482829	7.18079863924461	6.03166025258271	1
X2924477	-15.117577704458	-1.06650192006212	-1.90462009271606	-12.1464556916798	1
X2924478	-18.489027259774	1.05960729129345	-23.1194415386888	3.57080698762146	1
X2924479	11.5014639246585	-3.3926876650823	19.6351196062579	-4.74096801651707	1
X2924480	-0.570735260627734	-3.33611834312254	5.93018192026888	-3.16479883777414	1
X2924481	-9.44425723170267	-4.43851444565208	4.7968091215502	-9.80255190760075	1
X2924482	-31.9716756930112	-4.11848334958112	-22.8023268777963	-5.05086546563373	1
X2924483	-12.2925519237963	-2.76909428237084	-0.114895638523082	-9.40856200290236	1
X2924484	-16.3598464719598	0.20677225200998	-15.0749542541135	-1.49166446985633	1
X2924485	-18.9378892224325	-4.43851444565208	-15.2391150663221	0.739740289541746	1
X2924486	-14.1374852455344	-2.48429452703523	-4.06398245724685	-7.58920826125233	1
X2924487	15.8970990273943	-4.49562469422966	25.4220393365963	-5.02931561497218	1
X2924488	-7.28473315996585	0.0404081446733486	-11.9738305816581	4.64868927701889	1
X2924489	9.92436302191477	-2.48429452703523	22.8983933861105	-10.4897358371605	1
X2924490	-22.6107123404886	-1.5656972078944	-22.422354954782	1.37733982218791	1
X2924491	-12.5335284440375	1.05960729129345	-20.059253117066	6.46611738173502	1
X2924492	-18.2537828609886	-0.285595531912416	-11.8321366178346	-6.13605071124154	1
X2924493	-14.680850692005	-4.50481850448449	-1.04552238432641	-9.13050980319406	1
X2924494	-18.8430893083362	-2.30437607947486	-18.0513893707969	1.5126761419355	1
X2924495	-18.0029915231552	-4.18794215920985	-5.30954451395371	-8.50550484999167	1
X2924496	26.3964389085468	-3.18954065393048	35.9009752202445	-6.31499565776727	1
X2924497	-2.1626542737459	-1.5656972078944	-0.783942487328468	0.186985421476969	1
X2924498	6.86373192342232	-4.43851444565208	23.7138521878605	-12.4116058187861	1
X2924499	-12.7629432630015	1.71996946408154	-5.67663649981316	-8.80627622726995	1
X2924500	-14.7031304429454	-2.38003658506683	-12.5405109766367	0.217417118758079	1
X2924501	-7.33567693361246	0.546647432053364	-2.60603899594362	-5.27628536972221	1
X2924502	23.0057882260197	-1.21046055264753	26.5018267417932	-2.28557796312599	1
X2924503	20.8423494048292	-3.39120147943942	29.3310209984176	-5.09747011414906	1
X2924504	19.1461025882844	3.47333144917356	17.0684162990165	-1.39564515990559	1
X2924505	0.722003253415076	1.1471044818278	4.14780474478496	-4.57290597319771	1
X2924506	-12.6370014751638	3.47333144917356	-15.056790322155	-1.0535426021824	1
X2924507	-22.32460531182	-0.701164960312354	-22.1610956117947	0.537655260287075	1
X2924508	8.99760504557524	2.38966850205181	7.83824164917405	-1.23030510565063	1
X2924509	-15.6861916744645	2.01759334035702	-2.18028325606929	-15.5235017587522	1
X2924510	11.1920448735365	-3.86206348978147	15.8040034428444	-0.74989507952631	1
X2924511	-14.3425804933811	0.546647432053364	-11.902104965567	-2.98712295986754	1
X2924512	15.2840743329661	0.898580520061812	14.721661946338	-0.33616813343367	1
X2924513	21.9597335258312	-0.0639353962119158	8.68369027954122	13.3399786425019	1
X2924514	8.45032358315725	3.47333144917356	4.38212087451141	0.594871259472244	1
X2924515	17.1601258303386	-0.285595531912416	5.74084940889916	11.7048719533518	1
X2924516	-4.83144272011288	3.89953576816277	-19.9375101386607	11.2065316503851	1
X2924517	-1.95946951525062	1.24278417171938	-9.68139654160983	6.47914285463979	1
X2924518	18.6502882112687	3.04871949335439	7.48571214188786	8.11585657602644	1
X2924519	-12.3415000655317	3.04871949335439	-24.053897591391	8.66367803250499	1
X2924520	-9.23087615624132	2.13267530827826	-16.7336315507999	5.37008008628035	1
X2924521	-0.88296891864574	4.11532769661662	-14.6758714119261	9.67757479666375	1
X2924522	14.2390728530887	2.78175912033361	6.24845354187399	5.20886019088109	1
X2924523	14.5849395307106	3.47333144917356	3.65209160082723	7.45951648070979	1
X2924524	32.248496446778	4.9290695579901	11.5716274122188	15.747799476569	1
X2924525	22.5015041544357	-0.00224785163457647	23.8880488042338	-1.38429679816345	1
X2924526	-13.6544811805494	3.65797806793751	-21.8241197699913	4.51166052150431	1
X2924527	-2.52071388196177	0.835016485083919	-2.30810128877034	-1.04762907827535	1
X2924528	14.4985661791595	4.15899434420122	-8.77186015416991	19.1114319891283	1
X2924529	5.90329310089964	0.0224708322321933	2.38520844835533	3.4956138203121	1
X2924530	-6.92440647474311	-4.2784988976166	2.1671438351565	-4.8130514122831	1
X2924531	49.5753435595488	0.0404081446733486	54.3680219277645	-4.83308651288897	1
X2924532	38.4531938552459	0.449702376206037	26.0467639599929	11.956727519047	1
X2924533	10.9259739663184	-3.33611834312254	15.5597611397507	-1.2976688303097	1
X2924534	20.3879822622164	-0.729930307257161	28.6225385677847	-7.50462599831119	1
X2924535	-6.0819281034591	0.138962197585279	-14.9025037591397	8.68161345809529	1
X2924536	11.1833815381097	2.74587696551883	9.8578399441183	-1.42033537152733	1
X2924537	-27.5281632938318	-0.0269665355013462	-24.9620391096682	-2.53915764866226	1
X2924538	52.0231780890803	0.383833399555264	52.8766255456782	-1.23728085615317	1
X2924539	18.0299727047451	0.507576776757751	10.5055185140954	7.01687741389191	1
X2924540	-36.131475496457	1.1471044818278	-36.3196892521919	-0.958890726092946	1
X2924541	22.0265253365292	-2.20172231983903	23.6457422825462	0.582505373821988	1
X2924542	5.39897585570197	0.0782427769500089	8.39323680408491	-3.07250372533297	1
X2924543	15.9332852234919	-0.300351641537785	13.6250689357206	2.60856792930906	1
X2924544	-33.4687285415737	-3.02377062721337	-36.5665690898296	6.12161117546925	1
X2924545	15.5463354015045	-4.18794215920985	27.6955576605922	-7.96128009987793	1
X2924546	-10.4558760137158	-2.76909428237084	-3.73651496527789	-3.95026676606711	1
X2924547	20.4636816501823	-2.76909428237084	25.4867376215907	-2.25396168903759	1
X2924548	35.9266867500589	-0.285595531912416	39.2391021986348	-3.02681991666337	1
X2924549	28.0635179072038	-3.39120147943942	36.2116753193049	-4.75695593266172	1
X2924550	-11.6625519939467	-2.27723341159145	-9.95856225602827	0.573243673673055	1
X2924551	30.3253109644681	-1.21046055264753	36.8836788265547	-5.34790730943921	1
X2924552	-9.63346780843098	0.238058820625732	-13.9128370686668	4.04131043961013	1
X2924553	-56.8834663592713	-1.75544864249659	-60.8951693999435	5.76715168316879	1
X2924554	-10.9460305658545	-2.76909428237084	-8.45725146633076	0.280315182847065	1
X2924555	9.35761452442774	0.0404081446733486	7.79911507880122	1.51809130095314	1
X2924556	16.6294534137195	-2.55835370915317	18.6594786945022	0.528328428370522	1
X2924557	5.11138441111797	-1.83192498635938	5.52562050766315	1.41768888981421	1
X2924558	-35.9262479241274	-1.32373128852899	-37.6783571234216	3.07584048782332	1
X2924559	15.4668404725179	-2.38003658506683	17.3820635261175	0.464813531467224	1
X2924560	48.3434922294782	0.239269548181646	42.2059986501738	5.89822403112278	1
X2924561	-44.7508207823021	-3.57351846668602	-32.824290441477	-8.35301187413895	1
X2924562	-0.270791789316527	-0.744996418002412	2.78314815977437	-2.30894353108848	1
X2924563	-29.3231243933957	-1.06650192006212	-15.4710007976313	-12.7856216757022	1
X2924564	-1.65373975009695	-4.2784988976166	18.369146788601	-15.7443876410813	1
X2924565	-11.8908491997021	1.94113286503277	-7.68833971081539	-6.1436423539195	1
X2924566	65.7487027877936	-1.05858779577582	72.8909282217201	-6.08363763815069	1
X2924567	14.7331983654748	1.71996946408154	17.6263748563859	-4.6131459549926	1
X2924568	32.0445040257214	-4.11848334958112	56.1812088724862	-20.0182214971836	1
X2924569	8.98790484718803	-2.57134875946168	22.3776048281692	-10.8183512215195	1
X2924570	-1.96798849827689	-1.92093386314127	15.7946691588288	-15.8417237939644	1
X2924571	-6.22300636941123	-1.5656972078944	7.38198417343632	-12.0392933349532	1
X2924572	-10.9052835387739	-0.159916945623837	-6.60299187153471	-4.14237472161534	1
X2924573	-23.6624130709611	-4.2784988976166	-8.66474980217151	-10.719164371173	1
X2924574	-2.91427105904971	1.1471044818278	-2.61419617110383	-1.44717936977368	1
X2924575	-4.44462898064102	-0.315107751163154	3.17763373762808	-7.30715496710597	1
X2924576	-9.00623248679203	-4.11848334958112	3.36066400009549	-8.2484131373065	1
X2924577	30.4631304851036	-0.922005768337107	34.8302823078756	-3.44514605443481	1
X2924578	11.4065984756987	-2.71286569155667	7.13246457271265	6.98699959454281	1
X2924579	4.57983384794677	-0.285595531912416	11.7510291197375	-6.88559973987838	1
X2924580	-10.2878033000871	2.91524442233637	-15.1937344720921	1.99068674966867	1
X2924581	7.29698943382008	-2.104390153944	14.1919978808468	-4.79061829308275	1
X2924582	-5.94208441961551	1.1471044818278	5.77667797503509	-12.8658668764784	1
X2924583	11.883903189746	2.01759334035702	7.31352057752576	2.55278927186322	1
X2924584	1.90689832923089	3.03338583130624	0.0773067955303848	-1.20379429760572	1
X2924585	10.8762415051565	-0.395064933431543	4.70741412572803	6.56389231286003	1
X2924586	-7.61779304734216	-0.159916945623837	2.02080341198688	-9.47867951370523	1
X2924587	20.1311598272424	-0.39031318433316	25.4917432931259	-4.97027028155031	1
X2924588	32.0614732386406	-0.922005768337107	38.1623165579895	-5.17883755101153	1
X2924589	-17.3025564074237	0.883009817496839	-20.8002958244367	2.61472959951623	1
X2924590	-21.3142171523762	0.20677225200998	-21.257683277587	-0.263306126799109	1
X2924591	-15.8740466524489	-0.922005768337107	-11.2048190894215	-3.7472217946903	1
X2924592	18.0093956414848	0.149556271971545	13.4458960092483	4.41394336026496	1
X2924593	-7.87450859299278	-0.922005768337107	-3.93496955353223	-3.0175332711235	1
X2924594	-8.21541971498017	0.182969969185686	-4.81916294383007	-3.57922674033579	1
X2924595	26.4579099826327	-4.50022159935707	44.8648256671857	-13.9066940851958	1
X2924596	37.4729059994992	-1.5656972078944	48.2837639820088	-9.24516077461514	1
X2924597	-27.9390426769526	-1.92093386314127	-14.4009031341017	-11.6172056797096	1
X2924598	-15.2359646209249	-0.725777400024767	-3.84783574667995	-10.6623514742202	1
X2924599	-2.57730572710943	-1.5656972078944	15.4009414262234	-16.4125499454385	1
X2924600	-2.19643243817375	-1.9007813657927	8.10481608606452	-8.40046715844568	1
X2924601	-5.64913203008942	-4.2784988976166	7.59018382863872	-8.96081696111154	1
X2924602	-24.0104577585345	-0.159916945623837	-15.7954238365676	-8.05511697634299	1
X2924603	15.8859423283939	-1.92093386314127	35.3463032927691	-17.5394271012339	1
X2924604	8.79812819990269	1.71996946408154	14.7994992620173	-7.72134052619612	1
X2924605	-46.6751441015527	-1.39012606763777	-33.6383002159148	-11.6467178180001	1
X2924606	30.3065747278111	-1.06650192006212	38.8936864826422	-7.52060983476901	1
X2924607	-16.8059380259482	-0.395064933431543	-2.38402691551416	-14.0268461770025	1
X2924608	6.51304526199393	-0.744996418002412	11.0289045068283	-3.77086282683199	1
X2924609	2.66191165982839	-1.92093386314127	21.1417902037069	-16.5589446807371	1
X2924610	-4.25360031550132	0.694061962644253	6.73577388028958	-11.6834361584352	1
X2924611	19.9008313853695	-1.5656972078944	35.3069036704455	-13.8403750771815	1
X2924612	-2.49285339585785	1.1471044818278	-2.03257867049643	-1.60737920718924	1
X2924613	-19.1514958053568	-0.159916945623837	-6.66741470330638	-12.3241641564266	1
X2924614	22.1319522285377	1.1471044818278	34.556602867091	-13.571755120381	1
X2924615	14.5058965938143	-2.10058241024436	17.3840583861359	-0.777579382077307	1
X2924616	17.3835393859318	-0.232154939630879	18.2879458283549	-0.672251502792208	1
X2924617	-5.32234578941125	-3.18954065393048	8.071375294839	-10.2041804303198	1
X2924618	-37.8002188489471	-1.81202273752897	-31.942267087563	-4.04592902385511	1
X2924619	-17.7439924580344	-3.58924522083841	-12.9974413079243	-1.15730592927167	1
X2924620	11.1797016999102	-0.431405040229001	11.3747320045396	0.236374735599636	1
X2924621	-18.1258350690008	-0.232154939630879	-22.5891810896066	4.69550096023666	1
X2924622	-29.254422721009	-0.125263179376235	-31.9134528266768	2.78429328504404	1
X2924623	5.46271201655384	0.0135189768252555	3.40105018771547	2.04814285201314	1
X2924624	22.8533078271924	-0.0329048390327561	23.633195848786	-0.746983182560896	1
X2924625	-13.0718437473461	1.05960729129345	-23.3292747321001	9.19782369346063	1
X2924626	-6.51819767823664	-2.20172231983903	-4.08112598052173	-0.235349377875889	1
X2924627	15.6422155854207	0.657084477314648	4.57149720269293	10.4136339054131	1
X2924628	-13.3916728183316	1.28419809750298	-23.8479626236905	9.17209170785609	1
X2924629	3.28795539453505	-0.657333502622296	-1.32870644075333	5.27399533791071	1
X2924630	-21.5422253788855	1.21623666175743	-35.430281845479	12.6718198048361	1
X2924631	-1.53848042306451	-1.90511553941798	1.62167685806197	-1.25504174170851	1
X2924632	-2.26592825831303	-3.39120147943942	8.0861280628466	-6.96085484172012	1
X2924633	-7.46577391814767	-3.39120147943942	-6.15004412561086	2.07547168690259	1
X2924634	12.2212423880487	0.482671308252617	2.06365962323537	9.67491145656069	1
X2924635	12.6670143713926	-0.432857731736249	11.111704576231	1.98816752689776	1
X2924636	12.085526254219	0.20677225200998	9.28945166386312	2.5893023383459	1
X2924637	-0.832671336863736	2.79218291335678	-3.8377357678393	0.212881517618776	1
X2924638	-6.85624950657098	2.5952382603773	-9.62608636398298	0.174598597034669	1
X2924639	16.51598891477	3.31200337245321	11.845790535502	1.35819500681476	1
X2924640	-10.6014038474177	-1.20107803430516	-6.68803882250847	-2.71228699060403	1
X2924641	4.52460361528093	-1.40307353286708	4.07990790084504	1.84776924730293	1
X2924642	-2.98330654702068	-1.90511553941798	2.3485801155246	-3.4267711231273	1
X2924643	-10.6362298300773	-0.922005768337107	-2.82938687621555	-6.8848371855246	1
X2924644	-15.4539085520894	-3.33611834312254	-1.51381779961049	-10.6039724093564	1
X2924645	7.61860836207213	1.64828718762557	8.26466083715838	-2.29433966271177	1
X2924646	7.9138499666354	0.149556271971545	11.4528590212494	-3.68856532658549	1
X2924647	-24.7437409993192	-2.57134875946168	-7.94726282403191	-14.2251294158256	1
X2924648	13.0960859288807	-0.888949556086612	14.6906939505366	-0.705658465569244	1
X2924649	13.2710387705456	0.898580520061812	8.38366618970392	3.98879206077989	1
X2924650	3.91152450846256	0.182969969185686	4.62133036509914	-0.892775825822258	1
X2924651	-30.4213226544045	-3.18954065393048	-28.9553301676452	1.72354816717126	1
X2924652	-7.82704775569651	-0.879470769482829	-0.432031707552991	-6.51554527866069	1
X2924653	-12.7065255470368	-0.232154939630879	-16.0744073022376	3.60003669483171	1
X2924654	-5.31835638905809	-1.17017498099383	-6.93549611866	2.78731471059582	1
X2924655	9.94894544423504	-0.00224785163457647	8.48455071663825	1.46664257923137	1
X2924656	2.37025860098864	-0.866481323301037	0.567868362203841	2.66887156208586	1
X2924657	19.5451116067525	-0.744996418002412	26.0404284674703	-5.75032044271548	1
X2924658	-12.0080451091671	-1.5656972078944	-15.9745698079949	5.53222190672219	1
X2924659	-4.82825465394042	0.239269548181646	-12.9305776639452	7.86305346182312	1
X2924660	-21.4140956771094	-3.18954065393048	-10.134537081924	-8.090017941255	1
X2924661	-18.2685782700702	-4.43851444565208	-12.3363355677379	-1.49372825668023	1
X2924662	42.7275224110577	1.05960729129345	37.4042014543295	4.26371366543479	1
X2924663	30.8029256656898	-0.431405040229001	34.0795330277478	-2.84520232182906	1
X2924664	-24.3728779760055	-3.39120147943942	-15.4593687426517	-5.52230775391424	1
X2924665	-17.1783144749415	0.238058820625732	-25.0107548920731	7.59438159650584	1
X2924666	-20.991377246451	-4.43851444565208	-14.6324918925205	-1.92037090827842	1
X2924667	-10.3066540436636	-0.125263179376235	-13.0531960764828	2.87180521219539	1
X2924668	-8.64407627750414	-2.8356921913363	-0.712555046668123	-5.09582903949977	1
X2924669	0.755022392324579	-0.701164960312354	-2.55329767543504	4.00948502807196	1
X2924670	-26.4204878925135	-3.02377062721337	-20.2033947221828	-3.19332254311736	1
X2924671	5.07816034789901	0.636034586875302	-4.88133576580681	9.32346152683049	1
X2924672	-0.288668548858159	-0.931062960744974	8.40189966662897	-7.75950525474216	1
X2924673	2.23646908417987	0.444772229397734	3.27064728624229	-1.47895043146015	1
X2924674	-45.3779200344855	-0.342594843462556	-39.5743773877336	-5.46094780328933	1
X2924675	-10.606825701439	0.835016485083919	-8.91379764282817	-2.52804454369471	1
X2924676	-6.97326666313748	4.11532769661662	-21.2522863015813	10.1636919418272	1
X2924677	3.37152820236809	0.922474987918448	-8.48573866414425	10.9347918785939	1
X2924678	14.8338745505183	2.33384006327951	-2.66122673716	15.1612612243988	1
X2924679	-51.1284925062163	1.94113286503277	-44.0021355099116	-9.06748986133745	1
X2924680	-37.5422568388665	-1.40307353286708	-32.1998840156888	-3.93929929031059	1
X2924681	39.6793230877871	1.3817950934757	42.6564149287593	-4.35888693444794	1
X2924682	-28.2161250886027	-0.431405040229001	-30.7905692491715	3.00584920079782	1
X2924683	4.54810243307032	-0.0940322727377904	4.01174614427232	0.630388561535828	1
X2924684	24.1180655613782	0.20677225200998	20.8777249998899	3.03356830947834	1
X2924685	34.9058587449559	4.11532769661662	28.6418750669166	2.1486559814228	1
X2924686	2.36718332074047	-1.06650192006212	4.59013745056071	-1.15645220975816	1
X2924687	-37.8048030053669	-3.15815197967484	-30.3287593251493	-4.31789170054272	1
X2924688	-9.00389078674985	-1.5656972078944	-8.0304547437077	0.592261164852237	1
X2924689	4.41811402209572	-0.681234000486987	6.96022275689925	-1.86087473431662	1
X2924690	-12.8172120479386	-0.401506100585415	-18.6849425941187	6.26923664676556	1
X2924691	-20.3698093815065	-4.08909283826155	-4.75578700856774	-11.5249295346771	1
X2924692	34.0539781182638	-2.38003658506683	35.5554822367371	0.878532466593534	1
X2924693	31.2221530069426	-4.18794215920985	39.9960766799154	-4.58598151376297	1
X2924694	-1.28389056328869	0.0224708322321933	-2.72761188452761	1.42125048900673	1
X2924695	-14.4021247689015	-1.21046055264753	-14.9448017048466	1.75313748859258	1
X2924696	-21.6014378946231	-4.43851444565208	-7.86643420537894	-9.29648924359201	1
X2924697	4.12183076939039	-1.40307353286708	5.28640119342727	0.238503108830183	1
X2924698	-1.94573382441122	-2.71286569155667	3.87595054347243	-3.10881867632696	1
X2924699	-23.0855244611632	-4.18794215920985	-17.1109183246469	-1.78666397730638	1
X2924700	14.0447463537101	-3.57351846668602	26.8154072950529	-9.19714247465671	1
X2924701	10.4627193945897	1.77934950567753	9.73051377764474	-1.04714388873261	1
X2924702	-2.36801417745539	3.32231115798319	-0.75258366446417	-4.93774167097438	1
X2924703	31.0627830236206	2.77973775022247	20.7568868564755	7.52615841692267	1
X2924704	-17.1500880057268	-2.30437607947486	-14.2171080651	-0.628603861151899	1
X2924705	6.23945457895961	-1.21046055264753	13.4720543490969	-6.02213921748979	1
X2924706	7.09105966559516	1.4421175504281	5.09409085293558	0.554851262231494	1
X2924707	4.72391756655436	2.14067311761282	0.263746600515127	2.31949784842644	1
X2924708	-5.44643618168451	-0.725777400024767	-9.75393952891699	5.03328074725724	1
X2924709	3.4392533739438	-0.431405040229001	10.9451701406631	-7.07451172649031	1
X2924710	-0.399598862452539	1.05960729129345	-2.70966038627874	1.25045423253272	1
X2924711	-2.79677663981064	-2.05478243633937	2.49032779128464	-3.23232199475588	1
X2924712	12.6855286529088	0.24048027573756	7.03769422173818	5.40735415543304	1
X2924713	6.0357424327707	0.238058820625732	12.3125695934432	-6.51488598129827	1
X2924714	-26.2207442270538	-1.9007813657927	-23.4841711916852	-0.83579166957588	1
X2924715	16.0051440119062	-2.30119865385918	14.9690557553933	3.33728691037211	1
X2924716	-21.6059346004874	1.71996946408154	-23.4385638356003	0.11265977103132	1
X2924717	-25.759295984157	-3.54300303823753	-17.1933087052889	-5.02298424063046	1
X2924718	2.19628216129766	-0.530672912322138	5.583542794753	-2.85658772113318	1
X2924719	2.25155755075945	-0.0923771861147448	4.44561095768729	-2.10167622081309	1
X2924720	-15.9470713268989	1.24586331664673	-13.4350082216958	-3.75792642184983	1
X2924721	38.3571466516872	0.12288225361948	47.4075648558439	-9.17330045777625	1
X2924722	-7.62690912107157	-0.0269665355013462	1.24762392909249	-8.84756651466275	1
X2924723	-11.4492883209647	-0.159916945623837	-0.0678359653194658	-11.2215354100213	1
X2924724	23.3101567593878	-0.159916945623837	33.8764942466222	-10.4064205416106	1
X2924725	-35.416396285604	-2.8356921913363	-25.4119783088572	-7.16872578541039	1
X2924726	8.13899374430002	-0.159916945623837	11.5122855800442	-3.21337489012034	1
X2924727	9.95363070023342	1.33619299663507	5.87113328077837	2.74630442281998	1
X2924728	-6.81207061481512	-0.866481323301037	-2.6952358155925	-3.25035347592159	1
X2924729	23.2567915819923	-1.05939426948082	22.2810337403027	2.03515211117038	1
X2924730	24.621667322416	-1.76810209505687	23.955945843825	2.43382357364787	1
X2924731	10.4813372501892	-4.11848334958112	18.6792513307934	-4.07943073102307	1
X2924732	-13.9773637906191	-0.701164960312354	-13.2421756402772	-0.0340231900294992	1
X2924733	-1.24211075114678	-0.888949556086612	11.1284699319863	-11.4816311270465	1
X2924734	-6.60697011863763	-1.5656972078944	-2.85055363543873	-2.19071927530449	1
X2924735	17.2014994678235	0.12288225361948	18.0460198081638	-0.967402593959761	1
X2924736	-40.2181330322256	0.12288225361948	-36.0806119410386	-4.26040334480647	1
X2924737	12.219776576772	1.24586331664673	15.634969261283	-4.66105600115769	1
X2924738	-10.5964706938351	-0.544624430127873	-6.39452431610436	-3.65732194760285	1
X2924739	53.0579920804807	1.17970405667565	49.4103347535039	2.46795327030115	1
X2924740	-7.61615984558555	-2.57134875946168	2.72779410322265	-7.77260518934648	1
X2924741	-30.7688108033973	-4.2784988976166	-16.7576156527238	-9.73269625305686	1
X2924742	19.1480829404104	-2.05478243633937	25.5579867696377	-4.35512139288786	1
X2924743	9.38192001470794	-1.5656972078944	14.3593288600344	-3.41171163743207	1
X2924744	7.14119506102684	-0.0269665355013462	8.08248020997822	-0.914318613450057	1
X2924745	28.6551955237359	1.58672320826842	25.9318977085669	1.13657460690054	1
X2924746	-9.18998361946059	-3.02377062721337	0.446253879749537	-6.61246687199683	1
X2924747	-19.8396198598002	2.25961732843308	-23.7203412996636	1.62110411143026	1
X2924748	23.3443725738112	3.8930119340117	18.5242336662711	0.927126973528343	1
X2924749	16.7185056534756	0.505505631864639	14.9044682443514	1.30853177725961	1
X2924750	-24.8019919418216	3.56140448415554	-26.1043219526277	-2.25907447334946	1
X2924751	27.5676933352803	0.546647432053364	36.077030606489	-9.05598470326198	1
X2924752	22.0846221726082	-2.16717285327887	25.7677648594378	-1.51596983355079	1
X2924753	37.2644896599145	1.24586331664673	39.8654636589299	-3.84683731566221	1
X2924754	-7.51295030032412	0.883009817496839	-5.24028347948889	-3.15567663833206	1
X2924755	26.2483841739741	2.01759334035702	23.2002119371414	1.03057889647569	1
X2924756	9.64194130087322	-3.19784517303563	12.3289201001572	0.510866373751695	1
X2924757	3.47426511812211	-1.21046055264753	1.0189499957088	3.6657756750608	1
X2924758	-28.968144921773	2.74587696551883	-34.1987368587253	2.48471497143338	1
X2924759	-9.62641608723558	-0.912798735417104	-7.68506807670627	-1.0285492751122	1
X2924760	28.3644984198158	2.52839139898142	26.6903929956631	-0.854285974828696	1
X2924761	9.71462232179467	-2.36778824080775	11.0599416217666	1.02246894083588	1
X2924762	9.17980046901986	0.0224708322321933	12.6103558614729	-3.45302622468521	1
X2924763	41.1146134913659	4.9290695579901	33.0110555548903	3.17448837848554	1
X2924764	7.92925794759422	3.05869016943892	3.89205082987254	0.978516948282738	1
X2924765	-6.55339032597746	0.835016485083919	-13.3206086100957	5.93220179903434	1
X2924766	26.2177695815107	1.24278417171938	18.5658936380066	6.40909177178468	1
X2924767	40.0150105176194	2.78175912033361	42.2439449090572	-5.01069351177133	1
X2924768	22.5124753035364	0.835016485083919	13.4514618288402	8.22599698961227	1
X2924769	28.5770616357764	2.13267530827826	20.1680216106032	6.2763647168949	1
X2924770	24.3203101243524	2.22876027348954	13.3255502638446	8.76599958701825	1
X2924771	5.76293090575583	1.26700787089669	2.58955740375245	1.90636563110671	1
X2924772	-14.9688052606248	-0.00224785163457647	-12.7962302245649	-2.17032718442524	1
X2924773	43.8806580232218	3.84354877658567	39.2368626328373	0.800246613798941	1
X2924774	41.3136964400424	-0.00224785163457647	46.9059849278315	-5.59004063615451	1
X2924775	30.8894060677848	-0.300351641537785	37.9158235698335	-6.72606586051086	1
X2924776	7.79664580729865	1.33619299663507	3.15351658661535	3.30693622404826	1
X2924777	13.2271318555265	2.78175912033361	11.2215650652301	-0.776192330037182	1
X2924778	2.89106419042055	0.0470832719446064	-0.481258889304232	3.32523980778021	1
X2924779	-2.31079155894568	-2.02271079005884	3.44435491800928	-3.73243568689611	1
X2924780	-10.0166169114096	-0.315107751163154	-8.87605165789348	-0.825457502352998	1
X2924781	28.2673908846048	0.0750325694434039	29.887876958766	-1.69551864360461	1
X2924782	34.5053933630678	0.546647432053364	32.4658780978207	1.49286783319376	1
X2924783	-25.721886567012	-0.879470769482829	-29.7508147034721	4.9083989059429	1
X2924784	-10.8945399174834	-2.76266093385653	-5.2750954003737	-2.85678358325312	1
X2924785	-5.51302934546536	-4.43851444565208	1.48956120977056	-2.56407610958387	1
X2924786	-0.422111237731322	-4.43851444565208	1.13003366030759	2.88636954761312	1
X2924787	41.0117045853835	0.883009817496839	37.3258975180538	2.80279724983286	1
X2924788	36.1732796335825	-0.232154939630879	39.5367745662436	-3.13133999303005	1
X2924789	-11.5062841702179	-4.2784988976166	0.500709950461456	-7.72849522306269	1
X2924790	-9.59559431122397	-0.729930307257161	-1.87738986426564	-6.98827413970113	1
X2924791	17.1647030620531	-1.21046055264753	17.0768355917966	1.29832802290397	1
X2924792	-27.1953682593141	-2.8356921913363	-28.183301938447	3.82362587046924	1
X2924793	-51.8838653307268	-4.2784988976166	-48.4659542420121	0.860587808901933	1
X2924794	0.286474191657434	-1.5656972078944	-4.01631505475645	5.86848645430829	1
X2924795	56.0370046380433	-4.2784988976166	62.6793729155968	-2.36386937993689	1
X2924796	22.9837340994042	0.883009817496839	20.5160352093498	1.58468907255749	1
X2924797	-12.2437724886824	0.460467699644987	-17.1505688808368	4.44632869250951	1
X2924798	-9.1449841341098	0.239269548181646	-12.9847482683423	3.60049458605088	1
X2924799	18.8761057660595	-1.5656972078944	22.9757603785039	-2.53395740455007	1
X2924800	-25.1900344120799	-1.21046055264753	-18.968937081792	-5.0106367776403	1
X2924801	-2.85655018303438	-0.922005768337107	3.15096674522624	-5.0855111599235	1
X2924802	-12.8524113984478	-1.21046055264753	-1.7835252502461	-9.85842559555417	1
X2924803	-27.2486324990526	-2.49268508400119	-26.1575741628278	1.40162674777646	1
X2924804	-13.8164263412377	-4.2784988976166	3.88441741229882	-13.42234485592	1
X2924805	1.63931961941834	-0.879470769482829	10.0107140381819	-7.49192364928074	1
X2924806	-24.9162629768873	-4.2784988976166	-11.029669325874	-9.60809475339676	1
X2924807	-7.29981431640675	0.239269548181646	-7.53260144611013	-0.00648241847826325	1
X2924808	-9.6689926568754	-0.300351641537785	-7.03346900708339	-2.33517200825418	1
X2924809	-10.8371287443607	1.05960729129345	-15.3361967515739	3.4394607159198	1
X2924810	-16.4351106891626	0.238058820625732	-10.9532372645202	-5.71993224526819	1
X2924811	-27.4985621606544	-4.2784988976166	-18.2836232748746	-4.93643998816317	1
X2924812	8.30647804111914	-0.879470769482829	6.92780312509868	2.25814568550326	1
X2924813	-20.7953064152056	-3.58924522083841	-10.4955754350634	-6.71048575930371	1
X2924814	-12.2903793889006	-3.58924522083841	-3.87328844572196	-4.82784572234024	1
X2924815	-1.08860304475139	-0.232154939630879	-1.12558265440288	0.269134549282374	1
X2924816	38.2094739900996	-0.744996418002412	42.0214207411592	-3.0669503330573	1
X2924817	-12.2241650158421	5.57211172288362	-27.5649597959925	9.76868305726691	1
X2924818	3.13047201188729	2.35136952221778	-12.0650441837434	12.8441466734129	1
X2924819	22.7221235183167	4.84465723922889	13.6422167669396	4.2352495121483	1
X2924820	-5.87614729414622	-0.431405040229001	-6.07683857552703	0.632096321609814	1
X2924821	-9.64920220883438	2.74587696551883	-9.28754944648522	-3.10752972786798	1
X2924822	-0.467756424582616	2.30375541675426	-5.48856116070041	2.71704931936356	1
X2924823	-8.93436761308644	2.14067311761282	-25.0695974736801	13.9945567429808	1
X2924824	5.56028111393819	0.546647432053364	6.14371351066147	-1.13007982877662	1
X2924825	23.4244585708971	4.15899434420122	15.7405974897034	3.5248667369925	1
X2924826	-4.81068213702197	-0.701164960312354	-4.97809714525432	0.868579968544696	1
X2924827	21.1226082533216	0.546647432053364	23.5509085694094	-2.97494774814115	1
X2924828	10.7982356505873	-0.86419862130676	15.8375967381099	-4.17516246621597	1
X2924829	14.9145906653666	0.835016485083919	11.499608924892	2.57996525539068	1
X2924830	-5.58094640708302	0.902977920829471	-8.55493346381911	2.0710091359066	1
X2924831	-14.228168440574	-4.43851444565208	-11.6862580682132	1.89660407329121	1
X2924832	-23.5769390095098	2.78175912033361	-25.4285057146858	-0.930192415157639	1
X2924833	-1.26483529633495	-1.75544864249659	-7.4165943182317	7.90720766439334	1
X2924834	18.1769475019864	1.25930840960558	10.7702287142324	6.14741037814838	1
X2924835	-1.78568782111074	-0.285595531912416	-1.32125083174645	-0.178841457451886	1
X2924836	13.9086016714916	2.22876027348954	11.7064987448417	-0.0266573468396225	1
X2924837	24.0575018884909	3.82220688829055	21.9856563661459	-1.75036136594554	1
X2924838	-36.9741978847426	2.197903218546	-37.221859555876	-1.95024154741266	1
X2924839	-7.06921322012032	1.66789490563828	-4.96128444416727	-3.77582368159138	1
X2924840	-9.39384979633401	-0.499162683286205	-5.96808917145183	-2.92659794159599	1
X2924841	-7.46313200012287	-0.17242260416801	2.63103335634693	-9.92174275230182	1
X2924842	-18.5007567382518	-2.26859818871385	-8.22339242802384	-8.00876612151413	1
X2924843	-10.2669378167587	-2.26859818871385	-4.49962041556031	-3.49871921248451	1
X2924844	-19.5829750935224	-0.00224785163457647	-13.2789689709743	-6.30175827091351	1
X2924845	6.41867353269106	-1.76810209505687	11.2753887312476	-3.08861310349965	1
X2924846	9.90738859779642	-1.76810209505687	14.1733189814881	-2.49782828863477	1
X2924847	30.350385694045	-0.300351641537785	24.28382221394	6.3669151216428	1
X2924848	-3.3636320718675	-1.35024640553182	-2.84190667663928	0.828521010303581	1
X2924849	-23.0061214711388	-0.440786337451733	-24.1585509227308	1.5932157890437	1
X2924850	-2.67628334151562	-1.34288881653321	2.69852332776978	-4.0319178527522	1
X2924851	3.68296509109915	-1.39012606763777	13.1640813303383	-8.09099017160136	1
X2924852	-21.075178041035	-0.879470769482829	-16.4624740481351	-3.73323322341702	1
X2924853	14.4923014763817	-0.695298588150205	12.1048419354771	3.08275812905486	1
X2924854	2.92092465829401	-3.18954065393048	14.163071132711	-8.05260582048644	1
X2924855	-24.4396048339545	-1.21046055264753	-23.8242556057766	0.595111324469657	1
X2924856	-32.0886298696119	-1.21046055264753	-29.1145232686285	-1.76364604833582	1
X2924857	-27.4784695483499	-1.39012606763777	-17.2107857592118	-8.87755772150022	1
X2924858	-13.0142212628317	-1.5656972078944	-11.7296575887431	0.281133533805797	1
X2924859	4.87803453165119	1.05960729129345	-6.48490513041194	10.3033323707696	1
X2924860	-3.50243988635701	0.883009817496839	-10.838880819007	6.45343111515316	1
X2924861	-18.5573113948806	-0.879470769482829	-17.4630665876241	-0.21477403777373	1
X2924862	4.12200987125395	0.546647432053364	0.817207717735731	2.75815472146486	1
X2924863	5.53220822690764	-1.5656972078944	14.7865384763166	-7.6886330415146	1
X2924864	-16.1972036295927	-1.21046055264753	-7.61435455873856	-7.37238851820666	1
X2924865	-17.2056758333359	-4.43851444565208	-4.45003266733197	-8.31712872035189	1
X2924866	-23.3361535099423	-2.48896137403339	-13.7053047657176	-7.14188737019127	1
X2924867	-19.2829290976447	-4.43851444565208	-3.92191983993707	-10.9224948120556	1
X2924868	-1.61448787895251	-0.879470769482829	1.99295238871107	-2.72796949818074	1
X2924869	-26.2743291262381	-1.21046055264753	-23.9207121929466	-1.14315638064405	1
X2924870	0.929239108037271	-1.21046055264753	5.49091477109131	-3.3512151104065	1
X2924871	-21.8460170697387	-4.43851444565208	-14.2908737300103	-3.11662889407622	1
X2924872	-9.3743304358614	0.835016485083919	-14.4179327379512	4.20858581700591	1
X2924873	-33.2028793491538	2.14067311761282	-41.0483622077293	5.7048097409627	1
X2924874	-7.73493032650847	1.83537717206166	-9.08901873382002	-0.481288764750147	1
X2924875	8.13207790574192	-1.21046055264753	4.90854465433089	4.43399380405858	1
X2924876	-20.5001232878946	3.56140448415554	-32.0365450469317	7.97501727488151	1
X2924877	1.83271674566437	4.11532769661662	-13.3609589637977	11.0783480128454	1
X2924878	34.4880135120615	2.59707449443761	24.9178607477804	6.97307826984364	1
X2924879	-26.1263185725338	2.14067311761282	-33.8051379217707	5.53814623162401	1
X2924880	-10.711556078524	2.68595146267752	-19.4647941904215	6.06728664921994	1
X2924881	2.01562205315035	0.902977920829471	2.75856764961784	-1.64592351729695	1
X2924882	29.1589577637557	1.1471044818278	24.947944511935	3.06390876999283	1
X2924883	-2.14699522634719	-0.159916945623837	0.479944587257652	-2.46702286798101	1
X2924884	-5.68259244415015	2.27523209841822	-11.8146853781655	3.85686083559714	1
X2924885	46.1623358595835	2.68595146267752	37.5310571593589	5.94532723754719	1
X2924886	-7.45332913939398	3.12493534157665	-17.4005736318447	6.82230915087403	1
X2924887	16.5288271148126	2.01759334035702	9.15266553822321	5.3585682362324	1
X2924888	-6.77324961393446	1.83537717206166	-18.9239810496916	10.3153542636955	1
X2924889	-8.20877763988585	2.84695423810832	-30.2356430676967	19.1799111897026	1
X2924890	21.6194277976935	3.04871949335439	18.2111874290787	0.359520875260448	1
X2924891	-4.54604859231748	4.33117229857113	-11.8573477261981	2.98012683530951	1
X2924892	27.5483505614069	-0.888949556086612	41.2544810405693	-12.8171809230757	1
X2924893	10.5107104508037	4.15899434420122	4.71128028260023	1.6404358240022	1
X2924894	-13.513854032311	4.15899434420122	-22.808209049988	5.13536067347579	1
X2924895	11.2097783411059	4.84465723922889	-1.301744722258	7.66686582413497	1
X2924896	10.264580394756	4.84465723922889	6.25600875800896	-0.836085602481862	1
X2924897	6.59741110865343	2.27523209841822	-4.32635560270007	8.64853461293525	1
X2924898	7.58770957273955	3.65797806793751	3.34161299759569	0.588118507206373	1
X2924899	23.7852772626129	2.05794459669954	22.8389845325906	-1.1116518666772	1
X2924900	-1.62583393152868	2.35136952221778	-10.4059684642457	6.42876501049926	1
X2924901	-17.2177709032002	2.3632925375386	-14.8694576134424	-4.71160582729639	1
X2924902	38.1771127013672	3.31200337245321	29.1702562004701	5.69485312844383	1
X2924903	8.82734869610709	0.239269548181646	9.29178124032815	-0.703702092402674	1
X2924904	19.3655868950627	2.74587696551883	21.7631336563278	-5.14342372678394	1
X2924905	-0.0381480671914454	-0.17242260416801	-0.859433873317261	0.993708410293858	1
X2924906	23.6296890842848	1.48971201056065	25.4832238879708	-3.34324681424669	1
X2924907	16.2146959207278	0.20677225200998	14.9188411352892	1.08908253342868	1
X2924908	-15.4122972963289	0.0577932906997622	-11.1497460244184	-4.32034456261022	1
X2924909	18.8249031652391	-0.879470769482829	22.5216280713657	-2.81725413664366	1
X2924910	3.21800772168905	-0.530672912322138	3.47814605251911	0.270534581492079	1
X2924911	7.43788025501846	4.15899434420122	0.285276979290289	2.99360893152698	1
X2924912	36.2059056268019	2.01759334035702	35.8216800685512	-1.63336778210617	1
X2924913	20.6865440651834	-0.906930369921661	12.2632440071291	9.33023042797604	1
X2924914	13.6419972687788	-1.21046055264753	10.5016200907223	4.35083773070405	1
X2924915	15.0061149310316	0.835016485083919	15.8795978099687	-1.70849936402112	1
X2924916	-2.02948890143638	3.03338583130624	-3.38262688848638	-1.68024784425621	1
X2924917	12.8946913508113	-0.906930369921661	0.72425144023094	13.0773702805019	1
X2924918	20.621106076518	2.78175912033361	18.4444782622137	-0.605131306029267	1
X2924919	13.0890090381935	-1.39012606763777	13.9745377593346	0.504597346496619	1
X2924920	-25.7418228236523	1.1471044818278	-27.0619216474526	0.172994341972445	1
X2924921	28.0961901893408	1.1471044818278	15.9056360385082	11.0434496690048	1
X2924922	-0.94261675342411	3.47333144917356	-8.12546567054137	3.70951746794364	1
X2924923	18.0329901799922	0.835016485083919	17.3024497866129	-0.10447609170456	1
X2924924	5.6272183648513	2.25151486821401	6.56682623308337	-3.19112273644609	1
X2924925	34.52740445646	2.63237879756794	24.7511352190729	7.14389043981915	1
X2924926	-2.82773001387906	3.03338583130624	-6.11525760274109	0.254141757555811	1
X2924927	-16.9706678307236	0.105983874621144	-11.6371294723127	-5.43952223303208	1
X2924928	17.180409742126	-0.744996418002412	17.9538262287022	-0.0284200685738076	1
X2924929	-20.2387333164307	2.74587696551883	-25.6656426734177	2.6810323914682	1
X2924930	-3.30699716210165	4.84465723922889	-13.9183424929084	5.76668809157789	1
X2924931	13.1516051381938	3.47333144917356	-0.235230821754389	9.91350451077462	1
X2924932	-11.7562859013694	1.71996946408154	-3.21611674363825	-10.2601386218127	1
X2924933	-12.8267984569396	-0.879470769482829	-11.4297072847481	-0.517620402708711	1
X2924934	-24.5125109808708	-0.54848098631813	-28.4429751177622	4.47894512320974	1
X2924935	-13.2682463468018	2.01759334035702	-8.15672999757007	-7.12910968958873	1
X2924936	-24.1561001822892	2.54250867984603	-25.8355866581989	-0.86302220393635	1
X2924937	32.1308422815965	5.57211172288362	18.327201155338	8.23152940337479	1
X2924938	-10.7255336982277	1.17970405667565	-15.0568150482755	3.15157729337218	1
X2924939	-10.5095169995961	0.546647432053364	-8.09131973222842	-2.9648446994211	1
X2924940	1.50707488374815	4.6649974729319	-7.12466124051252	3.96673865132877	1
X2924941	-8.69945406887441	2.27523209841822	-19.586082808488	8.61139664119539	1
X2924942	-12.0991356827073	-0.725777400024767	-8.93589325824044	-2.43746502444213	1
X2924943	22.0841535973053	1.71996946408154	5.96035093491589	14.4038331983079	1
X2924944	-24.0591473831087	-0.879470769482829	-19.4872673961531	-3.69240921747273	1
X2924945	25.8689647860707	0.761004871802916	21.0332128908346	4.0747470234331	1
X2924946	5.2289890564938	2.89699293643322	5.84897900471266	-3.51698288465203	1
X2924947	-1.79327403627139	0.761004871802916	-9.72616254643644	7.17188363836211	1
X2924948	6.75214776644006	-0.385052879987415	8.90403097889366	-1.76683033246614	1
X2924949	11.4040121770466	0.20677225200998	7.6898360941907	3.5074038308459	1
X2924950	-6.64433666731221	1.72950693001181	-4.35216631185101	-4.02167728547303	1
X2924951	27.6823469810132	1.24278417171938	26.280273609095	0.159289200198796	1
X2924952	6.28878336813783	2.25151486821401	12.8399700845622	-8.80270158463838	1
X2924953	-2.90078559695325	-2.71286569155667	4.6121558052567	-4.80007571065329	1
X2924954	-1.2614345002095	-0.54848098631813	-9.37676255821814	8.66380904432678	1
X2924955	21.2411455624421	1.12338553811447	19.0994039183123	1.01835610601528	1
X2924956	-10.7698970621084	1.12338553811447	-12.1562025887265	0.26291998850363	1
X2924957	-6.59971791934578	3.33671865328868	-13.9420297269209	4.00559315428655	1
X2924958	-0.873048261368284	-1.17116278331552	1.03605803479084	-0.737943512843583	1
X2924959	-27.971718021357	-1.89051068336907	-25.3888035055769	-0.692403832410984	1
X2924960	-21.1141590073153	1.1471044818278	-17.973423514246	-4.28783997489707	1
X2924961	-31.069782509134	1.21191127936019	-35.11653945756	2.83484566906574	1
X2924962	5.59165723633478	0.20677225200998	5.61653997833778	-0.231654994012981	1
X2924963	1.46272719657325	0.248417529483443	1.09160190291926	0.122707764170573	1
X2924964	-10.7344027195833	-2.57134875946168	-4.79736864859796	-3.36568531152367	1
X2924965	25.6707238414934	-1.21046055264753	21.3461477413428	5.53503665279803	1
X2924966	-12.9834124937123	-4.43851444565208	-9.35433856714335	0.80944051908323	1
X2924967	-20.7802404662693	-4.2784988976166	-14.8031925427472	-1.69854902590547	1
X2924968	-18.0628770123623	0.0513536091019158	-17.794666682732	-0.3195639387322	1
X2924969	11.0352924727842	1.14053802863805	3.95454904377214	5.94020540037398	1
X2924970	12.9789532155842	-1.83192498635938	19.3128294564719	-4.50195125452837	1
X2924971	32.244991777592	1.8681653627714	33.460192358547	-3.08336594372637	1
X2924972	18.2843058495172	-1.5656972078944	19.543476513264	0.306526544147721	1
X2924973	33.9142151939259	2.197903218546	26.06472628126	5.65158569411989	1
X2924974	10.5005896214684	1.72950693001181	5.09323225659546	3.67785043486112	1
X2924975	-1.76224765076179	2.3632925375386	-0.914567422687159	-3.21097276561323	1
X2924976	-13.825585210074	-0.39031318433316	-8.53436289349073	-4.90090913225009	1
X2924977	13.2663542659068	2.29283444633529	11.4241272193719	-0.450607399800401	1
X2924978	-14.3295926054583	2.74587696551883	-15.8861275202611	-1.18934205071605	1
X2924979	4.32642309115441	-0.725777400024767	3.0742501794714	1.97795031170779	1
X2924980	-0.793954300843431	2.27523209841822	-2.30008485323629	-0.769101546025396	1
X2924981	21.5900304713561	2.74587696551883	23.0791644281097	-4.23501092227254	1
X2924982	-7.98057838195529	-0.544624430127873	0.84668498459625	-8.28263893642365	1
X2924983	3.05235243728146	-1.39012606763777	17.6481746345531	-13.2056961296338	1
X2924984	-15.2276716151913	1.94113286503277	-9.80035578305891	-7.36844869716518	1
X2924985	-7.01515480782324	2.29283444633529	-9.52686109193812	0.218871837779616	1
X2924986	8.87642104429671	0.835016485083919	1.8061130836021	6.2352914756107	1
X2924987	-9.47529879456014	-1.39012606763777	-4.7911483169891	-3.29402440993331	1
X2924988	-17.6100488471095	2.4685679594384	-21.9754874945479	1.89687068800002	1
X2924989	-45.676366904396	1.77934950567753	-35.2843993159891	-12.1713170940844	1
X2924990	-5.80249519165936	3.75237329803744	-10.5392401122202	0.984371622523471	1
X2924991	-20.2395606995103	2.27523209841822	-27.1821906053896	4.66739780746109	1
X2924992	10.5962826237008	1.85674868950047	7.33536076357919	1.40417317062119	1
X2924993	5.6292712074455	-0.725777400024767	13.8675467967057	-7.51249818923544	1
X2924994	7.49710700970364	-1.39012606763777	8.73170678852456	0.155526288816911	1
X2924995	-25.734267453101	0.167926900898857	-27.1412491539982	1.23905479999838	1
X2924996	21.6498857448333	3.04871949335439	13.0089100552227	5.59225619625628	1
X2924997	-5.77929919403668	0.546647432053364	0.813905546024447	-7.13985217211457	1
X2924998	-5.5768896212105	0.831882469042246	-8.57997703157613	2.17120494132339	1
X2924999	-7.20523237039814	4.15899434420122	-10.5521295441847	-0.812097170414723	1
X2925000	-6.7339559190337	1.24586331664673	-9.60137019556075	1.62155095988028	1
X2925001	-32.3489685842899	2.13267530827826	-31.9959904409525	-2.48565345161562	1
X2925002	-0.43566449362763	-0.285595531912416	-5.28637928226322	5.13631032054802	1
X2925003	-5.22419979459988	-1.40307353286708	-3.10507035726072	-0.71605590447208	1
X2925004	34.4790997970855	0.546647432053364	42.7062466782656	-8.77379431323339	1
X2925005	31.2832807943268	3.04871949335439	25.6156974716131	2.6188638293593	1
X2925006	-1.41686909444008	-1.21046055264753	1.8608122398287	-2.06722078162121	1
X2925007	-21.6322007510376	2.27523209841822	-24.7066556341976	0.79922278474188	1
X2925008	-16.8303496552223	1.1471044818278	-11.0427283497975	-6.93472578725252	1
X2925009	32.2584511989335	0.90942536195631	33.1309697511053	-1.78194391412819	1
X2925010	12.0271967610577	0.835016485083919	18.2659351010781	-7.07375482510429	1
X2925011	-0.048226401562137	0.537712854549186	-10.3189497257281	9.73301046961678	1
X2925012	-8.29347490918392	-3.3926876650823	1.86125062095895	-6.7620378650606	1
X2925013	-19.6644689376975	-0.17242260416801	-20.246602281171	0.754555947641481	1
X2925014	14.026316797759	2.30462053852561	8.2570112050368	3.46468505419657	1
X2925015	2.37477187561701	0.20677225200998	-4.95950333904858	7.12750296265561	1
X2925016	12.6735149351463	-0.866481323301037	21.0800528946308	-7.54005663618359	1
X2925017	17.1411530180664	-0.315107751163154	22.4350454169051	-4.97878464767557	1
X2925018	-14.8783976440855	-1.39012606763777	-14.85957107952	1.37129950307237	1
X2925019	18.842441411899	0.0891882413785761	16.2222494474593	2.53100372306117	1
X2925020	-22.0870553762286	-0.0940322727377904	-27.182390000985	5.18936689749412	1
X2925021	-8.19990009271068	2.9108992179935	-19.866619997965	8.75582068726082	1
X2925022	10.6106767833022	-4.50022159935707	13.0325435003698	2.07835488228946	1
X2925023	8.37027496482903	-0.888949556086612	9.07086632371301	0.188358197202635	1
X2925024	20.3612993329656	2.54950373965067	17.2432595194464	0.5685360738686	1
X2925025	16.3066307624425	2.54950373965067	10.9296938485086	2.82743317428315	1
X2925026	-14.0049691003111	3.47333144917356	-12.1937135284999	-5.28458702098472	1
X2925027	10.9569875667918	1.71996946408154	6.63302981960057	2.60398828310965	1
X2925028	3.17788731847874	1.64828718762557	2.6015641762877	-1.07196404543457	1
X2925029	14.7237521584266	3.31200337245321	6.96906681159372	4.44268197437971	1
X2925030	-14.4219446773133	-1.39012606763777	-22.5824401559447	9.55062154626917	1
X2925031	17.3000621659776	1.1471044818278	16.8779225346886	-0.72496485053891	1
X2925032	3.51773202792458	3.47333144917356	3.46728341587483	-3.42288283712376	1
X2925033	-16.7240878385556	-0.912798735417104	-11.716221532697	-4.09506757044158	1
X2925034	-15.2529700751139	2.74587696551883	-16.8237753225298	-1.175071718103	1
X2925035	8.98755081737028	3.33671865328868	8.13678046362359	-2.48594829954201	1
X2925036	7.47938160782589	0.546647432053364	5.38406051655261	1.54867365921993	1
X2925037	-0.895176456405764	6.21515388777714	-14.9273508766069	7.81702053242411	1
X2925038	-4.31397766580423	4.15899434420122	-9.21758987684909	0.744617866843694	1
X2925039	-49.752929641005	0.902977920829471	-57.7407931654442	7.08488560360987	1
X2925040	0.0507899851415283	2.78175912033361	4.75805414375791	-7.48902327895002	1
X2925041	-27.3269920216535	-0.285595531912416	-31.5502528721175	4.50885638237643	1
X2925042	13.6711023531608	2.35136952221778	-0.409059207604123	11.7287920385471	1
X2925043	19.1209493635884	-0.159916945623837	18.3644695473562	0.916396761856002	1
X2925044	-8.96397612544477	3.97505509913276	-24.2527411356465	11.3137099110689	1
X2925045	-5.5895736956595	0.721281696755614	-5.40559807555726	-0.905257316857898	1
X2925046	-15.0548052057575	3.47333144917356	-28.4823345123606	9.95419785742948	1
X2925047	-13.1935441861727	-0.440786337451733	-13.3987611174155	0.646003268694545	1
X2925048	8.45301851943296	0.708271954137498	5.45466187554004	2.29008468975544	1
X2925049	-19.3993885063231	3.89953576816277	-27.704006174995	4.40508190050915	1
X2925050	3.18133506508352	-2.36778824080775	5.91656860843735	-0.367445302546082	1
X2925051	-20.4458988824834	0.167926900898857	-24.6271098485202	4.01328406513801	1
X2925052	17.3661159295534	4.15899434420122	7.70224359355406	5.50487799179796	1
X2925053	-22.6443010259576	0.167926900898857	-24.5018882334684	1.689660306612	1
X2925054	-13.86110754095	-1.40307353286708	-10.2516908999222	-2.20634310816068	1
X2925055	5.51617807748857	-0.316830520108147	2.59933081287169	3.23367778472505	1
X2925056	1.07901100253125	-0.285595531912416	1.07239289690699	0.292213637536692	1
X2925057	18.0936521257869	-0.906930369921661	17.0608094415571	1.93977305415152	1
X2925058	19.4931779958806	-3.93736987276763	19.0284932167968	4.40205465185144	1
X2925059	-18.6225095096784	0.883009817496839	-23.9109292288615	4.40540990168638	1
X2925060	13.7510013982517	-1.83192498635938	13.7319659774287	1.8509604071824	1
X2925061	-9.30107816337884	-1.5656972078944	-14.9728905361181	7.23750958063377	1
X2925062	-2.32719963086369	-0.285595531912416	2.03522143120417	-4.07682553015545	1
X2925063	-7.0079318090368	-1.06650192006212	-10.9019251995518	4.96049531057709	1
X2925064	-16.5380573847867	0.167926900898857	-20.6603169511915	3.95433266550592	1
X2925065	-17.8173328467335	3.04871949335439	-16.1766161289371	-4.6894362111508	1
X2925066	17.8598769038318	-0.00224785163457647	17.0070513946102	0.855073360856116	1
X2925067	4.01593852149366	-0.725777400024767	5.59530377368758	-0.853587852169206	1
X2925068	8.56513520183571	3.06792113056569	3.02717224706623	2.47004182420381	1
X2925069	-40.1262420910677	-0.316830520108147	-40.1785705529822	0.369158982022617	1
X2925070	-10.2472600024236	-0.0387407959911986	-9.51885487203007	-0.689664334402334	1
X2925071	-11.6845298741447	0.0750325694434039	-8.03474415280589	-3.72481829078214	1
X2925072	2.14714977109867	-0.00224785163457647	5.26883071608046	-3.11943309334726	1
X2925073	18.0949054905989	-0.906930369921661	19.6220167732879	-0.620180912767313	1
X2925074	25.2754215760017	0.167926900898857	19.8397020095345	5.26779266556839	1
X2925075	10.52557044953	-0.934389970360494	6.36967495322371	5.09028546666664	1
X2925076	-10.6859569259531	-2.36778824080775	-2.69859515479636	-5.61957353034904	1
X2925077	16.2223155472314	-0.85541427219809	14.7729097718319	2.30482004759753	1
X2925078	12.1324622034097	-4.18794215920985	18.366184880662	-2.04578051804235	1
X2925079	23.249302188789	-0.744996418002412	26.9742959428579	-2.97999733606659	1
X2925080	15.7677845628887	-1.5656972078944	19.1909969105353	-1.85751513975229	1
X2925081	-14.3946796612779	-1.43192784999867	-7.07698796104855	-5.88576385023067	1
X2925082	-1.90973304085273	-4.2784988976166	10.361092358824	-7.99232650206016	1
X2925083	34.4973053705516	-3.39120147943942	44.1283227328408	-6.23981588284978	1
X2925084	-17.7574994694653	-0.431405040229001	-17.9564485590939	0.630354129857679	1
X2925085	-14.0301282753833	-0.773338277357753	-15.4584947604256	2.2017047624001	1
X2925086	-19.3405188440001	-4.43851444565208	-18.3275742514215	3.42556985307346	1
X2925087	-16.7570346865013	-2.38003658506683	-5.58176670429268	-8.79523139714177	1
X2925088	-26.1506476597417	1.1471044818278	-22.9203544460223	-4.37739769554723	1
X2925089	5.25428835754375	-4.43851444565208	12.5942167867172	-2.90141398352136	1
X2925090	9.84845018894097	1.40452389646599	10.6686328983258	-2.22470660585082	1
X2925091	21.0040843986595	-0.159916945623837	34.2762162184661	-13.1122148741826	1
X2925092	-4.78052182276545	0.24048027573756	-9.75104834974288	4.73004625123985	1
X2925093	-2.06695484866702	0.546647432053364	6.98975234461221	-9.60335462533258	1
X2925094	-24.329380274807	-4.43851444565208	-13.0806254162052	-6.81024041294973	1
X2925095	-17.9247993538534	-1.5656972078944	-5.51435812992063	-10.8447440160385	1
X2925096	2.39946859582557	2.3632925375386	-1.71806486911269	1.75424092739968	1
X2925097	7.17254570708079	-0.54848098631813	4.86658334747442	2.85444334592454	1
X2925098	-18.0368475534537	3.47333144917356	-16.0729270132398	-5.43725198938748	1
X2925099	4.56994390528198	-3.10003562321092	1.79785054291749	5.8721289855754	1
X2925100	13.3408128461738	-4.50022159935707	20.1198094154599	-2.27877496992905	1
X2925101	9.84887401768282	1.02247027555619	3.70851723061209	5.11788651151453	1
X2925102	26.3202444373732	0.546647432053364	22.1234682108522	3.65012879446758	1
X2925103	3.06096529309251	-1.39012606763777	7.23777577439427	-2.78668441366387	1
X2925104	-17.0845356725627	-0.285595531912416	-16.1975248054142	-0.601415335236136	1
X2925105	2.38050142140099	-2.8356921913363	0.605664056173579	4.61052955656376	1
X2925106	-19.3158885520969	1.12338553811447	-29.2870335691993	8.84775947898793	1
X2925107	-9.794352389872	-1.39012606763777	-9.03231784192992	0.628091519695748	1
X2925108	29.7487479716241	0.295855938268632	32.4278164595004	-2.97492442614494	1
X2925109	16.2021785511504	3.35592525460021	14.0753490282149	-1.22909573166474	1
X2925110	-15.0794401640529	2.74587696551883	-22.297547062018	4.4722299324462	1
X2925111	-18.4780243822137	2.54950373965067	-23.1762733407016	2.14874521883717	1
X2925112	-11.6769510653093	-3.10003562321092	-9.09538075386898	0.518465311770596	1
X2925113	19.4921120103627	3.47333144917356	13.3981725635145	2.62060799767462	1
X2925114	14.0988291487934	-1.39012606763777	12.8712912585624	2.61766395786872	1
X2925115	-6.8465797030065	1.33619299663507	-10.0190918945888	1.83631919494726	1
X2925116	17.0504722956293	0.835016485083919	8.77471329475808	7.44074251578735	1
X2925117	-46.1126631985896	2.197903218546	-49.3311865821231	1.02062016498739	1
X2925118	1.67113742101953	-1.40307353286708	-14.0503445478728	17.1245555017594	1
X2925119	-20.3185963109495	4.11532769661662	-25.2089828379975	0.775058830431311	1
X2925120	14.1271553901895	2.74587696551883	0.324730978255857	11.0565474464149	1
X2925121	12.5504826117549	3.12493534157665	2.07250098876677	7.35304628141152	1
X2925122	-28.5975188628945	-0.0269665355013462	-23.1616707667938	-5.40888156059946	1
X2925123	-0.317369945833044	4.14569868524086	-15.659881234795	11.1968126037212	1
X2925124	-43.5576540858512	2.01759334035702	-53.8112239839909	8.23597655778268	1
X2925125	9.47674808206744	1.71996946408154	14.1352396899636	-6.37846107197767	1
X2925126	11.2088013109103	4.15899434420122	2.90629067956902	4.14351628714006	1
X2925127	-12.508751702118	3.31200337245321	-21.2646733949962	5.44391832042501	1
X2925128	15.9653184386188	3.47333144917356	20.0232606919481	-7.53127370250285	1
X2925129	3.08036053735135	3.56140448415554	0.806666030646339	-1.28770997745045	1
X2925130	4.22504947918043	2.01759334035702	4.73890537148809	-2.53144923266467	1
X2925131	2.59806367475918	-0.879470769482829	10.9470912749771	-7.4695568307351	1
X2925132	-15.7026514877105	-0.879470769482829	-4.68392861239624	-10.1392521058314	1
X2925133	7.92270863243313	-0.00224785163457647	8.08659011165965	-0.161633627591953	1
X2925134	-24.1589573849703	3.56140448415554	-32.6580550352147	4.93769316608882	1
X2925135	2.36454520828421	3.17824231977549	-5.44723126458601	4.63353415309475	1
X2925136	11.2384728019697	4.15899434420122	7.00767158577337	0.0718068719950566	1
X2925137	-12.2882250888826	3.47333144917356	-17.5135165623487	1.75196002429248	1
X2925138	-5.25349882913832	-4.43851444565208	0.480082217675752	-1.295066601162	1
X2925139	18.9215263664496	-4.2784988976166	31.0492360254123	-7.84921076134619	1
X2925140	22.520319283553	-2.8356921913363	33.0121644157151	-7.6561529408258	1
X2925141	7.98042904442996	-0.866481323301037	13.0415609892412	-4.19465062151013	1
X2925142	4.01955416768642	-1.92093386314127	8.96945565620304	-3.02896762537532	1
X2925143	8.70961667687359	-2.57134875946168	17.7521008220555	-6.47113538572022	1
X2925144	9.75040927624757	0.20677225200998	8.31420654266616	1.22943048157144	1
X2925145	10.4821140533689	-1.5656972078944	20.389890666763	-8.34207940549969	1
X2925146	9.16042635104451	-4.49562469422966	21.4665955936913	-7.81054454841713	1
X2925147	60.6941103323522	-1.39012606763777	65.4152365044109	-3.33100010442096	1
X2925148	-16.0057310552743	-1.9007813657927	-12.3908328886567	-1.71411680082496	1
X2925149	23.6231512623787	-3.33611834312254	31.4450855636391	-4.48581595813783	1
X2925150	2.92082902384548	-4.43851444565208	7.15798010333201	0.201363366165645	1
X2925151	27.3195716333637	3.47333144917356	16.9919148102904	6.8543253738996	1
X2925152	7.40924042506402	2.78175912033361	-4.79180234440481	9.41928364913522	1
X2925153	-11.4245391502236	1.2031145029983	-18.3509353367416	5.72328168351956	1
X2925154	-15.5620107687766	2.01759334035702	-40.28723070646	22.7076265973264	1
X2925155	1.20170739213162	0.546647432053364	-3.36908713065117	4.02414709072943	1
X2925156	4.17994658965743	1.66789490563828	7.88556188644475	-5.37351020242564	1
X2925157	7.43283348167264	-0.530672912322138	-4.13972022952494	12.1032266235197	1
X2925158	42.4788241319708	0.761004871802916	32.9159733456748	8.80184591449308	1
X2925159	2.24369658857648	0.835016485083919	-1.01525552574711	2.42393562923969	1
X2925160	-18.5775893973971	-4.2784988976166	-8.11321501081308	-6.18587548896744	1
X2925161	-20.2616460331153	-1.21046055264753	-15.0642881593689	-3.98689732109902	1
X2925162	-46.9775794639605	0.835016485083919	-48.5316584366983	0.719062487653764	1
X2925163	-23.2249510245038	-4.43851444565208	-16.4603501425045	-2.32608643634731	1
X2925164	0.918944473465586	-2.38003658506683	2.72926850129704	0.569712557235358	1
X2925165	29.4343143318557	-2.30437607947486	33.9333507585898	-2.19466034725926	1
X2925166	-0.528213431659149	-3.86206348978147	-0.38400935333212	3.71785941145448	1
X2925167	-23.4501906900697	-3.39120147943942	-15.9431480507755	-4.11584115985492	1
X2925168	21.937253605851	1.71996946408154	23.3635888053115	-3.146304663542	1
X2925169	27.0125101269664	0.546647432053364	25.5096567773708	0.956205917542219	1
X2925170	-2.75539440864382	-0.701164960312354	-6.93398855613412	4.87975910780265	1
X2925171	16.0963983085712	0.835016485083919	12.0091911171245	3.2521907063627	1
X2925172	-25.6181344557536	-0.431405040229001	-29.3934307788919	4.2067013633672	1
X2925173	25.2895283121932	4.15899434420122	17.7813286102427	3.34920535774915	1
X2925174	3.17411114132439	2.30375541675426	-7.83758790785247	8.70794363242264	1
X2925175	-5.98038816038923	0.546647432053364	-4.8565208086816	-1.670514783761	1
X2925176	3.86922665700214	-4.43851444565208	4.7460498270627	3.56169127559145	1
X2925177	-7.9401788738199	2.25151486821401	-17.4270142102914	7.23532046825746	1
X2925178	20.6519364776662	4.15899434420122	13.11118852674	3.38175360672495	1
X2925179	-9.59718685185585	-0.725777400024767	-10.0247948204594	1.15338536862833	1
X2925180	13.2129970074475	1.83537717206166	4.9284905374969	6.44912929788897	1
X2925181	41.1552520501229	3.06792113056569	26.8598051293859	11.2275257901713	1
X2925182	-17.9424003982457	-0.879470769482829	-18.779620098321	1.71669046955821	1
X2925183	21.047347234011	4.15899434420122	16.3257535254168	0.562599364392996	1
X2925184	7.3248523769708	-0.906930369921661	3.49146268544195	4.74032006145057	1
X2925185	4.07380600800747	0.835016485083919	0.848565420194632	2.39022410272897	1
X2925186	43.5753184752307	5.57211172288362	26.3671365388856	11.6360702134613	1
X2925187	-42.4296974354458	3.62639989754983	-47.2525620090146	1.19646467601892	1
X2925188	-42.1779604762022	4.14569868524086	-50.9018124803233	4.57815331888004	1
X2925189	19.7144386606749	4.15899434420122	10.9067939960803	4.64865032039346	1
X2925190	15.5648874257236	1.77934950567753	14.0595466976743	-0.274008777628249	1
X2925191	-18.3589207957141	-1.9007813657927	-5.6027942314699	-10.8553451984516	1
X2925192	-28.7290834023729	-1.5656972078944	-21.6550708572784	-5.50831533720011	1
X2925193	10.6686078919286	2.38966850205181	10.0546330588872	-1.77569366901033	1
X2925194	5.39067800967158	2.3632925375386	3.63208490621096	-0.604699434077978	1
X2925195	26.3964082082385	0.694061962644253	27.7092694497939	-2.00692320419973	1
X2925196	-17.1108893346965	0.276615623298573	0.038187614587609	-17.4256925725827	1
X2925197	4.6433269236853	-0.0269665355013462	8.77863696544485	-4.10834350625819	1
X2925198	-18.7444899808165	-1.5656972078944	-14.0856528723819	-3.09313990054023	1
X2925199	3.35276457391872	1.1471044818278	4.58831148624515	-2.38265139415421	1
X2925200	-12.9934181395819	1.72950693001181	-5.82811867198681	-8.8948063976069	1
X2925201	-11.024092774624	-0.911417788872186	-0.837456629551575	-9.27521835620022	1
X2925202	22.6900148132892	2.25151486821401	19.6571486504609	0.781351294614253	1
X2925203	-18.4138053268571	1.1471044818278	-9.9766331764798	-9.58427663220509	1
X2925204	-24.8515887874685	1.02969828725445	-23.6427016782843	-2.23858539643868	1
X2925205	1.95139288233397	-0.701164960312354	1.68235755617076	0.970200286475599	1
X2925206	17.9330089718822	1.69954781792566	7.74168322168794	8.49177793226858	1
X2925207	13.3883848754871	-1.5656972078944	18.978332164592	-4.02425008121051	1
X2925208	-13.9792188604415	1.1471044818278	-19.8487889687735	4.7224656265043	1
X2925209	-11.977310877966	1.1471044818278	-17.4631626314975	4.33874727170381	1
X2925210	10.9532324257897	2.78175912033361	-3.06371191203553	11.2351852174915	1
X2925211	13.7970023024172	1.71996946408154	14.0533197944633	-1.97628695612765	1
X2925212	1.63864129333637	2.25151486821401	-12.5323647699244	11.9194911950468	1
X2925213	-15.0870669047946	1.71996946408154	-24.5171595413943	7.7101231725181	1
X2925214	1.90704410297616	-1.21046055264753	1.95326551402188	1.16423914160171	1
X2925215	-6.09835964626524	-0.695298588150205	-18.6298436462494	13.2267825881343	1
X2925216	-0.224386118649581	-0.0269665355013462	-6.39900703869533	6.20158745554709	1
X2925217	-12.4143574927858	-1.5656972078944	-15.4342200709328	4.58555978604136	1
X2925218	-10.1332076246017	3.8930119340117	-19.0279051943055	5.00168563569219	1
X2925219	16.050178540637	0.167926900898857	5.29290961304557	10.5893420266925	1
X2925220	17.7453702674333	0.182969969185686	22.3206153577212	-4.75821505947361	1
X2925221	-2.88690314370091	-0.0269665355013462	-3.66713456562635	0.807197957426784	1
X2925222	17.1842644523343	5.1057200516566	1.13112094513313	10.9474234555445	1
X2925223	-12.984262093916	2.77973775022247	-21.9333676052771	6.1693677611387	1
X2925224	-22.8154240823775	0.835016485083919	-21.2122123097203	-2.43822825774108	1
X2925225	10.5119759199978	0.902977920829471	-1.04783058455986	10.6568285837281	1
X2925226	-4.21090424463361	-1.75544864249659	-1.35397900629319	-1.10147659584384	1
X2925227	7.03109045751976	4.15899434420122	-6.03038877791309	8.90248489123162	1
X2925228	-35.4815829516596	-4.50022159935707	-27.1456004443932	-3.83576090790929	1
X2925229	34.6361270837724	0.167926900898857	30.6889408885942	3.77925929427926	1
X2925230	-6.38815345091678	-4.43851444565208	-5.5889729577759	3.63933395251119	1
X2925231	-5.01779403898056	0.811532505536958	-3.98732189195994	-1.84200465255758	1
X2925232	-2.77534365568014	-0.300351641537785	-2.02272790909393	-0.452264105048418	1
X2925233	-11.9267547588313	-3.33611834312254	-3.46318259611516	-5.12745381959368	1
X2925234	32.6347706365878	3.04871949335439	20.9544687594332	8.63158238380018	1
X2925235	-1.63618394897814	0.239269548181646	-6.27477528260608	4.3993217854463	1
X2925236	5.43003069090693	-0.232154939630879	-2.24323767428135	7.9054233048191	1
X2925237	13.5716416542951	2.59707449443761	3.04986281308508	7.92470434677238	1
X2925238	17.8215954931239	0.0751997800698546	21.848965573784	-4.10256986072989	1
X2925239	-17.4708640770262	0.328908158068028	-23.6581486086236	5.85837637352938	1
X2925240	-14.4022397382834	-3.33611834312254	-15.8897308280893	4.82360943292854	1
X2925241	23.1278941917362	-0.888949556086612	26.447646684246	-2.43080293642312	1
X2925242	-22.8080822871825	-1.40307353286708	-16.2261539136985	-5.1788548406169	1
X2925243	-3.46292710448135	-0.104323058851778	-0.826918071922103	-2.53168597370742	1
X2925244	6.48113888570704	0.20677225200998	-0.181430866007807	6.45579749970486	1
X2925245	2.06805837736644	-0.0269665355013462	10.2349089881395	-8.13988407527174	1
X2925246	-9.59704582841288	2.13600780492892	-10.9420496547151	-0.791003978626694	1
X2925247	-21.1380582369649	0.149556271971545	-17.494402501387	-3.79321200754946	1
X2925248	41.1239852447046	0.127130011404572	40.3348925340948	0.66196269920516	1
X2925249	-10.0473900810378	-0.888949556086612	-5.96255444472297	-3.1958860802282	1
X2925250	35.1157321026395	2.54950373965067	31.3572006826769	1.20902768031186	1
X2925251	-11.1931327280837	-0.215952771632439	-8.77727242785709	-2.19990752859419	1
X2925252	-22.4242481661447	-2.49268508400119	-21.4531115916895	1.52154850954606	1
X2925253	21.0733505677337	1.71996946408154	25.7799274106578	-6.42654630700556	1
X2925254	-18.2641394843593	-4.09473165595051	-13.4059884970607	-0.763419331348218	1
X2925255	14.5947917177571	0.835016485083919	12.6891486156663	1.07062661700686	1
X2925256	27.4856349764072	1.24586331664673	23.9556084612199	2.28416319854048	1
X2925257	4.31609293917858	2.30375541675426	-2.41497322985588	4.42731075228022	1
X2925258	16.3411409929477	-0.729930307257161	14.6252352719474	2.44583602825742	1
X2925259	-11.9987564194318	-1.92093386314127	-0.85114268767206	-9.22667986861854	1
X2925260	-1.69333022488806	0.6294972756524	0.453102485562142	-2.7759299861026	1
X2925261	0.35510463343593	-3.33611834312254	1.65580169517886	2.03542128137961	1
X2925262	-24.0069735334848	-4.2784988976166	-13.2063737991346	-6.52210083673356	1
X2925263	30.7218063510903	-0.0269665355013462	31.2221338257938	-0.47336093920213	1
X2925264	10.0935711482706	0.835016485083919	7.1747059847016	2.08384867848508	1
X2925265	-10.0583626850614	-1.5656972078944	-12.6121421880869	4.11947671092003	1
X2925266	-26.9333572423653	-1.92093386314127	-17.8354802815604	-7.17694309766368	1
X2925267	-6.88544194382689	-3.33611834312254	2.97480296571556	-6.52412656642002	1
X2925268	1.8346598651175	-3.96160527576313	8.12474429205106	-2.32847915117042	1
X2925269	-5.59498747022288	-1.5656972078944	-2.75025546371476	-1.2790347986137	1
X2925270	3.29599724481243	-1.92093386314127	18.1775272353351	-12.9605961273814	1
X2925271	12.9265297361792	-0.159916945623837	13.1893911779587	-0.102944496155804	1
X2925272	-9.94074951088067	-0.725777400024767	-6.85032898088587	-2.36464312997	1
X2925273	11.4320363008255	-0.432857731736249	10.2069515582888	1.65794247427294	1
X2925274	32.3525420834215	-1.21046055264753	38.4274536382463	-4.86445100217723	1
X2925275	-46.9464257023587	-2.48896137403339	-40.5879655954589	-3.86949873286645	1
X2925276	28.8261823777759	-1.5656972078944	29.369189343491	1.02269024217928	1
X2925277	38.3793160803009	-1.5656972078944	44.6437825114743	-4.69876922327906	1
X2925278	15.1307556315394	-0.159916945623837	14.5889912063942	0.70168137076909	1
X2925279	-14.6296205152829	2.01759334035702	-25.0641810761204	8.41696722048046	1
X2925280	-14.0978428687756	2.25151486821401	-18.3647557407341	2.01539800374451	1
X2925281	16.6074983915319	-0.159916945623837	17.5166060508803	-0.749190713724432	1
X2925282	-8.29304822586317	-1.21046055264753	1.9489223464697	-9.03151001968532	1
X2925283	-8.37440832986967	0.546647432053364	-8.64784941799082	-0.273206343932245	1
X2925284	-1.56234081150662	-0.729930307257161	0.117453125595953	-0.949863629845389	1
X2925285	-1.2484099044855	1.1471044818278	-9.99897504834269	7.60346066202936	1
X2925286	3.20664705618114	-0.701164960312354	3.34495816762286	0.562853848870569	1
X2925287	-13.714469375578	-0.729930307257161	-0.954836524222419	-12.0297025440984	1
X2925288	-4.28543464813048	-0.888949556086612	3.33888423293492	-6.73536932497878	1
X2925289	-34.4607919083101	-4.11848334958112	-25.498404431651	-4.84390412707806	1
X2925290	-23.7359543463797	-1.06650192006212	-21.3489719635938	-1.32048046272372	1
X2925291	13.8663020353089	-1.06650192006212	14.7456250156441	0.187178939726922	1
X2925292	-0.847508703242061	-2.48429452703523	8.31276912303937	-6.67598329924622	1
X2925293	18.6162291010585	-2.39373778862849	26.7231319214932	-5.71316503180624	1
X2925294	-17.5414265756724	-0.544624430127873	-18.1164580146246	1.11965586908003	1
X2925295	-10.7679143076236	0.248417529483443	-15.9661392859714	4.94980744886437	1
X2925296	-0.471292677934766	-4.2784988976166	10.9574812229178	-7.15027500323591	1
X2925297	-13.1856335868914	-0.879470769482829	-9.32488854090961	-2.98127427649897	1
X2925298	3.39398667961838	1.24586331664673	3.59470249185009	-1.44657912887836	1
X2925299	4.63564966354039	1.71996946408154	4.1388553651937	-1.22317516573485	1
X2925300	14.7630903337655	-2.38003658506683	17.8926523042488	-0.749525385416483	1
X2925301	5.72678119826874	-2.104390153944	10.1501038264597	-2.31893247424694	1
X2925302	-25.2152590961043	3.08712276777699	-35.4991568545881	7.19677499070668	1
X2925303	-14.0817765609426	-0.85541427219809	-15.7494444684059	2.52308217966131	1
X2925304	13.0847712171504	-0.0940322727377904	7.89370413901646	5.28509935087177	1
X2925305	-25.2850071286543	2.38123318066944	-32.0379176150674	4.37167730574358	1
X2925306	14.6628734299219	-0.342594843462556	16.7602737704424	-1.75480549705796	1
X2925307	-7.88688545341039	-0.232154939630879	-6.31041171741058	-1.34431879636891	1
X2925308	-3.02306333660113	3.01809713794038	-12.2156299569716	6.17446948243013	1
X2925309	-19.4786356332647	-0.342594843462556	-16.7110068157819	-2.42503397402028	1
X2925310	-32.6038730304385	-0.125263179376235	-33.6906691812255	1.21205933016331	1
X2925311	8.29205261368797	0.15793897891778	-7.79182260427386	15.9259362390441	1
X2925312	30.6585578450182	0.835016485083919	24.3082367424686	5.51530461746565	1
X2925313	-8.12811187161288	-1.39012606763777	-6.49237239745306	-0.245613406522078	1
X2925314	23.9227021038431	-0.00224785163457647	17.0775600064799	6.8473899489978	1
X2925315	-0.195185525593809	-0.85541427219809	5.96671499731702	-5.30648625071271	1
X2925316	21.160640520328	0.535575854958084	11.5716222902197	9.05344237515019	1
X2925317	15.1809363089653	0.20677225200998	6.50754124125206	8.46662281570326	1
X2925318	15.2813796538553	3.06792113056569	4.27067480540311	7.94278371788648	1
X2925319	-22.9630130802266	4.18243543809169	-32.9328516217181	5.78740310339976	1
X2925320	0.990117046801116	3.54060400075408	-17.3241099666207	14.7736230126677	1
X2925321	13.5740806531329	0.248417529483443	7.4410352773651	5.88462784628436	1
X2925322	15.4425489670321	3.89953576816277	5.83536745195592	5.70764574691341	1
X2925323	16.0243632353931	-0.0269665355013462	12.8575889878304	3.19374078306403	1
X2925324	2.15321740719251	0.20677225200998	-5.17144069137128	7.11788584655382	1
X2925325	6.94023349543273	3.2034241037195	3.05873780620588	0.678071585507344	1
X2925326	-20.8910527268322	-0.0269665355013462	-19.1931223427021	-1.67096384862865	1
X2925327	5.5380028067329	-0.431405040229001	1.19260748583555	4.77680036112633	1
X2925328	-7.79891076114882	-1.39012606763777	0.878658581341667	-7.28744327485276	1
X2925329	2.28198948229823	-1.06650192006212	2.73404359114148	0.614447811218842	1
X2925330	20.7198916022829	3.04871949335439	15.0757746842457	2.59539742468284	1
X2925331	-0.104098404667221	-3.39120147943942	2.65719201978382	0.629911054988395	1
X2925332	-24.3260351702748	0.546647432053364	-27.0150822797704	2.1423996774422	1
X2925333	37.3792246796803	0.347650472189526	40.53082011599	-3.49924590849929	1
X2925334	-0.150583617848366	4.14569868524086	-12.6340329500544	8.33775064696519	1
X2925335	-1.17536958895349	-0.0269665355013462	-4.02311670734821	2.87471365389607	1
X2925336	13.8121929266319	-0.725777400024767	19.2400360436768	-4.7020657170201	1
X2925337	7.13795888408661	-1.21046055264753	11.4188528291647	-3.07043339243062	1
X2925338	-4.22224723558741	-0.54848098631813	-13.5722225392862	9.89845629001695	1
X2925339	-8.55850039003557	-4.43851444565208	-4.81491236408785	0.694926419704111	1
X2925340	-22.316695655353	-2.49268508400119	-21.7268239818803	1.90281341052851	1
X2925341	-15.8801377485055	0.167926900898857	-17.5314944550541	1.48342980564976	1
X2925342	-9.17079008750098	3.8930119340117	-16.4602373046465	3.39643528313377	1
X2925343	23.0395936576604	2.5441360719001	15.7452251000491	4.75023248571126	1
X2925344	28.8706504653843	2.45381100046113	19.7575164693989	6.6593229955243	1
X2925345	-23.5946187024036	3.44950117361896	-38.7794253879899	11.7353055119673	1
X2925346	-6.82628758673426	0.338511934576557	-12.9639132713796	5.79911375006876	1
X2925347	6.67260757296353	1.2031145029983	5.89650187832996	-0.427008808364731	1
X2925348	-0.038651119772898	-1.21046055264753	0.0746167775200703	1.09719265535457	1
X2925349	-5.06785021337695	2.78175912033361	-9.45220497846219	1.60259564475162	1
X2925350	31.5103365456382	-1.89051068336907	34.4997421413077	-1.09889491230047	1
X2925351	13.2176439335407	-1.5656972078944	26.372899281477	-11.5895581400418	1
X2925352	1.62731753666803	-0.695298588150205	4.6583538770303	-2.33573775221204	1
X2925353	-4.85235026645561	0.835016485083919	-9.31293292449667	3.62556617295715	1
X2925354	-10.325972981502	2.01759334035702	-6.02915291876423	-6.3144134030948	1
X2925355	-14.693917950836	1.40452389646599	-6.88725910092022	-9.21118274638175	1
X2925356	0.147841938357977	1.77934950567753	5.49684110535049	-7.12834867267002	1
X2925357	1.34829570556099	3.03338583130624	-6.55856783798823	4.87347771224297	1
X2925358	-28.6548802753202	0.883009817496839	-35.7934071366819	6.25551704386489	1
X2925359	0.290448392792426	1.1471044818278	-3.69348305697687	2.83682696794145	1
X2925360	25.0997786089601	-1.40307353286708	24.8697842362726	1.63306790555443	1
X2925361	9.66615169602936	2.74587696551883	-0.385847797394227	7.30612252790477	1
X2925362	1.58946597600593	-1.39012606763777	-8.12153497588003	11.1011270195237	1
X2925363	29.5969203216105	2.14067311761282	20.8866922432972	6.56955496070038	1
X2925364	-31.1255352745039	-4.18794215920985	-34.0161017884483	7.07850867315423	1
X2925365	30.5644107583841	-0.440786337451733	24.0411833938857	6.96401370195025	1
X2925366	-20.360527820391	-1.21046055264753	-17.9552809389087	-1.19478632883478	1
X2925367	-27.7868484132178	1.1471044818278	-16.1058636288448	-12.8280892662008	1
X2925368	23.8499683078783	-1.90511553941798	29.7713325789523	-4.016248731656	1
X2925369	-2.88960929375189	0.335301727069952	-7.87741663105341	4.65250561023157	1
X2925370	23.4164152122154	1.71996946408154	28.7316203593769	-7.0351746112431	1
X2925371	-46.097085284517	-4.2784988976166	-33.8606389306534	-7.95794745624688	1
X2925372	-11.8203449090194	-1.5656972078944	1.66452725607962	-11.9191749572048	1
X2925373	15.9298380419472	-2.8356921913363	25.808831837294	-7.04330160401042	1
X2925374	-49.9837935354841	2.01759334035702	-55.4956087885977	3.49422191275663	1
X2925375	-7.16384583587148	-4.2784988976166	1.11383864939805	-3.99918558765296	1
X2925376	2.56932605147714	1.89205047878515	0.907671842074235	-0.230396269382269	1
X2925377	-22.7591145584416	2.78175912033361	-20.7990430560431	-4.74183062273215	1
X2925378	-14.8706056287202	-0.695298588150205	-9.17416230999998	-5.00114473056998	1
X2925379	-11.2808341847117	3.47333144917356	-13.9146708547429	-0.839494779142354	1
X2925380	10.9381058961733	2.3632925375386	8.23767175277108	0.337141605863625	1
X2925381	18.5885325118066	-0.0269665355013462	15.7633877532524	2.85211129405559	1
X2925382	4.03228824065733	4.15899434420122	-3.53961967730586	3.41291357376202	1
X2925383	-0.619326902194739	4.14569868524086	-7.81909788841509	3.05407230097952	1
X2925384	-1.32153993885503	1.72950693001181	-3.76291323861649	0.711866369749671	1
X2925385	-8.75638125345759	4.15899434420122	-13.0945831425859	0.179207544927045	1
X2925386	-5.3472644188768	3.26087308121618	-16.3775714187872	7.76943391869417	1
X2925387	26.4493318514026	2.37607676287559	12.4474051559463	11.6258499325808	1
X2925388	12.5863292461958	2.91809192489391	3.67375677414563	5.99448054715628	1
X2925389	-8.58906944512778	2.89699293643322	-14.6353092391635	3.14924685760255	1
X2925390	53.4940468780824	0.883009817496839	46.2283299333648	6.38270712722068	1
X2925391	-11.9226346976944	-2.57134875946168	-5.31091076405307	-4.04037517417975	1
X2925392	4.58831384221212	-0.159916945623837	3.59063023859802	1.15760054923792	1
X2925393	-35.6338160074819	-1.65958094870859	-31.1917083624181	-2.78252669635509	1
X2925394	-2.01398072349255	-4.11848334958112	13.0625631140137	-10.9580604879252	1
X2925395	-35.8174761194254	-1.06650192006212	-31.8596880411799	-2.89128615818326	1
X2925396	19.7352193875217	2.89699293643322	16.616316720396	0.221909730692428	1
X2925397	-30.835335580001	-0.888949556086612	-25.748380761894	-4.19800526202044	1
X2925398	-14.7305667585876	0.0751997800698546	-9.80899287822451	-4.99677366043296	1
X2925399	4.88366563353671	2.94783686573135	-8.17143646552018	10.1072652333255	1
X2925400	7.72124271778434	1.77934950567753	4.61098160483001	1.3309116072768	1
X2925401	15.1630564020103	-0.316830520108147	12.2150498267036	3.26483709541495	1
X2925402	5.93996594135093	-2.36778824080775	11.053042716119	-2.74528853396027	1
X2925403	-7.07981575316345	-4.43851444565208	0.201787904189076	-2.8430892117004	1
X2925404	12.5660123292385	-0.401506100585415	4.84116802961105	8.12635040021288	1
X2925405	-15.7762469544828	-2.5986406160203	-11.6636777914732	-1.51392854698934	1
X2925406	-34.8222873559239	-1.5656972078944	-36.1534861012975	2.89689595326796	1
X2925407	27.1693939256214	-1.92093386314127	31.3509035826243	-2.26057579386162	1
X2925408	15.3715672823161	-2.76266093385653	16.7655096676626	1.36871854851005	1
X2925409	-30.8698651743401	-3.82847889557574	-18.4305744187038	-8.61081186006059	1
X2925410	-27.8097070650007	-0.866481323301037	-16.0745766314673	-10.8686491102324	1
X2925411	-12.9389790999197	-1.39012606763777	-8.08163860157392	-3.46721443070797	1
X2925412	6.49679648302178	4.11532769661662	-7.99827216767406	10.3797409540792	1
X2925413	-7.15508334011818	-1.92093386314127	-5.87322734547585	0.639077868499004	1
X2925414	8.97116576291801	-2.49789701704365	5.37405143210597	6.09501134785572	1
X2925415	4.37388874218313	-0.744996418002412	3.27161943740433	1.84726572278123	1
X2925416	19.1527821624089	-0.159916945623837	20.9898416346208	-1.67714252658802	1
X2925417	-28.4833529118521	0.546647432053364	-20.5190877327631	-8.51091261114238	1
X2925418	-5.8179106823245	2.54950373965067	-17.9015353468613	9.53412092488603	1
X2925419	16.2246217041696	3.56140448415554	3.60511063928102	9.05810658073298	1
X2925420	-12.9626177518139	3.56140448415554	-17.2842394086334	0.760217172663954	1
X2925421	11.1211786228833	0.546647432053364	0.944872290426562	9.62965890040343	1
X2925422	-15.0896832119831	1.1471044818278	-6.01770969404521	-10.2190779997657	1
X2925423	21.0823251090479	-4.2784988976166	22.0845757198958	3.27624828676867	1
X2925424	-2.20504690544996	-4.43851444565208	8.97819405344123	-6.74472651323911	1
X2925425	26.3354441839254	0.546647432053364	22.051588081933	3.73720866993913	1
X2925426	-44.998596958126	4.15899434420122	-43.4107161427739	-5.74687515955346	1
X2925427	-9.51331645076414	-2.81608173473307	-0.341824884823663	-6.35540983120742	1
X2925428	-17.7236722839315	-2.38003658506683	-5.12468041715872	-10.218955281706	1
X2925429	-26.1536490964163	-3.02377062721337	-22.8445753461959	-0.28530312300698	1
X2925430	27.1012254826102	-1.5656972078944	35.8916582295792	-7.22473553907463	1
X2925431	-22.6371173536119	1.12338553811447	-29.3304463056244	5.56994341389809	1
X2925432	-13.4008422104333	1.85674868950047	-15.5008315189609	0.243240619027127	1
X2925433	4.4144846943412	3.47333144917356	-5.47323796508872	6.41439121025632	1
X2925434	35.6458581163543	4.15899434420122	31.0120959515491	0.47476782060412	1
X2925435	18.3275700328539	-0.744996418002412	16.7712868962335	2.30127955462277	1
X2925436	-3.1453131265993	0.105983874621144	-2.03524422361587	-1.21605277760456	1
X2925437	-13.2302223845008	-0.725777400024767	-9.65453019741576	-2.84991478706037	1
X2925438	-41.2860156534895	-1.21046055264753	-33.1971038399701	-6.87845126087177	1
X2925439	9.25275512923988	1.1471044818278	11.7449386936376	-3.63928804622554	1
X2925440	-7.96296077982708	1.1471044818278	-10.6077767308895	1.49771146923465	1
X2925441	-13.457540276438	1.72950693001181	-8.07231220194422	-7.11473500450555	1
X2925442	-1.31500266495315	-1.9007813657927	10.5376137188236	-9.951835017984	1
X2925443	-11.6538441650095	1.60703363164731	-10.2113401328937	-3.049537663763	1
X2925444	1.42297306228676	0.106370396876155	-2.1577992579846	3.47440192339519	1
X2925445	-11.1872419092913	-1.76810209505687	-4.48377681524655	-4.93536299898788	1
X2925446	-1.90205973845436	-1.76810209505687	5.34091738694803	-5.47487503034552	1
X2925447	6.56752902985139	-1.5656972078944	15.1113197103372	-6.97809347259141	1
X2925448	-29.1130066194367	0.128765974632566	-31.2258730701766	1.98410047610737	1
X2925449	-30.183417707529	1.71996946408154	-38.1767029384557	6.2733157668451	1
X2925450	-10.1921179007263	-0.54848098631813	-16.0153219713629	6.37168505695471	1
X2925451	-1.5471671295996	1.64828718762557	-2.86738927310786	-0.328065044117299	1
X2925452	7.23705880448154	-2.48896137403339	11.7631017410476	-2.03708156253268	1
X2925453	-22.7823009151606	0.835016485083919	-21.3282426935154	-2.28907470672908	1
X2925454	-33.991725104797	2.79525206254708	-32.451747168939	-4.33522999840508	1
X2925455	6.71085899800096	-0.0269665355013462	13.7641233394402	-7.02629780593788	1
X2925456	13.9581737301915	0.721281696755614	17.8047769389432	-4.56788490550725	1
X2925457	12.355025404365	0.898580520061812	7.3408874547853	4.11555742951789	1
X2925458	-23.9603408112215	-2.48896137403339	-22.4048299310317	0.93345049384359	1
X2925459	8.02048880346712	-4.18794215920985	16.6625206255096	-4.45408966283254	1
X2925460	19.748998257596	0.908315256934466	16.2873085985063	2.55337440215516	1
X2925461	28.7510706255	-1.39012606763777	26.7826506207452	3.35854607239263	1
X2925462	7.42702657689273	-0.725777400024767	7.10016379292086	1.05264018399666	1
X2925463	13.9828841949353	1.156410893649	9.01228483031528	3.81418847097106	1
X2925464	-16.9632278100812	0.546647432053364	-24.1766113925267	6.66673615039223	1
X2925465	15.8716327339761	-2.48896137403339	21.1033497063433	-2.7427555983338	1
X2925466	-23.1503261170376	3.03338583130624	-32.1844225331586	6.00071058481477	1
X2925467	14.561737487458	2.66470752027127	2.75709353730454	9.1399364298822	1
X2925468	19.9054545741666	0.415792355654537	16.1414109468162	3.34825127169592	1
X2925469	-7.00522530529041	-0.00224785163457647	-9.79593506385978	2.79295761020397	1
X2925470	8.18679839494289	-4.2784988976166	9.64594921823718	2.81934807432232	1
X2925471	-17.7382528848069	2.01759334035702	-12.0282440977781	-7.7276021273858	1
X2925472	-0.686965954496678	-0.879470769482829	8.16492339693198	-7.97241858194582	1
X2925473	25.7749475378849	4.11532769661662	11.6348016383317	10.0248182029366	1
X2925474	1.67595466825906	-1.06650192006212	-0.543863565862804	3.28632015418397	1
X2925475	-4.27838024163755	-3.33611834312254	-3.51104835254623	2.56878645403119	1
X2925476	12.2775757416152	-0.303017110208566	14.078857101031	-1.49826424920722	1
X2925477	-17.5059261556758	-2.5986406160203	-11.9993575462747	-2.9079279933807	1
X2925478	15.2629001663129	-1.29492455851207	13.320301763439	3.23752296138599	1
X2925479	7.69499798343652	-2.48429452703523	20.0747590869988	-9.89546657652705	1
X2925480	13.1510592453591	-4.2784988976166	28.5828782676429	-11.1533201246671	1
X2925481	-57.2816116334168	-0.125263179376235	-54.905236638721	-2.25111181531947	1
X2925482	19.1395709249985	-1.21046055264753	17.3677756466285	2.98225583101764	1
X2925483	-10.4513926632302	0.835016485083919	-12.0613242984022	0.774915150088058	1
X2925484	-2.24414926510116	0.20677225200998	-4.6797017066099	2.22878018949876	1
X2925485	-6.23650918069949	0.761004871802916	-13.3846143231155	6.38710027061314	1
X2925486	14.0064221467584	1.33619299663507	7.89446901990931	4.77576013021406	1
X2925487	-16.9239453487858	0.835016485083919	-23.6899937004586	5.93103186658889	1
X2925488	-28.5817091715943	-1.75544864249659	-25.971052044536	-0.855208484561748	1
X2925489	3.08045258577848	-0.432857731736249	4.17531336133048	-0.662003043815761	1
X2925490	0.458732470663793	3.47333144917356	-15.8163702263024	12.8017712477926	1
