<Trait>	Trait_1_H2_1	Trait_2_H2_1	Trait_3_H2_1	Trait_4_H2_1	Rep
X2923251	-13.9176224200491	0.440725389163332	-15.39217697535	1.03382916613759	1
X2923252	12.1507417829204	2.35158586959824	14.2419728827038	-4.44281696938163	1
X2923253	0.624282151088484	0.440725389163332	1.16659895928592	-0.98304219736076	1
X2923254	-32.7522209648349	-0.924964008242725	-32.9943622509294	1.16710529433727	1
X2923255	-10.7167366920025	4.27070637701131	-16.9196575479718	1.93221447895803	1
X2923256	-12.6012991929757	-0.626446035551466	-7.26327612035204	-4.71157703707225	1
X2923257	18.5571877144848	3.76470324828064	15.8584172461535	-1.06593277994937	1
X2923258	8.35851491936606	2.73064424565606	4.4838687164772	1.14400195723278	1
X2923259	-8.86206059749471	-1.12006849594535	-6.64487881965543	-1.09711328189397	1
X2923260	-2.79748674584896	2.35158586959824	-8.67239482177859	3.52332220633139	1
X2923261	-2.59220368063912	-0.626446035551466	2.06908417699187	-4.03484182207952	1
X2923262	-10.0165784156173	2.64576607845298	-12.123769220779	-0.538575273291264	1
X2923263	-2.17980868844109	3.76470324828064	-7.92531913321992	1.98080719649821	1
X2923264	-15.6630155977745	-1.27376186540342	-9.03612686409863	-5.35312686827253	1
X2923265	-7.55642458878851	2.38746802441302	-11.437246946041	1.4933543328395	1
X2923266	-6.44825704313187	2.63909473538565	-9.88590865739757	0.798556878880058	1
X2923267	-30.8447067811956	0.440725389163332	-29.6477051333533	-1.6377270370057	1
X2923268	7.50117104709775	-0.626446035551466	10.6576848344934	-2.53006775184415	1
X2923269	14.9187679454498	-1.27376186540342	23.2266049313037	-7.0340751204505	1
X2923270	13.9931478560153	-1.27376186540342	19.1666531831921	-3.89974346177333	1
X2923271	16.2692128709057	2.35158586959824	18.9799765452085	-5.06234954390103	1
X2923272	19.9001753564512	2.6544283974338	21.4062635536177	-4.16051659460034	1
X2923273	-12.0845244295057	-1.95998830381499	0.213823709562972	-10.3383598352537	1
X2923274	16.1787867686076	-1.95998830381499	26.7662133745747	-8.62743830215216	1
X2923275	2.89828954024248	-2.31522495906186	25.0385837783319	-19.8250692790274	1
X2923276	11.2447003726745	-2.31522495906186	26.3450518632854	-12.7851265315489	1
X2923277	3.38654242815681	-3.58383174985107	11.2139034714518	-4.24352929344395	1
X2923278	3.2400765982565	-4.67278999353719	15.7731801805421	-7.86031358874832	1
X2923279	7.08803996710967	-3.58383174985107	16.2146198381748	-5.54274812121411	1
X2923280	-8.4326431540385	-0.694642737458372	-3.8074345610716	-3.93056585550852	1
X2923281	1.78282284802634	-1.95998830381499	15.930191875966	-12.1873807241247	1
X2923282	-5.31501233842103	-1.95998830381499	-0.391868303538677	-2.96315573106735	1
X2923283	-24.134523489503	-4.67278999353719	-4.68328810653062	-14.7784453894351	1
X2923284	-4.69643524964157	-3.58383174985107	5.1119272906738	-6.22453079046437	1
X2923285	7.9352870297069	-0.421257631421933	15.5474624622783	-7.19091780114946	1
X2923286	-35.4330678050098	-2.87858562295582	-24.3306270903462	-8.22385509170782	1
X2923287	8.36383976306011	-1.95998830381499	16.5544156850048	-6.23058761812957	1
X2923288	-7.62647939891125	-3.08787142256505	0.106104478085977	-4.64471245443219	1
X2923289	-17.4599408830982	-1.95998830381499	-0.464889891890123	-15.0350626873931	1
X2923290	17.8952599346751	-0.421257631421933	24.8490974959014	-6.53257992980429	1
X2923291	-26.7395322922152	-4.51277444550171	-8.6286505502603	-13.5981072964532	1
X2923292	-4.78619637912385	-4.67278999353719	9.48612125412737	-9.59952763971412	1
X2923293	-4.81101834707612	-4.89451269527766	5.20915684452763	-5.12566249632607	1
X2923294	-13.6097355781163	-4.67278999353719	3.00029387626738	-11.9372394608465	1
X2923295	-1.16281301728816	-4.67278999353719	14.6947124370367	-11.1847354607878	1
X2923296	-1.04786424947923	-0.421257631421933	7.15871821177265	-7.78532482982993	1
X2923297	-3.81595093354708	-0.554208041544424	4.69462200563473	-7.9563648976374	1
X2923298	-37.8522141237579	-1.95998830381499	-28.6918806428913	-7.2003451770516	1
X2923299	-12.7378621627748	0.440725389163332	-12.3640817885224	-0.814505763415681	1
X2923300	6.53898766762176	-0.421257631421933	18.5554281545505	-11.5951828555068	1
X2923301	15.7204773465533	0.440725389163332	18.442282409911	-3.16253045252104	1
X2923302	-15.7262966022793	1.03223158070283	-12.9401821063763	-3.81834607660588	1
X2923303	29.1901451884546	0.741585756091321	23.7058584903698	4.74270094199352	1
X2923304	-6.72254507155347	0.227158237789543	-2.54340161239285	-4.40630169695018	1
X2923305	-0.538219858487072	-0.288307221299443	4.64925475902445	-4.89916739621207	1
X2923306	8.87570646913852	1.25939477847592	9.45486958351377	-1.83855789285116	1
X2923307	6.36461471236422	0.848493075798789	14.2120043229717	-8.69588268640621	1
X2923308	-19.0215606354665	0.440725389163332	-18.9504482194741	-0.511837805155828	1
X2923309	1.14102294218967	1.98178566695501	-9.45812605175637	8.61736332699102	1
X2923310	12.9765638237421	2.15521264373008	15.6511010918931	-4.82974991188093	1
X2923311	-0.349547902949699	0.665316195372862	0.508051430551942	-1.52291552887447	1
X2923312	-2.51344017868411	0.440725389163332	-5.40818917779678	2.45402360994936	1
X2923313	-4.10571692418039	0.440725389163332	-5.63412439297545	1.08768207963168	1
X2923314	-3.85205645325255	-1.87241804124488	-1.60826150845658	-0.371376903551072	1
X2923315	-5.17520793620354	-3.22998328725689	5.45139929231337	-7.39662394126006	1
X2923316	26.999567438047	-2.49014198980867	26.4141082486403	3.0756011792154	1
X2923317	0.869891311887598	0.665316195372862	0.170533490875637	0.0340416256390967	1
X2923318	-26.3425819372232	-1.73092964077239	-21.7799818767167	-2.83167041973415	1
X2923319	1.22012079645145	2.40096096662649	-7.16300293776731	5.98216276759235	1
X2923320	12.0115021058301	-2.88325246995397	23.4217283050308	-8.52697372924674	1
X2923321	1.0279746400428	-2.88325246995397	9.1893123347907	-5.27808522479397	1
X2923322	-0.0307336860985004	0.941901900714487	3.96078582276402	-4.93342140957707	1
X2923323	1.57384140900519	0.440725389163332	7.96456800009381	-6.83145198025193	1
X2923324	9.17042400807101	-2.99217725892053	15.4427159182236	-3.28011465123199	1
X2923325	-1.81269622536664	-0.288307221299443	1.81045860052479	-3.334847604592	1
X2923326	2.76182658963111	-0.554208041544424	0.318269411595407	2.99776521958017	1
X2923327	-2.89178446798519	-2.14973973841718	-0.637828737890724	-0.104215991677298	1
X2923328	-21.7863886770406	0.152356336132777	-26.2093861585244	4.27064114535107	1
X2923329	-11.9896463704486	-2.77432768098742	-4.28034180566656	-4.93497688379465	1
X2923330	35.181549039221	1.90946432083367	30.092304937417	3.17977978097034	1
X2923331	-6.41702688619133	1.90946432083367	-8.8811639970975	0.55467279007246	1
X2923332	-25.157176908873	-2.77432768098742	-22.0465421539684	-0.336307073917151	1
X2923333	-8.01700716067023	0.152356336132777	-5.22171036568512	-2.94765313111789	1
X2923334	-9.07989630680009	-1.7445375014524	-7.40017878032742	0.0648199749797476	1
X2923335	7.7180626303366	-2.96563985538227	14.6540658494391	-3.97036336372029	1
X2923336	-25.9164056553753	-0.380772119095332	-20.2990944867777	-5.23653904950234	1
X2923337	10.4827028013046	1.90946432083367	4.96591050640864	3.60732797406233	1
X2923338	-3.65635647591773	-0.145873566437144	-11.7602544104976	8.24977150101701	1
X2923339	9.40026875957517	2.6544283974338	1.02114454139513	5.72469582074626	1
X2923340	-8.89378160660922	1.80361212262542	-15.1441461233957	4.44675239416107	1
X2923341	-2.62718182735083	1.62330224443644	-2.01054909564325	-2.23993497614398	1
X2923342	-5.62170032284253	-1.27376186540342	-4.7738299940788	0.425891536639671	1
X2923343	11.3072210719161	1.62330224443644	2.37167407574061	7.31224475173903	1
X2923344	-19.518022134916	0.75281338590721	-17.8886485854492	-2.38218693537403	1
X2923345	-3.90495946558376	3.07904035325297	-7.13320927066551	0.149209451828771	1
X2923346	-16.3886400736483	-1.79736462878767	-17.2695779333169	2.67830248845631	1
X2923347	-26.8289610784716	1.62330224443644	-34.1672636726435	5.71500034973538	1
X2923348	-11.9765863556607	1.62330224443644	-7.55499177663825	-6.04489682345887	1
X2923349	-10.2180461375256	-1.95998830381499	0.521262527637704	-8.77932036134827	1
X2923350	-16.253484476008	0.75281338590721	-15.5144494871373	-1.49184837477784	1
X2923351	-19.6879236840237	2.07717521756047	-17.333439273347	-4.43165962823714	1
X2923352	-10.4913692063767	3.07904035325297	-14.8551849305774	1.28477537094772	1
X2923353	3.52959563131154	3.76470324828064	-2.40370724040528	2.1685996234362	1
X2923354	-17.7049582478088	-0.825696136149588	-17.6312301810955	0.751968069436271	1
X2923355	-16.6497728881567	-1.08958968407079	-18.2036646952892	2.64348149120337	1
X2923356	11.6010568237083	1.62330224443644	8.48784966329049	1.48990491598136	1
X2923357	-3.710188271834	-0.554208041544424	5.7345266739388	-8.89050690422836	1
X2923358	1.873336893841	-1.79736462878767	-2.17876604993881	5.84946757256751	1
X2923359	-12.4266288665555	1.80361212262542	-25.6040405316042	11.3737995424233	1
X2923360	-8.27861773171442	-0.421257631421933	-11.2979946813592	3.44063458106672	1
X2923361	-14.7183913981651	-0.825696136149588	-11.7850017185397	-2.10769354347581	1
X2923362	6.97047103990258	2.11673255388929	2.58455282672819	2.2691856592851	1
X2923363	4.96039945545149	3.07904035325297	-4.27762036523182	6.15897946743031	1
X2923364	6.21181247654159	1.62330224443644	-10.1753533450642	14.7638635771694	1
X2923365	-0.786550307643799	1.62330224443644	-9.96749677311892	7.55764422103865	1
X2923366	-2.84999324562528	-1.60475164856811	0.617190006355786	-1.86243160341295	1
X2923367	-19.3970156053752	-1.95998830381499	-17.3885493767886	-0.0484779247716545	1
X2923368	-11.0714394018904	1.62330224443644	-16.7448862641049	4.05014461777804	1
X2923369	-16.9258697617258	-1.60475164856811	-10.3451506198979	-4.97596749325972	1
X2923370	16.015062690848	1.80361212262542	14.3547383339568	-0.143287765734176	1
X2923371	11.1187255913673	4.2361113370442	0.22791426892326	6.65469998539983	1
X2923372	-3.31524572002431	1.03223158070283	-7.8342872766019	3.48680997587476	1
X2923373	6.15282961406695	0.729094442193887	-3.52169731899752	8.94543249087056	1
X2923374	-0.409469557824983	0.488718721576252	-10.15419703844	9.25600875903873	1
X2923375	-4.39232369425753	2.39116111412385	1.39625583710974	-8.17974064549113	1
X2923376	-6.6386067910196	5.17782062696303	-12.0369646772149	0.220537259232221	1
X2923377	7.36295417391565	5.17782062696303	-1.43906445738524	3.62419800433787	1
X2923378	-11.313260918242	3.72103660069604	-19.8309724884697	4.79667496953173	1
X2923379	-10.2040451896125	3.42791579236996	-22.1692360091142	8.53727502713178	1
X2923380	6.91192265198796	1.03223158070283	2.05088531278679	3.82880575849838	1
X2923381	-4.9831466889865	-0.421257631421933	-2.57425013421554	-1.98763892334902	1
X2923382	3.61209178109338	5.17782062696303	-3.16915348017293	1.60342463430328	1
X2923383	1.36311892845953	3.44925768066509	1.32098437341319	-3.40712312561874	1
X2923384	-5.98508808089202	3.76470324828064	-15.1236600084992	5.37386867932653	1
X2923385	-4.49422945177961	2.91771227653262	-1.87969724478269	-5.53224448352949	1
X2923386	24.4738426078127	3.44925768066509	21.8634443257029	-0.838859398555294	1
X2923387	10.4595552019243	3.75140758932027	4.56229001868892	2.14585759391511	1
X2923388	8.59833352247691	0.440725389163332	6.07070385195727	2.08690428135631	1
X2923389	-10.0583153791516	2.91771227653262	-11.5932644025559	-1.38276325312829	1
X2923390	3.68875499494444	0.440725389163332	-1.51952425797758	4.76755386375869	1
X2923391	0.467332509780777	0.75281338590721	3.46427878848296	-3.7497596646094	1
X2923392	7.12996838635001	-1.79736462878767	8.85888581943708	0.0684471957005861	1
X2923393	9.03681018101683	1.88094100249764	-2.16838510086041	9.32425427937959	1
X2923394	12.5194783962987	1.62330224443644	-5.05460764644578	15.950783798308	1
X2923395	-3.79629479683722	1.2736038097177	-3.30528561261204	-1.76461299394286	1
X2923396	-1.22402391910124	-1.60475164856811	-0.204915173181684	0.585642902648581	1
X2923397	1.42791253574805	0.75281338590721	-4.52523898494873	5.2003381347895	1
X2923398	20.3867850702475	1.62330224443644	11.8097738930426	6.95370893276843	1
X2923399	3.27176700127558	-0.825696136149588	2.3568515409383	1.74061159648687	1
X2923400	13.3111911828731	3.07904035325297	4.93653697817651	5.29561385144357	1
X2923401	1.08566479747127	-1.46079301598271	-0.492841311550478	3.03929912500442	1
X2923402	15.3153689658706	1.80361212262542	2.76645838691518	10.74529845633	1
X2923403	-8.6138348212103	-1.95998830381499	-7.72464473599357	1.0707982185983	1
X2923404	-7.99503542503948	2.13410030306083	-15.2183586221005	5.08922289400026	1
X2923405	-14.8388408008279	-0.626446035551466	-25.7718560635414	11.559461298265	1
X2923406	2.95483981854056	1.62330224443644	-18.8961300198523	20.2276675939565	1
X2923407	-0.202429069337184	2.07717521756047	-10.5458826296319	8.26627834273423	1
X2923408	27.4452856583225	1.85722377229342	20.0859016896683	5.50216019636071	1
X2923409	1.77446356331033	1.44108607614107	-2.02647842998319	2.35985591715247	1
X2923410	-4.61817755148788	2.38746802441302	3.75675497928264	-10.7624005551836	1
X2923411	10.6925190958388	-0.187518843910607	7.89981766519171	2.98022027455769	1
X2923412	-3.14850745984378	-2.31522495906186	19.3701230832915	-20.2034055840735	1
X2923413	-2.34317851513107	0.299770866723666	10.3601504989798	-13.0030998808346	1
X2923414	-17.6955923585231	-1.46079301598271	-7.45948264546672	-8.77531669707372	1
X2923415	8.32310013219058	0.75281338590721	17.9377102060616	-10.3674234597782	1
X2923416	5.10154213666702	1.2736038097177	7.74075636785315	-3.91281804090386	1
X2923417	-28.0772596308112	-1.78441716355835	-16.0869555243985	-10.2058869428544	1
X2923418	5.70749365231918	0.76211979772841	10.8052214138278	-5.85984755923696	1
X2923419	11.7227163176046	-1.46079301598271	19.7927147909247	-6.6092054573374	1
X2923420	-11.8616188368669	1.30525672200507	-4.04520304596932	-9.12167251290262	1
X2923421	-27.0936858938669	-1.95998830381499	-7.8476780109714	-17.2860195790805	1
X2923422	-12.9602390893127	-1.12422140317775	-4.40753134219837	-7.42848634393661	1
X2923423	-18.3201845166202	-2.31522495906186	-2.40076079168864	-13.6041987658697	1
X2923424	-35.1050715215606	0.75281338590721	-27.1506985845579	-8.70718632290991	1
X2923425	4.23496269319145	1.85722377229342	10.9125666341529	-8.53482771325491	1
X2923426	-12.0308092801078	-1.79736462878767	-11.8729386356826	1.63949398436257	1
X2923427	-9.78182993103234	1.62330224443644	-17.3045203991568	5.89938822368806	1
X2923428	7.12816681436786	1.62330224443644	-5.55355187219154	11.0584164421229	1
X2923429	-5.68913685125867	3.07904035325297	-8.0893483061763	-0.678828898335316	1
X2923430	18.1914040992276	1.62330224443644	14.5067602782077	2.06134157658342	1
X2923431	10.8506803365023	-0.825696136149588	13.3512333806551	-1.67485690800316	1
X2923432	13.1081608692781	3.07904035325297	8.59487220469174	1.43424831133344	1
X2923433	-21.9096874848919	-0.421257631421933	-24.3260394720572	2.83760961858727	1
X2923434	17.9758800541034	3.07904035325297	9.76538692161248	5.13145277923779	1
X2923435	-9.70443174640863	-0.626446035551466	-15.8934520329758	6.8154663221187	1
X2923436	-22.8930000163142	-1.60475164856811	-15.9674896256379	-5.3207587421082	1
X2923437	-5.55659784502088	-1.60475164856811	-6.66930983600383	2.71746363955104	1
X2923438	2.80802447032231	-0.697308206129153	-3.35526134710865	6.86059402356014	1
X2923439	1.1299192473845	-1.27376186540342	-1.94287880130596	4.34655991409395	1
X2923440	28.5364163129219	3.07904035325297	21.0042158132034	4.45316014646546	1
X2923441	-29.7369275098759	5.82086279185655	-37.0932918553751	1.53550155364269	1
X2923442	-2.96676568039228	3.93688120265054	-8.64377068754853	1.74012380450572	1
X2923443	28.8166738359911	3.58494638666575	15.8903254267062	9.34140202261919	1
X2923444	-18.738505333813	2.38544665430188	-32.0523538319034	10.9284018437885	1
X2923445	-4.30691312967252	2.15521264373008	-10.3655055877959	3.90337981439327	1
X2923446	-21.025185216301	5.17782062696303	-26.5020843794426	0.299078536178607	1
X2923447	-19.914486838696	3.76470324828064	-29.3538147017418	5.67462461476515	1
X2923448	-8.27225061594688	5.82086279185655	-20.3582967278929	6.26518332008962	1
X2923449	3.64332147112567	0.941901900714487	11.165007944613	-8.46358837420182	1
X2923450	10.0901905890848	2.7245004960769	7.56535146459073	-0.199661371582865	1
X2923451	-24.2149321502258	5.17782062696303	-31.0747186884385	1.68196591124967	1
X2923452	-12.4242155021049	2.15521264373008	-18.7349022642312	4.15547411839632	1
X2923453	-33.6916631432649	0.440725389163332	-41.9754437851754	7.84305525274714	1
X2923454	10.6175893507093	0.665316195372862	5.40658707251494	4.54568608282155	1
X2923455	6.90077484752302	5.82086279185655	-4.75145836069541	5.83137041636192	1
X2923456	-10.3263839943501	0.440725389163332	-4.70059318520894	-6.06651619830454	1
X2923457	8.16991918789425	-0.22636419502173	13.8494164015121	-5.45313301859607	1
X2923458	6.45226083185951	3.50524467224218	4.42368334326951	-1.47666718365215	1
X2923459	16.4970547090252	1.03223158070283	19.2494233124285	-3.78460018410602	1
X2923460	24.2677732251927	2.55354576981076	12.7813816494267	8.93284580595524	1
X2923461	33.3185981114158	5.34039850081178	23.3585150672183	4.61968454338571	1
X2923462	7.22992994390333	3.76470324828064	7.40276384802993	-3.93753715240719	1
X2923463	1.37075311090129	5.17782062696303	-3.35141616047062	-0.45565135559114	1
X2923464	3.24213973831026	0.665316195372862	6.77244026739356	-4.19561672445615	1
X2923465	11.2193217864853	5.17782062696303	8.57421123755551	-2.53271007803321	1
X2923466	9.36087072197128	3.76470324828064	1.61288687473993	3.98328059895074	1
X2923467	12.2843744564535	3.76470324828064	4.08764368802916	4.43202752014367	1
X2923468	1.70886874373694	2.15521264373008	2.81671080881046	-3.26305470880364	1
X2923469	1.90975303844507	-0.187518843910607	-0.189794489835942	2.28706637219161	1
X2923470	18.7847279989078	0.440725389163332	24.4630542727991	-6.11905166305455	1
X2923471	10.0277396953363	0.665316195372862	9.98674935469457	-0.624325854731113	1
X2923472	-1.2731134743194	2.91771227653262	0.358240268838512	-4.54906601969056	1
X2923473	9.11734552556365	5.17782062696303	1.0276783730617	2.91184652553895	1
X2923474	-6.19646056323754	-0.187518843910607	-12.3034615398475	6.29451982052056	1
X2923475	15.5074030836821	-2.96537716751939	12.2610283795575	6.21175187164399	1
X2923476	30.4204748574135	-3.15678418887101	27.4088061447795	6.16845290150511	1
X2923477	17.1778252780269	-0.05577916134403	10.2159013790226	7.01770306034833	1
X2923478	4.38946291728052	-0.879327111962438	-1.22353071121892	6.49232074046184	1
X2923479	12.174016011861	-0.187518843910607	9.96380650779573	2.39772834797588	1
X2923480	28.337343767618	-0.145873566437144	15.9475124669285	12.5357048671266	1
X2923481	16.8585540711375	-0.347207823975981	8.85849773829168	8.3472641568218	1
X2923482	21.8075636571197	-1.76767534218373	20.3742952835294	3.20094371577402	1
X2923483	-1.51041534276234	-2.73876499119872	4.34610123020374	-3.11775158176738	1
X2923484	-1.51972168865036	0.235206179731813	-5.96655679339617	4.211628925014	1
X2923485	15.622433794136	-0.145873566437144	8.75213306377536	7.01617429679777	1
X2923486	35.94165642185	-2.72099155066014	28.5032778847718	10.1593700877383	1
X2923487	38.9608872602723	0.8727167749761	19.5460218119577	18.5421486733384	1
X2923488	12.7047989833759	-0.145873566437144	3.2416196509645	9.60905289884854	1
X2923489	14.9137597716461	-0.0653829378525591	7.42528331385531	7.55385939564332	1
X2923490	20.8124794077116	-0.05577916134403	14.9148620347658	5.95339653428987	1
X2923491	3.11645661544459	-2.4917702417105	3.11975033261722	2.48847652453787	1
X2923492	20.1870227501779	0.8727167749761	10.1028758436946	9.21143013150713	1
X2923493	13.7230988643049	-0.145873566437144	7.36067206428277	6.50830036645927	1
X2923494	14.1526785677525	0.628179179635603	5.12386985640103	8.40062953171584	1
X2923495	-13.3399493873244	-1.2832406520072	-1.66828665221521	-10.388422083102	1
X2923496	10.9214384580385	-0.421257631421933	16.5087197112126	-5.16602362175217	1
X2923497	8.84296997833728	-0.421257631421933	7.79446749812224	1.46976011163695	1
X2923498	-13.7849552320598	-0.396538947555164	-11.9113041218275	-1.4771121626771	1
X2923499	-9.34136872281659	1.38505840975694	-4.84898201201582	-5.87744512055775	1
X2923500	-6.75160200710753	2.39116111412385	-9.99013931484172	0.847376193610341	1
X2923501	-15.9079490297146	2.38746802441302	-16.7380073822674	-1.5574096718602	1
X2923502	-23.5628667915544	2.38746802441302	-28.7182677465957	2.76793293062826	1
X2923503	-4.18701543415342	1.29294263455269	-1.99235148933013	-3.48760657937603	1
X2923504	-18.4334354078148	-0.155021547738941	-17.9672447137951	-0.311169146280776	1
X2923505	1.93954887207786	2.38746802441302	-1.32824654117508	0.880327388839897	1
X2923506	-25.2220382859821	2.38746802441302	-35.6256710645632	8.01616475416802	1
X2923507	3.11363504436395	-0.421257631421933	4.01612755276756	-0.48123487698168	1
X2923508	-13.5742330551946	-1.2832406520072	-1.78211787973957	-10.5088745234478	1
X2923509	9.44982643259475	2.38746802441302	0.747890098277751	6.31446830990405	1
X2923510	-17.0024277817441	-0.421257631421933	-9.24863389729408	-7.33253625302809	1
X2923511	-18.0518728762105	2.50270184051263	-22.8516455996029	2.29707088287991	1
X2923512	-1.45068661089022	2.50270184051263	-0.368064401711329	-3.58532404969153	1
X2923513	5.56016605103555	-1.2832406520072	13.3757628214703	-6.5323561184276	1
X2923514	-16.5664929715846	2.91771227653262	-16.8440622018347	-2.6401430462825	1
X2923515	5.21540363545219	-2.31522495906186	20.6940914311091	-13.163462836595	1
X2923516	10.0383662566677	-1.95998830381499	18.2528803379636	-6.25452577748078	1
X2923517	7.17784816527834	1.30405076313714	-0.424236640487576	6.29803404262876	1
X2923518	-12.5005751341607	0.75281338590721	-13.2708883832842	0.0174998632163612	1
X2923519	1.65210020429034	0.75281338590721	-2.5660270921892	3.46531391057237	1
X2923520	17.4197652907627	2.50270184051263	16.2399438725022	-1.32288042225216	1
X2923521	-2.12715297984268	-1.95998830381499	5.80919725605455	-5.97636193208221	1
X2923522	-16.6728309523614	1.85722377229342	-15.0738726964059	-3.45618202824897	1
X2923523	9.7561459189014	-1.139287513923	13.9408495300294	-3.045416097205	1
X2923524	13.3036508224185	1.55983507313348	12.0451769960349	-0.301361246749876	1
X2923525	-18.7195496924447	-1.09545605623294	-21.4365486759274	3.81245503971567	1
X2923526	-10.8327062935739	0.75281338590721	-11.511470126983	-0.0740495524980944	1
X2923527	-1.38069603472103	1.33521583409122	1.88935896187187	-4.60527083068415	1
X2923528	6.65592872291574	0.635407191333867	8.72767394280791	-2.70715241122597	1
X2923529	12.090223895656	1.85722377229342	9.40333201281109	0.82966811055149	1
X2923530	16.7501175009871	1.85722377229342	15.1066377485714	-0.213744019877824	1
X2923531	2.51362764183822	-0.978188369474336	7.77144781752353	-4.279631806211	1
X2923532	15.9854367878714	-3.58383174985107	29.1804992061541	-9.61123066843165	1
X2923533	2.30269507060899	-1.95998830381499	18.3343893103058	-14.0717059358818	1
X2923534	5.77526353873071	-2.96563985538227	20.8951880738821	-12.1542846797691	1
X2923535	4.33548130808504	-0.244734823949042	6.09051345986956	-1.51029732783547	1
X2923536	7.49961536779314	-0.554208041544424	21.0093726270335	-12.9555492176959	1
X2923537	-4.73411109402917	-1.78441716355835	7.61680428207129	-10.5664982125421	1
X2923538	15.3633458557658	-0.155021547738941	15.7879307498014	-0.269563346296651	1
X2923539	-0.198824587973069	-3.73040943904313	11.164383052317	-7.63279820124694	1
X2923540	13.3734964026487	-3.58383174985107	29.1443754048599	-12.18704725236	1
X2923541	-17.4313217788092	-1.95998830381499	1.4480544241559	-16.9193878991502	1
X2923542	12.7688718994525	-4.89451269527766	19.6241850271596	-1.96080043242945	1
X2923543	-26.5778078591014	-1.95998830381499	-14.313526130343	-10.3042934249435	1
X2923544	-6.768090005749	-1.31629686425769	2.89815699584834	-8.34995013733966	1
X2923545	0.912814159411893	-1.26077241922162	13.0512328502352	-10.8776462716016	1
X2923546	-2.91714952147663	-4.67278999353719	2.58039310906949	-0.824752637008913	1
X2923547	-0.926980228271635	-4.67278999353719	17.1548271147232	-13.4090173494577	1
X2923548	-7.7783303020694	-1.95998830381499	1.81064552908819	-7.62898752734267	1
X2923549	-7.92003885378597	-0.554208041544424	1.56115628934513	-8.92698710158666	1
X2923550	-3.84066877653247	-1.95998830381499	7.20398991609121	-9.08467038880873	1
X2923551	-23.1703595552324	-1.78441716355835	-9.5030271879846	-11.8829152036895	1
X2923552	-2.12899596366505	-0.187518843910607	-2.04347187872647	0.101994758972029	1
X2923553	-14.1859080618857	-3.59213626895622	-5.19046752494322	-5.40330426798618	1
X2923554	6.93349086706566	-0.353882951247238	8.17675277738999	-0.889378959077072	1
X2923555	15.4176671264737	-0.825696136149588	15.0780398395702	1.16532342305304	1
X2923556	-8.14775516207499	-3.59213626895622	-2.72556797877865	-1.83005091434013	1
X2923557	-30.0446161092564	-0.825696136149588	-31.3944226666419	2.17550269353505	1
X2923558	-11.110321479638	-2.49014198980867	-11.9670533027677	3.34687381293835	1
X2923559	-9.18419782845048	-0.380772119095332	-10.7247640762088	1.92133836685365	1
X2923560	-17.4559919732398	-0.0466406237310614	-17.3197489087992	-0.0896024407095699	1
X2923561	-3.68208039393308	0.665316195372862	-10.7397171915358	6.39232060222978	1
X2923562	-10.481326374916	-2.59601341575962	-10.0573946492739	2.17208169011749	1
X2923563	-8.73376889458208	-3.58383174985107	-3.84320828621746	-1.30672885851358	1
X2923564	-12.0816881285503	-3.78549257536001	-7.95658024421441	-0.339615308975872	1
X2923565	-13.5423427754099	-1.66692491174776	-16.3036123120584	4.42819444839623	1
X2923566	6.15989371368787	-2.73817960914735	9.58413719338548	-0.686063870550223	1
X2923567	7.68936339563553	3.23301157068095	-0.726136834407417	5.18248865936199	1
X2923568	7.36787916997319	3.26368697201692	-0.38601963316728	4.49021183112355	1
X2923569	6.60560689555417	-0.229164121384069	4.46953136540332	2.36523965153494	1
X2923570	-20.1856562419908	0.45093993147981	-26.7565117112017	6.11991553773108	1
X2923571	-8.27244712933308	2.23808770164735	-21.8323788049805	11.321843974	1
X2923572	-14.3949411597149	-0.498614154772365	-14.9344731357399	1.03814613079729	1
X2923573	-4.65350355343955	3.26368697201692	-9.14452553837582	1.22733501291933	1
X2923574	6.69972311514316	-0.244734823949042	9.55185140397936	-2.60739346488715	1
X2923575	9.26658917793898	2.50270184051263	2.8919106625097	3.87197667491666	1
X2923576	20.7325714980682	2.61793565661224	10.5114425433798	7.60319329807609	1
X2923577	1.94735430004403	0.817620183439607	-0.434858701383633	1.56459281798805	1
X2923578	17.2682517587745	-0.187518843910607	17.6411189139217	-0.185348311236535	1
X2923579	15.3924192260588	-0.244734823949042	15.8081443207178	-0.170990270709946	1
X2923580	-11.1730775744072	-4.58223325513044	1.35243477607252	-7.94327909534925	1
X2923581	6.37719649138495	-3.78549257536001	14.0734783445714	-3.91078927782652	1
X2923582	5.17335313489745	-1.07552509640757	2.41878483806379	3.83009339324125	1
X2923583	-26.3212004069935	-1.60475164856811	-24.3938373173521	-0.322611441073294	1
X2923584	-12.4096325958986	-4.25635458570206	-10.0418544434328	1.88857643323622	1
X2923585	-0.760222736458055	-1.60475164856811	1.93576515500886	-1.09123624289873	1
X2923586	-21.8242215475834	-1.27376186540342	-12.2446567326273	-8.3058029495526	1
X2923587	-18.8314161618065	-1.60475164856811	-18.0211664051648	0.794501891926332	1
X2923588	10.1803457575186	-2.77397014616777	7.37605768384892	5.57825821983753	1
X2923589	-20.5188925416133	-1.60475164856811	-8.78590258201228	-10.1282383110328	1
X2923590	-12.2335635985058	-4.67278999353719	4.93958366608862	-12.5003572710572	1
X2923591	-22.2755283117468	-4.83280554157267	-7.36495021738762	-10.0777725527866	1
X2923592	-39.2050043885163	-4.67278999353719	-27.2588514896351	-7.27336290534401	1
X2923593	-10.3592323567181	-1.08958968407079	-8.32621944891087	-0.943423223736414	1
X2923594	1.25348511534059	-3.73040943904313	11.1798894409019	-6.19599488651811	1
X2923595	3.49469620886194	-2.69866717539545	6.3571888796284	-0.163825495371023	1
X2923596	-37.6363980034063	-1.60475164856811	-26.2237976570367	-9.80784869780154	1
X2923597	-14.6178766135242	-1.78441716355835	-1.35457810524654	-11.4788813447193	1
X2923598	-11.4379007937949	-4.83280554157267	-1.81243766477082	-4.79265758745134	1
X2923599	-13.7656591572787	-1.27376186540342	-8.06761750200591	-4.42427978986936	1
X2923600	7.19784766736597	-1.30122146584225	7.8426172519365	0.65645188127174	1
X2923601	17.7450887867484	-3.78549257536001	23.1861594650709	-1.65557810296247	1
X2923602	15.2046745549964	-1.07552509640757	13.7994496673221	2.48074998408187	1
X2923603	2.744684137654	-4.89910960040508	7.09464072474382	0.549153013315249	1
X2923604	5.03127868494719	-1.60475164856811	-2.61016742712591	9.2461977606411	1
X2923605	2.76744677659068	-1.60475164856811	2.38049440582156	1.99170401933728	1
X2923606	17.9398437741908	0.152356336132777	17.0551045452476	0.732382892810524	1
X2923607	12.9688063510681	-1.60475164856811	9.20271578207607	5.37084221756009	1
X2923608	5.03870803000009	-1.27376186540342	6.51279388560046	-0.200323990196923	1
X2923609	12.1193905794873	-4.58223325513044	17.7488756155152	-1.0472517808975	1
X2923610	17.7072940505927	-2.77397014616777	8.92265876992861	11.5586054268318	1
X2923611	6.07252328587508	-0.187518843910607	6.71317546656515	-0.453133336779467	1
X2923612	9.3425606130426	-0.554208041544424	8.68770784526735	1.20906080931968	1
X2923613	-10.4506513623253	-4.89910960040508	-19.4013681094437	13.8498263475235	1
X2923614	3.60913804404923	-3.16338537829142	5.58460794172213	1.18791548061861	1
X2923615	-3.70325873677908	0.440725389163332	-11.1675725892549	7.02358846331253	1
X2923616	3.96295432540055	-4.83280554157267	14.3512537154277	-5.55549384845436	1
X2923617	12.9547769260437	-2.77432768098742	14.5313313977041	1.19777320932698	1
X2923618	2.84376269560644	-4.67278999353719	16.2136669102717	-8.69711422112801	1
X2923619	-1.06807107556201	-4.83280554157267	5.3264100729541	-1.56167560694353	1
X2923620	9.48020974932596	0.440725389163332	3.83812115167461	5.20136320848799	1
X2923621	19.199151093379	-1.60475164856811	25.630301650958	-4.82639890901088	1
X2923622	9.57301723022511	0.152356336132777	6.24516807676768	3.17549281732459	1
X2923623	36.3806987165836	-0.679886627833003	39.7719146101306	-2.71132926571402	1
X2923624	-15.2979963266109	-1.27376186540342	-17.7054336306938	3.68119916948631	1
X2923625	-2.38461858336996	-1.32868106628108	-0.639635992987572	-0.416301524101321	1
X2923626	-19.7667657920722	-0.697308206129153	-13.6988252232119	-5.3706323627312	1
X2923627	-5.90754619546383	-1.79736462878767	-1.97759778491672	-2.13258378175945	1
X2923628	-5.83201811298867	-3.59213626895622	7.66390237517723	-9.90378421920974	1
X2923629	6.33181505985259	-3.97328500308817	11.7970902308302	-1.49199016788938	1
X2923630	0.545693584116383	-1.79736462878767	6.46207264694363	-4.11901443403953	1
X2923631	-10.5225033636546	-3.59213626895622	0.688051309033591	-7.61841840373198	1
X2923632	7.14874332855428	-0.22636419502173	10.276475610522	-2.901368086946	1
X2923633	8.29123085985184	-0.679886627833003	14.8082997867346	-5.83718229904976	1
X2923634	31.9680371386841	-1.51212959179878	31.7229100765833	1.7572566538997	1
X2923635	6.70607797640004	-4.58223325513044	20.0145881404473	-8.72627690891688	1
X2923636	11.2348468166347	-3.73040943904313	28.5830872611259	-13.6178310054481	1
X2923637	-2.71318814188708	-3.73040943904313	11.6698866721359	-10.6526653749799	1
X2923638	-5.8440892200636	-4.48338393418213	3.54401843634097	-4.90472372222251	1
X2923639	7.77598590913132	-0.679886627833003	15.334741632029	-6.87886909506467	1
X2923640	8.36873879337907	-0.679886627833003	12.9518464844042	-3.90322106319211	1
X2923641	-10.3212520098211	2.28486013114664	-8.4166659476196	-4.18944619334817	1
X2923642	5.92327501401164	1.88094100249764	1.47287878323817	2.56945522827582	1
X2923643	-3.86687368102595	1.88094100249764	-4.15816958814729	-1.5896450953763	1
X2923644	-4.58628719858305	1.67492255137798	-20.7649066445136	14.5036968945526	1
X2923645	19.6667806748178	-0.805078302896831	24.0840256052555	-3.61216662754092	1
X2923646	10.6873580452375	2.6544283974338	5.11748321757708	2.91544643022664	1
X2923647	-8.54411751378279	-0.711121616028734	-10.5432725780271	2.71027668027296	1
X2923648	-1.57851771477447	1.88094100249764	-8.6480871027218	5.18862838544968	1
X2923649	9.09344129507687	1.88094100249764	3.02565335205673	4.1868469405225	1
X2923650	30.9951800797319	-0.538846566340934	30.9019134544248	0.632113191648087	1
X2923651	4.08526414836442	-1.30122146584225	7.74589370000428	-2.35940808579764	1
X2923652	-19.6715143083396	1.88094100249764	-20.8409804557738	-0.711474855063469	1
X2923653	13.6435003447882	-0.805078302896831	4.33973216540556	10.1088464822794	1
X2923654	3.86020871521832	-1.12006849594535	8.59206757865508	-3.61179036749145	1
X2923655	11.4423576198529	1.54684176911218	8.5836873008808	1.31182854985993	1
X2923656	0.566756126657438	2.20094716445671	-0.0458365582150391	-1.58835447958424	1
X2923657	-16.9136865234229	-0.455719828332355	-18.0775202005684	1.61955350547779	1
X2923658	31.1690186165494	-1.30122146584225	35.082398109495	-2.61215802710328	1
X2923659	17.2679685940614	-0.711121616028734	15.6507838059057	2.32830640418444	1
X2923660	18.5681818682463	-1.30570888479277	19.1677856049685	0.706105148070537	1
X2923661	-28.5475744498719	1.32567836816096	-28.2726176138355	-1.60063520419738	1
X2923662	21.3323203831719	2.38746802441302	24.0098177822618	-5.06496542350287	1
X2923663	2.66158789266439	-1.09545605623294	7.04815526574268	-3.29111131684528	1
X2923664	-10.0799716713782	-1.30570888479277	-5.92109606593205	-2.85316672065329	1
X2923665	4.9872293733869	-1.09545605623294	8.70191740766684	-2.619231978047	1
X2923666	0.40023505908372	2.38746802441302	-1.28908716023618	-0.698145805093108	1
X2923667	0.94235743949378	-1.78441716355835	8.89225908087066	-6.16548447781847	1
X2923668	-11.5923036807814	1.0102328005454	-9.93835734747794	-2.66417913384895	1
X2923669	7.88006155952862	2.91771227653262	7.57951082497742	-2.6171615419814	1
X2923670	-6.98556722990752	-1.78441716355835	3.55864354999554	-8.75979361634478	1
X2923671	11.7325990270248	-0.421257631421933	15.9794951571174	-3.82563849867079	1
X2923672	1.08838173129407	1.32567836816096	1.25806779030117	-1.49536442716808	1
X2923673	6.73549694255988	2.38746802441302	3.9977996624352	0.350229255711632	1
X2923674	22.3451166036362	1.96900144161802	28.8924322396131	-8.51631707759498	1
X2923675	-12.3035431679457	1.32567836816096	-10.5971184037223	-3.03210313238438	1
X2923676	-18.7724802431746	1.8985433504147	-12.6703762004461	-8.00064739314323	1
X2923677	-8.55532075463053	-1.79736462878767	-9.82931258094055	3.07135645509772	1
X2923678	-19.0563536545306	-3.59213626895622	-11.0756584403232	-4.38855894525124	1
X2923679	-15.8432316635696	-1.51212959179878	-16.5198709445974	2.18876887282668	1
X2923680	-8.24046068477529	-1.79736462878767	-4.45088768270972	-1.99220837327791	1
X2923681	4.59476367143641	-1.32535405666556	-0.0176203350989779	5.93773806320094	1
X2923682	-16.2343483977028	-0.488323368658377	-15.7148240263466	-0.0312010026978089	1
X2923683	-0.21975329424396	-3.97328500308817	1.49214464380485	2.26138706503939	1
X2923684	-17.3679476450146	-0.679886627833003	-14.0265121625742	-2.66154885460741	1
X2923685	-20.308366362704	-3.59213626895622	-14.6130369639743	-2.10319312977349	1
X2923686	-21.3051394279576	-1.07552509640757	-18.589990353316	-1.63962397823412	1
X2923687	16.0965019118008	-1.79736462878767	15.8614981805202	2.03236836006823	1
X2923688	-11.0095908928224	-1.79736462878767	-11.0795118530597	1.86728558902498	1
X2923689	10.197024169002	-4.48338393418213	3.42182905145248	11.2585790517318	1
X2923690	-5.88236050399828	-0.22636419502173	-8.56141464640127	2.90541833742473	1
X2923691	-15.4303626950753	-4.58223325513044	-8.44066137998639	-2.40746805995842	1
X2923692	-1.66219203877863	-1.12006849594535	3.08002788049109	-3.62215142332435	1
X2923693	-13.0982310767771	-1.24970536811868	-9.95527742905444	-1.893248279604	1
X2923694	-38.5563006103112	-1.12006849594535	-34.4549348332415	-2.98129728112436	1
X2923695	2.25225540223482	-0.679886627833003	0.659786558398151	2.27235547166968	1
X2923696	7.0715254895923	-0.679886627833003	6.72773950064431	1.02367261678101	1
X2923697	37.2618422964479	1.6780109577769	32.443418176651	3.14041316202	1
X2923698	39.1135330516385	2.6544283974338	34.9484672437203	1.51063741048448	1
X2923699	0.114738391619685	3.7881443421711	-13.1366555464441	9.46324959589261	1
X2923700	40.4631735205349	2.6544283974338	36.9019506611967	0.906794461904386	1
X2923701	-3.90642258432236	-0.0589893688506351	-4.15078898378678	0.303355768315046	1
X2923702	24.6447100197684	2.6544283974338	17.2586697704903	4.73161185184433	1
X2923703	2.1422041094341	3.42791579236996	-6.15397024020168	4.86825855726573	1
X2923704	14.3956869732091	2.55354576981076	8.57264679033083	3.26949441306748	1
X2923705	17.3083075021723	-0.371820263688394	18.6348834112152	-0.954755645354434	1
X2923706	34.9029656682103	0.326990600835027	42.7929707605155	-8.21699569314025	1
X2923707	26.3049552771738	4.2361113370442	11.4594645610744	10.6093793790552	1
X2923708	12.2523905385403	2.6736300346451	4.88886321047968	4.68989729341549	1
X2923709	4.09435310670944	0.848493075798789	-0.936686485258804	4.18254651616948	1
X2923710	19.6678677269023	2.6544283974338	17.1263957818175	-0.11295645234888	1
X2923711	27.5591059248049	-0.396538947555164	33.7539011925353	-5.79825632017523	1
X2923712	8.79038048350528	4.2361113370442	-0.794092079606825	5.34836122606792	1
X2923713	13.904095347018	4.2361113370442	4.59309801366461	5.07488599630911	1
X2923714	-2.29480281903186	3.42791579236996	-16.775067938472	11.0523493270702	1
X2923715	9.3231224098241	-0.975359290850744	-1.23576937144544	11.5342510721203	1
X2923716	11.823541288278	-0.421257631421933	4.8476987219012	7.39710019779869	1
X2923717	-3.99136271120899	-0.421257631421933	-7.34150227956535	3.77139719977828	1
X2923718	14.2717694700446	-0.187518843910607	10.0261091759127	4.43317913804253	1
X2923719	4.14008803961189	-1.1295672062029	4.15129310235097	1.11836214346382	1
X2923720	9.22685381299216	-3.22998328725689	9.75112800700735	2.70570909324172	1
X2923721	30.3478253220912	-0.288307221299443	26.4694073651025	4.16672517828808	1
X2923722	34.1313416388611	-2.69548974977976	34.8433015251359	1.98352986350493	1
X2923723	7.13777700569239	-0.224066510647609	11.2565159152293	-3.89467239888934	1
X2923724	0.856923908598757	-3.49432671913151	-5.19828225365989	9.54953288139016	1
X2923725	-0.878373054011579	-3.5767141045598	1.22592360765883	1.47241744288938	1
X2923726	9.67122278309889	-0.421257631421933	2.51568392565079	7.57679648887006	1
X2923727	8.39036826095844	-3.5767141045598	10.391469949387	1.57561241613115	1
X2923728	13.4228424604266	-3.49432671913151	13.8817697807488	3.0353993988093	1
X2923729	20.7000752651635	-0.187518843910607	19.943365140152	0.94422896892212	1
X2923730	19.5010986011678	-0.421257631421933	12.8343372801915	7.08801895239826	1
X2923731	-18.1264166870583	-0.31858672403101	-24.1245667380697	6.3167367750424	1
X2923732	14.2503694712641	1.30525672200507	8.47816935083491	4.46694339842411	1
X2923733	14.8700301065518	1.79927811919656	2.66018624176559	10.4105657455897	1
X2923734	9.52361732554127	1.98694208474886	-0.67687864556033	8.21355388635272	1
X2923735	-14.6527205915785	-0.319091315850732	-12.1962786258569	-2.13735064987092	1
X2923736	-16.1875617868543	1.30525672200507	-24.5903661257014	7.09754761684198	1
X2923737	-26.0537413867133	1.74638202169224	-30.2367463448042	2.43662293639857	1
X2923738	-23.9778744047334	2.38342528419074	-47.2467111344552	20.885411445531	1
X2923739	-20.4338609835549	-0.697308206129153	-18.0191162080395	-1.71743656938633	1
X2923740	-22.5892179553213	-1.45287889169641	-18.515101371574	-2.62123769205085	1
X2923741	-24.287984497054	-1.09545605623294	-30.0983129569097	6.90578451608866	1
X2923742	-27.6548522685126	1.30525672200507	-40.446041564675	11.4859325741574	1
X2923743	-23.4310141592677	1.30525672200507	-33.1395745658042	8.40330368453143	1
X2923744	-17.0718866090275	1.67863906654452	-22.9836534953155	4.23312781974355	1
X2923745	-16.2612087520991	-1.139287513923	-13.9862571417003	-1.13566409647579	1
X2923746	-10.379168093149	1.30525672200507	-20.5354990375646	8.85107422241052	1
X2923747	-4.23456011864354	1.30525672200507	-8.28085538944558	2.74103854879698	1
X2923748	-9.99897586372067	1.98694208474886	-23.7895623524074	11.8036444039378	1
X2923749	-15.4765896490653	1.30525672200507	-26.4705551864517	9.68870881538134	1
X2923750	-23.0979598803635	1.74638202169224	-27.0429656947512	2.19862379269544	1
X2923751	8.35963746284321	1.98694208474886	-6.59770823493359	12.9704036130279	1
X2923752	-17.8241952829302	-1.27376186540342	-21.0670837944556	4.51665037692871	1
X2923753	13.5063630972795	0.152356336132777	9.54987932525833	3.80412743588834	1
X2923754	-24.8573702535407	-1.60475164856811	-21.0152677939577	-2.23735081101487	1
X2923755	4.2818603508085	-1.46079301598271	5.36084776887239	0.381805597918801	1
X2923756	-26.1633413591501	-1.95998830381499	-21.9946950106444	-2.20865804469073	1
X2923757	-3.14571410637497	-1.60475164856811	-4.1140201458016	2.57305768799476	1
X2923758	6.11518075805302	1.85722377229342	1.97935257854849	2.27860440721112	1
X2923759	-2.5603583780321	-1.27376186540342	-17.9652893476909	16.6786928350623	1
X2923760	9.1202187691585	3.76470324828064	1.20560732438188	4.14990819649604	1
X2923761	-20.2117116833334	1.62330224443644	-28.6952609200524	6.86024699228258	1
X2923762	13.9360178453177	1.62330224443644	8.95996821185929	3.35274738902196	1
X2923763	-18.355670523321	2.07717521756047	-24.642909207323	4.2100634664414	1
X2923764	-3.60815802969646	1.32567836816096	1.51755916346781	-6.45139556132521	1
X2923765	2.16455837664373	-1.60475164856811	-0.970507303781119	4.73981732899295	1
X2923766	7.02420228282711	2.07717521756047	4.65405013978008	0.292976925486528	1
X2923767	-8.19735922033009	-1.95998830381499	-3.55914988386107	-2.67822103265405	1
X2923768	15.1811200534828	1.80361212262542	17.8935256222861	-4.51601769142877	1
X2923769	6.73630891977582	2.35158586959824	1.09428429866504	3.29043875151258	1
X2923770	13.3110583662209	-0.406494948907529	12.9622826178886	0.755270697239857	1
X2923771	6.18934318727592	-0.825696136149588	4.34639484735674	2.6686444760688	1
X2923772	-6.43106067271468	0.508686824908884	-1.96287039255655	-4.97687710506702	1
X2923773	25.1254206560841	0.508686824908884	24.4930693958732	0.123664435302229	1
X2923774	-0.74331162733986	-3.58383174985107	8.67901751495932	-5.8384973924481	1
X2923775	-28.6445472366636	-3.78549257536001	-18.7391075442574	-6.11994711704626	1
X2923776	-1.56143833672609	-0.156232275294855	-5.02953927075178	3.62433320932053	1
X2923777	-2.9932328628403	-2.59601341575962	1.64040140126996	-2.03762084835072	1
X2923778	-2.58943715779349	-0.825696136149588	-8.79355859578561	7.0298175741417	1
X2923779	20.4692183162672	0.665316195372862	14.4395463421263	5.3643557787681	1
X2923780	-10.7851114492372	-3.78549257536001	1.94741456149541	-8.94703343537256	1
X2923781	8.86314084517983	-3.78549257536001	18.0431160856179	-5.3944826650781	1
X2923782	4.5554561931188	-0.156232275294855	3.70263590538389	1.00905256302977	1
X2923783	27.1308531330872	-0.519554275296822	31.0327933166701	-3.38238590828614	1
X2923784	-2.20525077608861	-0.825696136149588	6.05162681017594	-7.43118145011495	1
X2923785	32.8053269099023	-3.58383174985107	42.2251557412145	-5.8359970814611	1
X2923786	13.7764137351385	-3.78549257536001	23.3901347736538	-5.82822846315524	1
X2923787	-2.50537668330342	0.508686824908884	1.84164598799359	-4.8557094962059	1
X2923788	10.2740026708509	-0.825696136149588	8.71606851462835	2.38363029237208	1
X2923789	20.1842409980935	0.665316195372862	19.0349361453258	0.483988657394749	1
X2923790	18.6310573264679	1.80361212262542	13.6605063608862	3.16693884295635	1
X2923791	11.5271111205264	1.90976409146844	7.63959253003691	1.97775449902101	1
X2923792	28.1117264895236	1.80361212262542	18.1654096353696	8.14270473152864	1
X2923793	28.8684841716901	0.515134266035723	28.3989850494172	-0.0456351437628615	1
X2923794	19.8671869308913	3.42791579236996	14.4584324280657	1.98083871045558	1
X2923795	20.0157913839214	0.0715075410659628	31.7473307035394	-11.803046860684	1
X2923796	20.3454337703035	-0.342937486818671	20.2396014510882	0.448769806034045	1
X2923797	3.68789799146146	1.83446917756896	0.809917910258911	1.0435109036336	1
X2923798	24.7544276308249	1.80361212262542	11.9227845776264	11.028030930573	1
X2923799	6.26679304669037	-0.694642737458372	6.26357706213897	0.697858722009804	1
X2923800	-22.6984196306519	-0.83507743337232	-24.6900225922059	2.82668039492638	1
X2923801	-7.81876732679988	1.73838421235768	-11.0538654378399	1.49671389868234	1
X2923802	4.4944710038281	1.80361212262542	4.77420059622015	-2.08334171501748	1
X2923803	5.53956332020681	-0.694642737458372	9.62071724742826	-3.3865111897631	1
X2923804	-6.70700555754165	0.528183891997862	-14.2960911924101	7.0609017428706	1
X2923805	8.92587750256882	2.61972024769572	4.56258571676432	1.74357153810879	1
X2923806	20.0984570972972	-0.679886627833003	19.9006700900916	0.877673635038647	1
X2923807	21.3690241404183	1.80361212262542	15.4119241825564	4.15348783523642	1
X2923808	-12.3670904435515	2.61972024769572	-21.7783122069457	6.79150151569848	1
X2923809	-0.70234627339384	1.80361212262542	-6.65309672598364	4.14713832996438	1
X2923810	15.2485857330978	1.62330224443644	8.12335900440697	5.50192448425437	1
X2923811	22.3670969974094	3.07904035325297	19.2647787123909	0.0232779317654757	1
X2923812	14.7931942167267	2.35158586959824	17.8889586215724	-5.44735027444401	1
X2923813	19.2003019487133	-0.825696136149588	23.3577646902134	-3.33176660535037	1
X2923814	4.73861253268034	1.62330224443644	10.9705273791874	-7.85521709094354	1
X2923815	14.7322480917996	3.76470324828064	7.96778965905619	2.99975518446275	1
X2923816	17.7408683805952	1.62330224443644	6.33875785625589	9.77880827990288	1
X2923817	13.9552386036046	1.62330224443644	9.75934743539601	2.57258892377216	1
X2923818	2.90768741458715	-1.60475164856811	13.9867973276941	-9.47435826453882	1
X2923819	-7.09149663944627	1.62330224443644	-1.29311411487026	-7.42168476901244	1
X2923820	-5.68470987671322	2.36372730337751	-18.1658197354721	10.1173825553814	1
X2923821	28.7171006668895	1.44108607614107	19.3512129796108	7.92480161113764	1
X2923822	16.6142746239911	2.55354576981076	3.064432117968	10.9962967362124	1
X2923823	3.82106934813273	1.83446917756896	-8.51616256798818	10.502762738552	1
X2923824	14.9400797573144	1.89466815472703	3.78620743895536	9.25920416363209	1
X2923825	18.5780633811128	-0.187518843910607	12.757210693234	6.00837153178943	1
X2923826	21.6791333189141	-0.711121616028734	9.79981083482676	12.590444100116	1
X2923827	12.6525386131667	-1.07552509640757	14.3898648109447	-0.661801101370382	1
X2923828	23.7925222853199	-0.697308206129153	22.9288661769231	1.56096431452603	1
X2923829	-1.53044103845575	1.44108607614107	-10.1074321702766	7.13590505567981	1
X2923830	-5.2638351074648	1.71843624179222	-12.0417640755053	5.05949272624831	1
X2923831	-27.8209698853101	-1.05162459854288	-22.3361135819039	-4.43323170486329	1
X2923832	-13.4800433032156	-0.942772082238717	-9.45298086177398	-3.08429035920288	1
X2923833	-5.3593492858995	-1.27376186540342	-7.5027988988644	3.41721147836829	1
X2923834	0.916264343899718	-0.626446035551466	1.87801136777871	-0.335300988327512	1
X2923835	-17.2528530968971	-1.27376186540342	-11.504229656851	-4.4748615746427	1
X2923836	-12.6313261117009	-1.27376186540342	-22.7176885979478	11.3601243516503	1
X2923837	-12.5662105677869	0.729094442193887	-20.5659380882148	7.27063307823397	1
X2923838	-15.0449601796324	-4.89451269527766	-2.64151642079613	-7.50893106355868	1
X2923839	-9.95547330893184	-0.711121616028734	-5.51905145202943	-3.72530024087372	1
X2923840	-6.98319247401313	-1.30122146584225	-5.75154499728523	0.0695739891143268	1
X2923841	-0.387653118737892	0.440725389163332	0.803357965976987	-1.63173647387819	1
X2923842	16.5824616864677	3.07904035325297	14.3098594184514	-0.806438085236709	1
X2923843	-38.3081995113394	-0.825696136149588	-36.3103900027509	-1.17211337243891	1
X2923844	-9.10359308082877	3.76470324828064	-16.4923087416441	3.62401241253466	1
X2923845	-5.35917183228473	2.13410030306083	-10.9408985816898	3.44762644634424	1
X2923846	-6.16754918204678	1.62330224443644	-16.0886830181821	8.29783159169887	1
X2923847	14.0664373481542	2.11673255388929	12.2209987036921	-0.27129390942725	1
X2923848	-6.75081487291832	-0.519554275296822	-6.01056261029744	-0.220697987324085	1
X2923849	-36.2517208092203	-0.679886627833003	-37.6693293959725	2.09749521458523	1
X2923850	-31.6818537179106	-0.626446035551466	-39.2101506792015	8.1547429968423	1
X2923851	-25.0771394626325	1.62330224443644	-40.87240149642	14.171959789351	1
X2923852	-32.2942663880054	1.62330224443644	-40.8833090656622	6.96574043322031	1
X2923853	4.53507907171232	-1.60475164856811	6.51073568174028	-0.370904961459828	1
X2923854	0.489352460641595	0.75281338590721	-1.32911795619024	1.06565703092458	1
X2923855	-9.29325138444533	-1.46079301598271	-8.47149522360303	0.639036855140422	1
X2923856	-9.71129972994328	3.07904035325297	-17.1158910427604	4.32555095956408	1
X2923857	5.59495719513608	-2.49868124986458	7.53595587292136	0.557682572079304	1
X2923858	28.4505884735884	0.152356336132777	19.3003164688585	8.99791566859711	1
X2923859	1.01474462796289	0.0715075410659628	6.83420270493315	-5.89096561803624	1
X2923860	7.57376167804561	0.152356336132777	6.06828031024943	1.35312503166342	1
X2923861	16.1927355618306	0.152356336132777	14.4245873492192	1.6157918764787	1
X2923862	8.53201973935019	2.15521264373008	4.58179916777566	1.79500792784451	1
X2923863	-8.59880602499008	0.508686824908884	-10.8782113931274	1.7707185432284	1
X2923864	9.46165413207326	-1.25848971722735	25.0750734320061	-14.3549295827056	1
X2923865	18.6180144847302	0.152356336132777	13.3861617433689	5.07949640522857	1
X2923866	13.5645142114725	-1.56545387923611	17.3676837198283	-2.23771562911967	1
X2923867	-4.52798177117775	1.90946432083367	-6.59085489169666	0.153408799685242	1
X2923868	-7.40264079864284	-2.96563985538227	5.9598152866385	-10.3968162298991	1
X2923869	-12.3735541926417	-2.88325246995397	-17.47455919581	7.98425747312222	1
X2923870	22.3347384545471	0.152356336132777	11.8019688175291	10.3804133008851	1
X2923871	0.277866575417825	-0.421257631421933	8.15986780792881	-7.46074360108907	1
X2923872	0.927773811304804	-2.77432768098742	5.50886480700959	-1.80676331471737	1
X2923873	-4.81886719206251	0.366713775882329	-1.73178220368316	-3.45379876426169	1
X2923874	-30.9919771997324	0.152356336132777	-26.0916872540516	-5.05264628181356	1
X2923875	-2.06863537588843	-2.88325246995397	3.29447290633757	-2.47985581227201	1
X2923876	-25.1033352944459	-1.09545605623294	-18.9882994625883	-5.01957977562463	1
X2923877	-12.7461805553703	2.16708567522352	-18.9777937221819	4.0645274915881	1
X2923878	10.8014767072554	-0.488323368658377	10.4505155084399	0.839284567473817	1
X2923879	-0.950154344551198	1.90976409146844	-10.3526172624746	7.49269882645494	1
X2923880	-4.49026704363034	-1.1295672062029	-3.21963668473869	-0.14106315268875	1
X2923881	-11.5524728864495	-1.56446607691442	-3.36821938760156	-6.61978742193344	1
X2923882	-4.22603106466196	-0.187518843910607	-3.3918880470446	-0.646624173706754	1
X2923883	2.48053814105474	-1.09545605623294	7.11447365789619	-3.53847946060852	1
X2923884	-31.3324696922492	1.95340025889506	-33.7892500508	0.50338009965577	1
X2923885	-3.31286166947268	1.04782645450751	6.02779316742054	-10.3884812914007	1
X2923886	-11.5967576408696	-1.09545605623294	-16.6317092413998	6.13040765676317	1
X2923887	-10.1844742623106	-1.05162459854288	-7.8408935593903	-1.29195610437748	1
X2923888	-4.61978599258454	1.91032944260503	-10.9425780506727	4.41246261548316	1
X2923889	-5.69040586978058	2.78395122385491	-10.6181966990755	2.14383960543999	1
X2923890	3.01128971225437	1.74638202169224	-0.532070515228421	1.79697820579056	1
X2923891	4.35631113762636	-2.99293171194089	6.86417417639664	0.485068673170602	1
X2923892	12.551954424672	-2.56146394919946	15.31647507164	-0.203056697768536	1
X2923893	8.34541252535636	-2.99217148841071	9.67811481434734	1.65946919941973	1
X2923894	-18.4392802193671	-3.96780956260661	-12.3989991971743	-2.07247145958608	1
X2923895	-11.5104441756851	-0.519554275296822	-10.1597672032442	-0.831122697144022	1
X2923896	-16.0590076994126	-3.96780956260661	-13.7137442240076	1.6225460872016	1
X2923897	1.42820986384257	-0.57442771957347	-4.20751190072392	6.21014948413997	1
X2923898	18.6880841504903	-4.25635458570206	13.2397635794025	9.70467515678988	1
X2923899	-11.3646645370633	-4.25635458570206	-7.27478579267656	0.166475841315288	1
X2923900	-9.28598591941327	-1.08958968407079	-13.2861285566845	5.08973232134199	1
X2923901	3.94962821822271	-0.924964008242725	1.52659256928767	3.34799965717779	1
X2923902	-12.2464613160765	0.366713775882329	-11.5030028386099	-1.11017225334893	1
X2923903	8.72211503418104	3.07904035325297	-0.206677886775977	5.84975256770405	1
X2923904	15.2885891486487	1.62330224443644	7.60825755761439	6.05702934659788	1
X2923905	13.9890576153914	-0.421257631421933	4.6593145656643	9.75100068114904	1
X2923906	-8.82238492021576	-1.95998830381499	-7.85457748074848	0.992180864347764	1
X2923907	-3.14000361105851	2.13410030306083	-7.39816622861357	2.12406231449418	1
X2923908	-12.5743895953828	1.62330224443644	-33.5286798476052	19.3309880077859	1
X2923909	30.2666912442531	1.85722377229342	20.9206173806042	7.48885009135543	1
X2923910	2.85161522356439	1.62330224443644	-0.902181979742591	2.13049495887059	1
X2923911	15.2144777783688	-1.95998830381499	16.6518482057994	0.522617876384435	1
X2923912	17.4644449043686	0.987503997555109	8.9492849925318	7.52765591428166	1
X2923913	3.40032435526342	-1.60475164856811	-1.02908772605809	6.03416372988961	1
X2923914	14.9834451108589	1.62330224443644	10.2528430161227	3.10729985029976	1
X2923915	14.2655787183298	2.35158586959824	2.29768545039439	9.61630739833721	1
X2923916	13.662009232977	3.07904035325297	1.48457318323223	9.09839569649176	1
X2923917	29.1011845342702	4.86372044325489	11.6385290780156	12.5989350129997	1
X2923918	26.8832297540676	0.504289424141225	24.6555331078014	1.72340722212493	1
X2923919	-11.2476089541318	-0.187518843910607	-13.2854302178903	2.22534010766911	1
X2923920	-4.75475305890313	4.27070637701131	-14.2910586595541	5.26559922363969	1
X2923921	16.0716902948771	4.53324704337363	1.18943415017471	10.3490091013288	1
X2923922	17.5829191921352	-0.145873566437144	9.00055303867294	8.72823971989934	1
X2923923	19.1692104274639	0.741585756091321	15.7240189255883	2.70360574578423	1
X2923924	23.8014248949274	-0.244734823949042	24.6928374441184	-0.646677725242039	1
X2923925	12.0476343716232	0.610723667270175	-2.53038515984982	13.9672958642028	1
X2923926	27.914430333544	0.628179179635603	15.856395872281	11.4298552816273	1
X2923927	9.35164051630594	0.488718721576252	4.93885580281162	3.92406599191808	1
X2923928	25.5297386383733	3.75140758932027	15.2781053191372	6.50022572991577	1
X2923929	15.8835423077705	0.610723667270175	11.4980090820374	3.7748095584628	1
X2923930	-6.91530800116515	2.36372730337751	-12.8642836038087	3.58524829926602	1
X2923931	2.23914903236512	5.34039850081178	-11.6732876404848	8.57203817203811	1
X2923932	8.20548293096859	3.75140758932027	-0.0991963143019507	4.55327165595026	1
X2923933	29.8383626022872	3.14631290483349	16.5595882233211	10.1324614741326	1
X2923934	16.638143406914	1.73838421235768	23.7134284847238	-8.8136692901676	1
X2923935	-9.03281123328816	0.235206179731813	-12.5375034664943	3.26948605347433	1
X2923936	-30.28277109546	-0.709398847083741	-23.0649956040538	-6.50837664432242	1
X2923937	21.3115695258615	-0.396538947555164	21.1788604173866	0.52924805603011	1
X2923938	-0.186825237939843	-0.708557138594215	7.72008559853179	-7.19835369787741	1
X2923939	7.77286293950183	2.39116111412385	8.61053165141806	-3.22882982604006	1
X2923940	-4.17617725007185	-0.709398847083741	3.38745433455011	-6.85423273753822	1
X2923941	13.0337739905351	2.39116111412385	14.0403874935806	-3.39777461716929	1
X2923942	17.0452106449102	-1.60475164856811	24.7169044554496	-6.06694216197124	1
X2923943	23.58812628575	0.665316195372862	15.8221767037877	7.10063338658946	1
X2923944	-20.6686177393887	-4.58223325513044	-7.56786001861147	-8.51852446564676	1
X2923945	-19.4805541791601	-2.77397014616777	-18.9327453863935	2.22616135340116	1
X2923946	-18.606316441187	-3.22998328725689	-14.4294353939125	-0.946897760017673	1
X2923947	12.0323195329089	-0.187518843910607	13.0624097969201	-0.842571420100521	1
X2923948	-15.9770726646165	-4.83280554157267	-0.945806593113141	-10.1984605299308	1
X2923949	10.9207544335007	-0.554208041544424	11.6183313732817	-0.143368898236513	1
X2923950	-9.10692313643161	-1.60475164856811	-12.6299872432944	5.12781575543091	1
X2923951	-13.7481981264686	0.440725389163332	-15.4396886467414	1.2507651311095	1
X2923952	-7.21146685673747	-4.67278999353719	7.239264232001	-9.7779410952013	1
X2923953	-14.5506066657126	-4.67278999353719	2.64302103342826	-12.5208377056038	1
X2923954	-5.58789435995505	-4.89910960040508	7.74802751961327	-8.43681227916326	1
X2923955	-8.46935987348112	-3.78549257536001	7.94838091213387	-12.632248210255	1
X2923956	-11.3008403490769	0.152356336132777	-4.47768705360843	-6.97550963160125	1
X2923957	0.202872062585287	-4.83280554157267	15.7697420395618	-10.7340644354038	1
X2923958	8.09459912443164	0.152356336132777	12.007664040075	-4.06542125177611	1
X2923959	-6.65293587919181	3.76470324828064	-7.35215985099865	-3.06547927647382	1
X2923960	-1.46118788738609	4.71142895573601	-11.5931757594775	5.42055891635539	1
X2923961	-3.91036129912185	3.16711338823495	-3.42619542830048	-3.65127925905635	1
X2923962	-9.86447522049681	3.07904035325297	-6.52629672524058	-6.41721884850916	1
X2923963	-11.2835218414256	5.17782062696303	-19.7338145654291	3.2724720970404	1
X2923964	-25.8113597631421	0.437591373121659	-23.7353889805363	-2.51356215572743	1
X2923965	-10.2743227583021	0.152356336132777	-6.58785833454171	-3.83882075989313	1
X2923966	-12.3854508635383	-0.554208041544424	-3.68043070355782	-8.15081211843608	1
X2923967	-25.3827935720011	2.38746802441302	-24.2968997035675	-3.47336189284651	1
X2923968	-8.30567847792037	-1.139287513923	-4.64374380073186	-2.52264716326547	1
X2923969	-26.3570249849275	-1.12422140317775	-19.9253600839225	-5.30744349782718	1
X2923970	-41.4892691547818	-2.31522495906186	-29.7257776130459	-9.44826658267406	1
X2923971	8.6520287878626	1.85722377229342	3.31166856949351	3.48313644607566	1
X2923972	-5.40660186939787	0.635407191333867	-6.6906390809786	0.648630020246872	1
X2923973	-5.20287743828765	0.75281338590721	-11.9834085840948	6.02771775989993	1
X2923974	-27.2856003088256	-0.117675472622014	-19.5175786333345	-7.65034620286912	1
X2923975	-28.9749676114424	1.33521583409122	-29.0628906173113	-1.24729282822237	1
X2923976	-2.21812101751894	1.85722377229342	-0.842647415630665	-3.23269737418168	1
X2923977	29.3724141370033	-0.825696136149588	32.905444072869	-2.70733379971614	1
X2923978	5.6767156878491	1.62330224443644	3.91102625724175	0.142387186170912	1
X2923979	8.56617794413282	1.80361212262542	0.272299765537903	6.49026605596953	1
X2923980	23.4119856552865	-0.825696136149588	25.9320199812952	-1.69433818985905	1
X2923981	16.2391755479978	2.13410030306083	16.70496713423	-2.59989188929301	1
X2923982	3.17850476183338	1.62330224443644	8.85531474599697	-7.30011222860003	1
X2923983	0.555292557250593	-0.626446035551466	-3.84359078065991	5.02532937346196	1
X2923984	-2.36402433502555	-1.60475164856811	6.36872371716523	-7.12799640362264	1
X2923985	11.8577464015581	-1.60475164856811	16.4190689197875	-2.95657086966112	1
X2923986	33.1378443560212	0.152356336132777	32.4428839833644	0.54260403652406	1
X2923987	2.35252500062179	1.32567836816096	14.1128534631841	-13.0860068307233	1
X2923988	5.94747061975866	-1.60475164856811	6.64199629029019	0.910225978036582	1
X2923989	22.9778216744308	1.85722377229342	24.8264881670375	-3.70589026490015	1
X2923990	34.7475767519998	-1.95998830381499	47.9919185437787	-11.2843534879641	1
X2923991	10.7498164909473	1.32567836816096	19.7843505340531	-10.3602124112667	1
X2923992	12.2035063174063	1.62330224443644	6.29444807804651	4.28575599492334	1
X2923993	34.4376598269436	1.62330224443644	38.7041325977469	-5.88977501523978	1
X2923994	22.0674140681633	1.80361212262542	25.2906231977258	-5.02682125218792	1
X2923995	27.0225816529515	1.90240145139523	12.8126433639288	12.3075368376275	1
X2923996	16.1998586611873	3.07904035325297	17.3301186102576	-4.2093003023233	1
X2923997	-4.77375256245477	-0.554208041544424	3.97964625351072	-8.19919077442101	1
X2923998	0.863329066373478	0.152356336132777	7.99343708895277	-7.28246435871206	1
X2923999	20.9379828002492	3.23210880162924	18.6922752482282	-0.986401249608203	1
X2924000	18.1446127503301	3.07904035325297	19.828007397034	-4.76243499995683	1
X2924001	29.7485697392675	0.152356336132777	31.4145153340064	-1.81830193087166	1
X2924002	26.5969368316195	0.152356336132777	30.9509772587149	-4.50639676322814	1
X2924003	22.2092520307731	0.152356336132777	21.065455198249	0.991440496391406	1
X2924004	27.22382587869	2.61972024769572	28.0111046133708	-3.40699898237657	1
X2924005	0.203369893081582	0.889907001582393	-10.6098341125206	9.92329700401979	1
X2924006	-12.4535015249675	-3.59213626895622	-4.81620020592531	-4.04516505008594	1
X2924007	-5.38525513198893	-0.825696136149588	-9.19477137374763	4.63521237790825	1
X2924008	-10.6962632121158	-0.825696136149588	-8.58005051390545	-1.29051656206077	1
X2924009	-15.7295364079608	-0.825696136149588	-12.3979893554988	-2.50585091631234	1
X2924010	-22.3685597435493	-0.519554275296822	-16.3672635921344	-5.48174187611799	1
X2924011	-0.358378020088371	-3.98353631675899	7.24460224329316	-3.61944394662252	1
X2924012	-8.39821806070824	0.508686824908884	-4.31581317263979	-4.59109171297732	1
X2924013	-17.3791062909378	1.62330224443644	-26.544626185081	7.54221764970676	1
X2924014	16.2669469678066	-0.519554275296822	17.1593513750747	-0.372850131971259	1
X2924015	1.81553815237494	2.07717521756047	0.251224790632005	-0.512861855817544	1
X2924016	-7.28896276472568	-1.95998830381499	-0.362646822175551	-4.96632763873513	1
X2924017	2.20679823390826	1.80361212262542	4.27760734379273	-3.87442123250987	1
X2924018	6.650794414523	3.72103660069604	-0.606492085286082	3.53624989911306	1
X2924019	-7.52530145013618	-0.396538947555164	-6.67493828232206	-0.453824220258909	1
X2924020	23.3676314155494	3.42791579236996	9.57333619726519	10.3663794259143	1
X2924021	32.4104777931514	1.03223158070283	30.1692221228685	1.20902408958001	1
X2924022	16.0839268763164	-0.421257631421933	19.8297292892734	-3.32454478153504	1
X2924023	-2.82107634963687	5.17782062696303	-8.93382976955374	0.934932792953804	1
X2924024	7.5595196504402	0.440725389163332	9.15844928056152	-2.03965501928469	1
X2924025	-3.7859023158608	3.76470324828064	-11.0317711873964	3.48116562325492	1
X2924026	9.85965023523894	-0.421257631421933	10.9041420202106	-0.623234153549775	1
X2924027	8.30684439680237	2.91771227653262	11.5100325593402	-6.12090043907045	1
X2924028	26.6187819494565	-0.421257631421933	33.9953641846587	-6.95532460378029	1
X2924029	-0.888707202193278	2.55354576981076	-4.41746528298067	0.975212310976621	1
X2924030	22.3679579469854	3.76470324828064	18.9050576229286	-0.301802924223754	1
X2924031	-8.98553203289623	-0.694642737458372	-4.64884215548094	-3.64204713995696	1
X2924032	-24.664018302488	1.90240145139523	-33.1249270249365	6.55850727105318	1
X2924033	-0.133348089437227	-0.554208041544424	10.1733678514611	-9.75250789935385	1
X2924034	2.0118873187983	2.96163415867963	-0.159394697448815	-0.79035214243252	1
X2924035	-8.19267472109492	0.152356336132777	-11.6466372907652	3.30160623353757	1
X2924036	-3.24699772160965	5.17782062696303	-10.8372859165988	2.41246756802609	1
X2924037	-20.7714594451358	2.64489836168523	-21.8773264139089	-1.53903139291212	1
X2924038	-7.10789115651718	-1.139287513923	-2.573375766784	-3.3952278758102	1
X2924039	-7.18600373321352	-0.626446035551466	-16.7593131159007	10.1997554182386	1
X2924040	16.3682314746019	-0.825696136149588	19.2803968996892	-2.08646928893761	1
X2924041	-13.0705872610678	1.30525672200507	-15.0538130530078	0.677969069934997	1
X2924042	-31.5901732634366	0.508686824908884	-30.0613727812931	-2.03748730705242	1
X2924043	8.99624188233885	-1.139287513923	11.8212542561544	-1.68572485989251	1
X2924044	-23.6705361354698	-0.626446035551466	-25.6321175540245	2.5880274541062	1
X2924045	13.206334552123	1.89466815472703	11.2615898383159	0.0500765590800534	1
X2924046	-15.9743531680675	-0.825696136149588	-11.9482678944719	-3.20038913744609	1
X2924047	-24.391089070219	-1.46079301598271	-17.1946830762107	-5.73561297802563	1
X2924048	17.4527466206146	-3.78697876100289	18.045703156688	3.19402222492957	1
X2924049	-8.22516254489281	-1.46079301598271	-7.1545004640018	0.390130935091678	1
X2924050	-1.26580281104933	-2.87858562295582	9.64205313311216	-8.02927032120578	1
X2924051	-12.6571324384358	-1.46079301598271	-10.1993558875138	-0.996983534939296	1
X2924052	1.4533162421471	-0.83507743337232	9.66627222479165	-7.37787854927228	1
X2924053	4.91343731403454	-2.66288928463444	18.9704709606642	-11.3941443619952	1
X2924054	-1.3009517714907	-3.15695202977712	12.8822611444499	-11.0262608861635	1
X2924055	13.4136966292647	-2.96563985538227	19.2401798814099	-2.86084339676296	1
X2924056	21.8615100262567	-2.96563985538227	36.764024074744	-11.9368741931052	1
X2924057	15.2063743681277	0.0715075410659628	29.7671970657063	-14.6323302386446	1
X2924058	2.71093128110733	-1.95998830381499	6.9461706076368	-2.27525102271445	1
X2924059	29.477439079531	2.11673255388929	25.344902669668	2.01580385597369	1
X2924060	6.02321664644038	-0.519554275296822	7.06067404643004	-0.517903124692799	1
X2924061	4.29944055296087	2.13410030306083	2.21209238455003	-0.046752134649906	1
X2924062	-14.0808194745582	1.62330224443644	-13.6651104594418	-2.03901125955289	1
X2924063	-23.8266744380059	-0.626446035551466	-31.2092183667037	8.0089899642492	1
X2924064	6.50035957118418	-1.60475164856811	7.68254389119058	0.422567328561696	1
X2924065	-8.60380819382917	1.62330224443644	-8.62163150064378	-1.6054789376218	1
X2924066	-1.91296038574136	1.32567836816096	-2.86730316975609	-0.371335584146162	1
X2924067	2.01114813722859	-1.60475164856811	1.45709159898812	2.15880818680861	1
X2924068	9.97109798059437	2.35158586959824	1.35866797647091	6.26084413452524	1
X2924069	17.8918014929778	3.07904035325297	9.4934030600129	5.31935807971183	1
X2924070	24.580807791074	2.6544283974338	14.8825862055245	7.04379318811574	1
X2924071	18.4364287654863	2.64576607845298	13.2057005179627	2.58496216907065	1
X2924072	5.38013637123232	3.76470324828064	0.149835247627151	1.46559787532447	1
X2924073	17.5140783472047	-0.486668282035332	19.9040380275277	-1.90329139828772	1
X2924074	-26.4880340279128	-1.27376186540342	-18.7103010425853	-6.5039711199241	1
X2924075	13.2206738190971	-1.27376186540342	21.406982521514	-6.91254683701345	1
X2924076	-1.6468813046825	-1.12006849594535	1.56888044967333	-2.09569325841047	1
X2924077	-7.56541516224685	2.35158586959824	-4.37057658762912	-5.54642444421596	1
X2924078	-6.7967042911499	-1.78441716355835	1.86412822377825	-6.87641535136982	1
X2924079	15.3075310211568	4.4503661433083	9.71825495096326	1.1389099268851	1
X2924080	2.28802111751291	-1.27376186540342	8.61237069634121	-5.0505877134249	1
X2924081	3.66634120591085	2.35158586959824	-1.42222031305723	2.73697564936984	1
X2924082	-4.02087994779223	2.35158586959824	-0.305582968427038	-6.06688284896343	1
X2924083	-9.98210963981547	2.35158586959824	-11.9913900107999	-0.342305498613839	1
X2924084	18.6842890738281	-0.155021547738941	13.8492169536743	4.99009366789278	1
X2924085	-1.58982459810271	3.02451128691153	-9.9465360005203	5.33220011550602	1
X2924086	-8.69667735476055	3.72103660069604	-21.296137713818	8.87842375836145	1
X2924087	-7.74560452017307	3.49872083809112	-20.3268466322431	9.08252127397897	1
X2924088	1.000399099465	1.95707842629719	-10.2225662107189	9.26588688388666	1
X2924089	-1.70666298829314	-0.187518843910607	-8.47584818067954	6.956704036297	1
X2924090	-11.944882269585	3.02451128691153	-21.3824011494517	6.41300759295523	1
X2924091	13.980083055831	3.49872083809112	6.38717665924561	4.0941855584943	1
X2924092	-19.1422197007172	3.72103660069604	-30.3476683310703	7.48441202965704	1
X2924093	8.02641107184551	0.665316195372862	0.787433721669996	6.57366115480264	1
X2924094	8.21499812934469	0.665316195372862	2.96275625441606	4.58692567955577	1
X2924095	-8.76006015001642	0.665316195372862	-16.498833309204	7.07345696381472	1
X2924096	-8.09253981124525	3.72103660069604	-23.7359586933378	11.9223822813965	1
X2924097	-14.5454527491277	5.22273143806295	-28.3405704710279	8.57238628383722	1
X2924098	-20.6783329447646	-1.07552509640757	-18.5914595329378	-1.01134831541918	1
X2924099	-7.2277807683619	-3.55244307559543	-0.955216443500845	-2.72012124926562	1
X2924100	23.0216235472906	-1.79736462878767	12.0401364409674	12.7788517351107	1
X2924101	-6.17223110033421	-3.73040943904313	2.61738501359764	-5.05920667488868	1
X2924102	-1.35895863772912	-3.16338537829142	3.11156872889914	-1.30714198833684	1
X2924103	0.401651666000248	-3.59213626895622	10.9261784298312	-6.93239049487472	1
X2924104	-16.1880247503392	-1.12006849594535	-14.9363134732177	-0.131642781176136	1
X2924105	9.16199966018782	-1.98997760900722	4.66354807914675	6.48842919004823	1
X2924106	-5.22911455824511	-0.22636419502173	-9.76118166398145	4.75843130075808	1
X2924107	-4.59377838834561	-0.679886627833003	-5.78630555071678	1.87241379020415	1
X2924108	12.0488888122565	1.80361212262542	-1.79613538586465	12.0414120754957	1
X2924109	-41.6692833392401	1.62330224443644	-43.3923038186123	0.0997182349358343	1
X2924110	-33.4888024538759	-0.679886627833003	-36.9415076368115	4.13259181076856	1
X2924111	-12.4950895832373	-1.60475164856811	-7.46512077224744	-3.42521716242172	1
X2924112	3.64683984275035	-1.60475164856811	4.50538311977867	0.746208371539799	1
X2924113	-2.04751386372629	-1.60475164856811	-12.8813982301261	12.438636014968	1
X2924114	2.900044636926	-1.60475164856811	3.95860361565335	0.546192669840778	1
X2924115	-2.05918706839091	3.07904035325297	-15.2041627474991	10.0659353258552	1
X2924116	-9.60395031369508	2.35158586959824	-17.9406254033699	5.98508922007657	1
X2924117	-1.96669782306153	-2.99217148841071	-2.18452608663151	3.20999975198066	1
X2924118	27.1076696922487	0.488718721576252	20.5832633189961	6.03568765167638	1
X2924119	-12.1277519682026	-2.77397014616777	-11.7646987882939	2.41091696625906	1
X2924120	-10.2081123419681	0.488718721576252	-14.7077262689742	4.01089520542982	1
X2924121	-5.00060704982308	-2.77397014616777	-6.68871892062347	4.46208201696816	1
X2924122	-25.320538604335	-0.145873566437144	-27.866631217995	2.69196618009724	1
X2924123	-4.98784446238279	1.90240145139523	-11.5035891732402	4.61334325946221	1
X2924124	-19.4020038197583	0.488718721576252	-21.8074422596556	1.91671971832109	1
X2924125	-5.52028520394688	-0.380772119095332	-3.37057224463343	-1.76894084021812	1
X2924126	6.75971280388217	1.83446917756896	0.278532495647958	4.64671113066526	1
X2924127	13.7379155888565	1.80361212262542	-3.48843361726643	15.4227370834975	1
X2924128	10.4439359170965	3.42791579236996	-5.29037359901152	12.3063937237381	1
X2924129	13.4451799193191	-0.694642737458372	13.1808555744283	0.958967082349147	1
X2924130	6.19098941845884	1.80361212262542	-2.36855608470386	6.75593338053725	1
X2924131	19.1819686672928	-0.679886627833003	18.7246879643366	1.13716733078914	1
X2924132	4.75253339315569	0.501824966902967	2.17548448444304	2.07522394180965	1
X2924133	-4.17729510569096	1.96900144161802	-12.422235582353	6.27593903504406	1
X2924134	20.0764525691197	-0.679886627833003	17.8830793558474	2.87325984110535	1
X2924135	-1.69553860966015	1.80361212262542	-9.91199082750714	6.41284009522158	1
X2924136	18.5980570493344	0.941901900714487	17.0050523389178	0.651102809702091	1
X2924137	-8.48618916244883	-0.155021547738941	-14.197494426376	5.86632681166613	1
X2924138	4.89731191247799	-3.22998328725689	13.177635362553	-5.05034016281813	1
X2924139	-11.6905111398326	-1.2832406520072	-8.87569937656673	-1.53157111125863	1
X2924140	11.9676984149396	-3.22998328725689	13.0288284213677	2.16885328082881	1
X2924141	6.02602317886329	-3.5767141045598	16.617676207113	-7.01493892368989	1
X2924142	0.790987264612249	-3.5767141045598	7.55671191021005	-3.18901054103804	1
X2924143	-16.3791634832863	-3.49432671913151	-13.4975448003921	0.612708036237331	1
X2924144	1.5757603596678	0.941901900714487	-4.7314595365724	5.36531799552569	1
X2924145	4.22038722701485	0.326990600835027	4.90133435206559	-1.00793772588575	1
X2924146	-6.62646863095066	-3.58383174985107	5.37167709527686	-8.41431397637645	1
X2924147	12.3786401688288	-0.187518843910607	10.5521450049671	2.01401400777231	1
X2924148	-6.79744567448003	-0.0466406237310614	-1.532211949553	-5.21859310119598	1
X2924149	-13.4171716928453	-2.14973973841718	-3.74897722262167	-7.51845473180641	1
X2924150	-24.2862167488298	-2.69866717539545	-16.6049900731697	-4.98255950026466	1
X2924151	-4.55867048255374	-0.156232275294855	-3.01738519037226	-1.38505301688664	1
X2924152	13.6408867628265	-3.58383174985107	25.636532178067	-8.41181366538945	1
X2924153	16.4434322373956	-3.78549257536001	28.5250080692512	-8.29608325649558	1
X2924154	1.34657704737744	-3.58383174985107	11.6656604785841	-6.7352516813555	1
X2924155	10.0861244348918	-1.09545605623294	13.6078737403776	-2.42629324925284	1
X2924156	27.1356381484313	-0.380772119095332	31.766603468952	-4.25019320142538	1
X2924157	0.614489570862477	0.508686824908884	3.82040468542559	-3.71460193947198	1
X2924158	3.4898997780196	-0.229164121384069	4.54093405372576	-0.821870154322082	1
X2924159	-20.3399452579636	-2.66288928463444	-13.6931271494751	-3.9839288238541	1
X2924160	-21.3822211447692	-1.95998830381499	-14.957601223183	-4.46463161777121	1
X2924161	-23.3699488233682	-4.51277444550171	-7.75435086333717	-11.1028235145293	1
X2924162	-12.699519168679	-4.67278999353719	-10.5722488696944	2.54551969455256	1
X2924163	-17.8038898317931	-1.95998830381499	-4.4920768971033	-11.3518246308748	1
X2924164	-7.15669304432554	-0.554208041544424	-1.17783785366638	-5.42464714911474	1
X2924165	24.3066331341388	-0.694642737458372	31.9261841811597	-6.92490830956258	1
X2924166	15.1707010913793	1.32986249846121	15.5266241059587	-1.68578551304066	1
X2924167	-3.83193319334915	-0.187518843910607	-6.13420828319236	2.48979393375382	1
X2924168	17.6556653500359	-0.187518843910607	20.0580176109925	-2.21483341704603	1
X2924169	-0.305971130391281	1.55983507313348	-0.556415574753252	-1.30939062877151	1
X2924170	-0.359651265238028	0.519860126706199	-3.68463584858787	2.80512445664365	1
X2924171	23.6133753494962	-0.229164121384069	23.8460511126099	-0.00351164172966145	1
X2924172	10.1733985448736	1.40528983343338	5.55111814521347	3.21699056622672	1
X2924173	16.5197848776151	-0.187518843910607	14.6932897137534	2.01401400777231	1
X2924174	0.204253173414859	2.23808770164735	-5.54686164844984	3.51302712021734	1
X2924175	-0.106539205306665	0.152356336132777	-3.40374531179205	3.14484977035262	1
X2924176	8.77655762069021	0.665316195372862	1.60011456534259	6.51112685997474	1
X2924177	21.5776537305109	3.07904035325297	5.11946188014242	13.3791514971154	1
X2924178	12.144924853209	5.17782062696303	2.30814531585192	4.65895891039409	1
X2924179	-0.621356751466609	2.38746802441302	-0.761280209397644	-2.24754456648198	1
X2924180	9.88869429924339	0.440725389163332	5.24435139624789	4.20361751383218	1
X2924181	14.9591279634977	0.152356336132777	11.4199327130919	3.38683891427303	1
X2924182	-1.19727410331683	-3.41806172313396	5.24948657981566	-3.02869895999855	1
X2924183	13.3407993632898	0.504289424141225	5.71993922507051	7.11657071407814	1
X2924184	12.6564677777065	-3.08787142256505	17.0996681244206	-1.35532892414901	1
X2924185	19.0150812493966	-0.0223654641298885	17.8633304784684	1.17411623505811	1
X2924186	-4.62620921265083	-0.519554275296822	0.29214645806369	-4.3988013954177	1
X2924187	-5.4206739535609	-0.827148827656836	-2.99008382439575	-1.60344130150837	1
X2924188	-2.83906310329254	-3.41806172313396	2.53997626001059	-1.96097764016922	1
X2924189	20.0374547826552	0.504289424141225	16.8173426124387	2.71582274607527	1
X2924190	-3.98213818319445	0.514024161013879	0.0898972048584623	-4.5860595490668	1
X2924191	-11.2457046987728	-0.825696136149588	-6.20741600284555	-4.21259255977766	1
X2924192	-30.4400577191644	2.13410030306083	-24.458061585114	-8.11609643711123	1
X2924193	-21.553540284802	2.13410030306083	-26.1645960795095	2.47695549164658	1
X2924194	0.337317717464784	-1.139287513923	1.1044021554372	0.372203075950565	1
X2924195	-6.35247310461869	1.30525672200507	-4.26816635326152	-3.38956347336225	1
X2924196	-5.61223301780958	-0.697308206129153	-3.95452181676871	-0.960402994911702	1
X2924197	5.29524186251531	1.98694208474886	2.28931596683277	1.01898381093365	1
X2924198	-3.41019658873656	-0.626446035551466	-4.20794950173313	1.42419894854802	1
X2924199	-30.9804304107386	-4.67278999353719	-18.8129688345984	-7.49467158260302	1
X2924200	-26.1361857760069	0.440725389163332	-27.824936020371	1.24802485520086	1
X2924201	5.10545258125051	-4.83280554157267	14.967931406923	-5.02967328409981	1
X2924202	-19.9422288001214	-2.77432768098742	-15.6613213082081	-1.50657981092589	1
X2924203	-12.7133723806736	-1.08958968407079	-8.03185173997814	-3.5919309566247	1
X2924204	-12.9409712287184	-1.07552509640757	-4.58741849014663	-7.27802764216425	1
X2924205	-0.673097105076669	1.85722377229342	-11.4650880034114	8.93476712604133	1
X2924206	7.06002238319824	2.13882169572966	0.395469075754065	4.52573161171451	1
X2924207	4.3806860567343	1.38848985528975	3.52084653795814	-0.528650336513576	1
X2924208	-11.9238592743871	2.13882169572966	-13.3606473266092	-0.702033643507534	1
X2924209	1.9748789836351	-0.156232275294855	-0.296406957893916	2.42751821682387	1
X2924210	14.270037108817	3.44925768066509	11.7489895366485	-0.928210108496666	1
X2924211	10.3319374672231	3.44925768066509	12.9097175172929	-6.02703773073481	1
X2924212	-1.53732517940196	1.85722377229342	-3.60727826740706	0.212729315711682	1
X2924213	17.8904254679709	1.85722377229342	11.3198354974877	4.71336619818977	1
X2924214	-4.04232771198346	2.38746802441302	-6.10537562958562	-0.3244201068109	1
X2924215	-5.55646176502876	-1.27376186540342	-11.9698807831162	7.68718088349087	1
X2924216	-8.29549197021604	-1.60475164856811	3.48579150977137	-10.1765318314193	1
X2924217	-27.7442807758418	0.75281338590721	-22.0559714115681	-6.44112275018097	1
X2924218	-16.1314257473337	1.32567836816096	-7.14961326491473	-10.3074908505799	1
X2924219	-27.0923363076929	-1.60475164856811	-27.0034804711337	1.51589581200878	1
X2924220	-44.8372883944796	1.44108607614107	-38.8085232642079	-7.46985120641283	1
X2924221	12.0939028384588	3.76470324828064	6.97236208056805	1.35683750961004	1
X2924222	6.52922721714788	-1.95998830381499	7.82536615545945	0.663849365503461	1
X2924223	9.90178410640993	-4.67278999353719	24.4005918111406	-9.82601771119349	1
X2924224	9.43449334409617	-0.421257631421933	15.7070987311296	-5.85134775561155	1
X2924225	-0.663385887513853	-4.67278999353719	15.4206296382904	-11.4112255322671	1
X2924226	-10.0361832249707	-1.95998830381499	-3.89057207947561	-4.18562284168008	1
X2924227	-15.221230399785	0.440725389163332	-11.8361602010433	-3.82579558790493	1
X2924228	7.57352462951728	2.15521264373008	-2.46039143399925	7.87870341978636	1
X2924229	23.0225521559668	3.44925768066509	16.4940814940914	3.07921298121028	1
X2924230	6.87048792124682	0.440725389163332	5.01322191361687	1.41654061846664	1
X2924231	4.76813623656153	0.440725389163332	4.01261281673222	0.314798030665976	1
X2924232	0.135796552595181	0.440725389163332	-4.40211903743716	4.09719020086903	1
X2924233	25.4288897541829	3.76470324828064	14.0096216011502	7.65456490475209	1
X2924234	1.25957918231436	3.76470324828064	-4.569822954243	2.0646988882766	1
X2924235	-7.23392336868666	-1.27376186540342	-29.4823283130672	23.5221668097838	1
X2924236	25.5705480534801	-0.421257631421933	20.0276110196754	5.9641946652266	1
X2924237	-4.18159426374744	-4.89910960040508	-7.72604087104779	8.44355620770556	1
X2924238	5.19922436464335	0.848493075798789	-2.57021966473178	6.92095095357634	1
X2924239	-5.97724486367707	-3.16338537829142	-0.314249561906746	-2.49960992347891	1
X2924240	-20.5411074348109	-0.433031891911786	-24.0245092464108	3.91643370351167	1
X2924241	-6.2872094814025	-0.396538947555164	-2.38388143255743	-3.50678910128991	1
X2924242	11.025768103622	0.0715075410659628	13.9105478209939	-2.95628725843785	1
X2924243	14.6138175078575	-0.433031891911786	14.3456966265809	0.701152773188379	1
X2924244	-9.03503058546806	-2.66288928463444	0.923809665346382	-7.29595096618002	1
X2924245	-12.119100763852	0.437591373121659	-13.6749923913126	1.118300254339	1
X2924246	-36.0233818635923	-0.679886627833003	-37.0740211472314	1.73052591147208	1
X2924247	24.6116669064482	-3.98353631675899	29.3005323450731	-0.705329121865952	1
X2924248	-29.2469091972647	-0.626446035551466	-35.3122389998204	6.69177583810707	1
X2924249	-2.8615821626897	-3.98353631675899	2.00621796381011	-0.884263809740786	1
X2924250	-15.3839544650735	-4.18158005815798	-11.5995680938406	0.397193686925014	1
X2924251	4.52463557427704	-3.06796303311291	9.72142440781078	-2.12882580042085	1
X2924252	-5.80287974952252	-3.98353631675899	1.15148080743999	-2.97082424020361	1
X2924253	13.6777801162066	-1.05162459854288	11.0457651564837	3.68363955826568	1
X2924254	9.11254000810082	-0.0589893688506351	4.67488703648183	4.49664234046965	1
X2924255	-0.157929135975904	0.665316195372862	-6.21341838296647	5.3901730516177	1
X2924256	1.64445136900867	3.76470324828064	-14.5009922376159	12.380740358344	1
X2924257	-15.0174983918537	-1.60475164856811	-17.479508257065	4.06676151377951	1
X2924258	-16.3706394805323	2.07717521756047	-30.1925397690497	11.744725070957	1
X2924259	2.39100592142812	0.152356336132777	-7.33124272045043	9.56989230574576	1
X2924260	-17.3681883459901	-1.60475164856811	-27.8684205928607	12.1049838954387	1
X2924261	-7.09437248147409	1.62330224443644	-15.1250534804296	6.40737875451908	1
X2924262	-5.88259358939633	1.32567836816096	-10.4060216442436	3.19774968668632	1
X2924263	-6.45749586720605	-1.60475164856811	-14.8271721246258	9.97442790598793	1
X2924264	20.0917181687715	1.80361212262542	14.382456270806	3.90564977534004	1
X2924265	28.0487617908823	2.15521264373008	18.4614207654005	7.43212838175175	1
X2924266	8.54352242202457	2.91771227653262	10.0567250231776	-4.43091487768564	1
X2924267	-2.06448624043364	-0.187518843910607	-5.84852156123573	3.97155416471269	1
X2924268	1.50198913563532	5.17782062696303	-15.8001203753285	12.1242888840008	1
X2924269	-10.3575704929007	3.76470324828064	-18.8802626604688	4.75798891928759	1
X2924270	27.0216217971156	5.17782062696303	14.7124429695023	7.13135820065022	1
X2924271	-23.4104753368956	0.75281338590721	-25.137396338013	0.974107615210122	1
X2924272	-5.57741070706385	0.152356336132777	-7.90211451175509	2.17234746855849	1
X2924273	-16.7591585910777	1.44108607614107	-20.8340948284744	2.63385016125555	1
X2924274	-15.1268239867218	-1.60475164856811	-9.85967474041892	-3.66239759773479	1
X2924275	-5.68673688099159	3.76470324828064	-14.9417384609988	5.49029833172661	1
X2924276	-19.4388417753153	2.35158586959824	-25.4381804482139	3.64775280330032	1
X2924277	-11.1497201119038	-1.95998830381499	-3.86983158158603	-5.31990022650278	1
X2924278	-17.9617962790492	-3.73040943904313	-6.86606629392722	-7.36532054607883	1
X2924279	-13.4678005695715	-0.554208041544424	-5.47984320215217	-7.43374932587492	1
X2924280	-7.78858793256603	-1.08958968407079	-0.16561128019064	-6.53338696830464	1
X2924281	-17.075687622112	-1.60475164856811	-1.44336822139431	-14.0275677521496	1
X2924282	-2.35853130017528	-2.69866717539545	0.467922864735508	-0.127786989515361	1
X2924283	16.8338326768701	-4.83280554157267	16.8541629808752	4.81247523756757	1
X2924284	-6.42051484233694	-4.83280554157267	5.26886461263305	-6.85657391339728	1
X2924285	5.51072354555828	-4.83280554157267	15.9088062767039	-5.56527718957289	1
X2924286	11.7815977621265	-1.60475164856811	23.161023208704	-9.77467379800928	1
X2924287	5.90951092347738	-1.26077241922162	9.04766549597773	-1.87738215327873	1
X2924288	0.411899760899441	-3.58383174985107	9.09613942107252	-5.10040791032201	1
X2924289	-3.7458162489936	-0.554208041544424	-0.639605122486414	-2.55200308496273	1
X2924290	-8.89427416440143	-0.421257631421933	-9.60365387060964	1.13063733763014	1
X2924291	12.1333899601006	-0.694642737458372	18.8001471212223	-5.97211442366331	1
X2924292	1.27286888724438	-1.46079301598271	2.87124874718277	-0.137586843955689	1
X2924293	-0.803105364709801	-1.60475164856811	-2.48641827544127	3.2880645592995	1
X2924294	-21.2505623337117	2.07717521756047	-21.717589415725	-1.61014813554713	1
X2924295	7.59561728203015	1.62330224443644	10.278655242466	-4.30634020487226	1
X2924296	4.09397140762953	-1.60475164856811	9.39099123444261	-3.69226817824496	1
X2924297	-3.52294021141466	0.987503997555109	-7.59422051841332	3.08377630944354	1
X2924298	17.2809281945127	1.62330224443644	8.81163025335618	6.84599569672002	1
X2924299	3.99180152601764	1.80361212262542	6.94934333101242	-4.76115392762018	1
X2924300	-11.5793355651068	1.62330224443644	-17.1644349923268	3.96179718278364	1
X2924301	0.327526628571187	3.07904035325297	-4.07547635835298	1.32396263367123	1
X2924302	-22.3331366986478	1.33521583409122	-21.064656491392	-2.60369604134699	1
X2924303	-2.78931649040361	-2.31522495906186	4.88840768031031	-5.36249921165215	1
X2924304	-38.9697892105223	0.299770866723666	-33.6446516387208	-5.62490843852512	1
X2924305	-19.7845062321843	-1.08958968407079	-26.0797354868411	7.38481893872763	1
X2924306	1.99293856763975	-1.31629686425769	10.190678215014	-6.88144278311652	1
X2924307	-7.90659662604006	-1.08958968407079	-4.44023237106	-2.37677457090929	1
X2924308	-14.6062268976106	2.07717521756047	-14.2117605605353	-2.47164155463577	1
X2924309	-17.8790604191977	2.07717521756047	-23.2885156631759	3.33228002641775	1
X2924310	-4.6506827321243	-2.77432768098742	4.68732019581179	-6.56367524694868	1
X2924311	-5.32644484989903	1.90946432083367	-10.4731236111731	3.23721444044042	1
X2924312	-10.3868884421596	-1.78441716355835	-3.12141584933113	-5.48105542927004	1
X2924313	-4.07126375172821	1.0102328005454	2.09595957465293	-7.17745612692654	1
X2924314	-8.04906924016009	-0.265525121288021	-6.445007699292	-1.33853641958005	1
X2924315	-1.42061883763824	1.32567836816096	2.82035494373831	-5.56665214953749	1
X2924316	-1.2224932043284	-0.228225239327221	-1.11727977301729	0.123011808016158	1
X2924317	-1.79679532256978	-2.87858562295582	12.1250123387722	-11.043222038386	1
X2924318	-22.0338058112028	-2.87858562295582	-13.1532511565711	-6.0019690316759	1
X2924319	-16.3866668961408	-0.961597728150425	-20.6954398546977	5.27037068670729	1
X2924320	-5.86880544637891	-0.396538947555164	-6.91803415870878	1.44576765988502	1
X2924321	-12.1558582481579	-3.73040943904313	-2.74257149575797	-5.68287731335687	1
X2924322	-12.5960339852516	-1.08958968407079	-9.44862398456201	-2.05782031661874	1
X2924323	-1.72051228034578	-4.67278999353719	8.64737889520883	-5.69510118201736	1
X2924324	-6.42499378013287	-4.83280554157267	1.62538031285761	-3.2175685514179	1
X2924325	-1.23559218730153	-4.83280554157267	9.60270169326153	-6.00548833899037	1
X2924326	0.0857614419016102	0.152356336132777	4.64830700886773	-4.71490190309893	1
X2924327	-0.409679507772956	2.13882169572966	-2.40449980640658	-0.144001397096045	1
X2924328	-20.2014020848588	1.3461061421347	-19.7219421678304	-1.82556605916309	1
X2924329	5.80712548134408	-0.156232275294855	6.15112018610584	-0.187762429466888	1
X2924330	1.2838032065121	1.0102328005454	0.539729377011656	-0.266158971044983	1
X2924331	-2.28546302412032	2.96163415867963	-4.76642958724922	-0.480667595550687	1
X2924332	-7.28613031389014	-1.80519808183467	-3.02409023554298	-2.45684199651248	1
X2924333	6.84159255135568	-1.66692491174776	10.1308167807817	-1.62229931767832	1
X2924334	-25.7396312642607	-0.265525121288021	-28.4618532730212	2.98774713004856	1
X2924335	11.2252427173783	-0.255328898335308	1.96630113388631	9.51427048182727	1
X2924336	13.4434684581444	-0.187518843910607	7.38550332570266	6.24548397635237	1
X2924337	-1.67758612016419	-0.697308206129153	-7.2867076950435	6.30642978100843	1
X2924338	12.4177820754763	-0.353882951247238	6.87596482401906	5.89570020270449	1
X2924339	-3.32860789028034	-3.78549257536001	-2.35096228914544	2.80784697422513	1
X2924340	-2.52669321821162	-1.27376186540342	-9.67935713891606	8.4264257861079	1
X2924341	-14.7880465452436	2.07717521756047	-11.371670408084	-5.49355135472008	1
X2924342	-11.7910874833048	1.71843624179222	-12.9516933761026	-0.557830348994396	1
X2924343	22.131996859725	1.98917786717335	21.8719240791891	-1.72910508663732	1
X2924344	-30.5848272805357	-1.95998830381499	-16.8034513578826	-11.8213876188381	1
X2924345	7.69404048444098	-2.29507246171329	21.2549344704599	-11.2658215243057	1
X2924346	-11.2514229098962	-1.78441716355835	1.32990759944944	-10.7969133457874	1
X2924347	-1.84532940493593	0.152356336132777	5.36774787540445	-7.36543361647317	1
X2924348	-6.92212278783934	-4.83280554157267	3.24039880801825	-5.32971605428495	1
X2924349	24.3418718458944	-0.679886627833003	29.6321776535293	-4.61041917980187	1
X2924350	-4.15378306080265	-4.67278999353719	10.1986387097497	-9.67963177701518	1
X2924351	0.176555011767017	-1.60884602330172	3.53058000586131	-1.74517897079262	1
X2924352	17.1526646758228	0.440725389163332	12.7312688861176	3.98067040054185	1
X2924353	-6.58221947163825	-0.942772082238717	-6.20779103792774	0.568343648528221	1
X2924354	-23.4694249855	2.55354576981076	-29.2264642328673	3.20349347755655	1
X2924355	-24.3276025549306	2.55354576981076	-24.0524003753731	-2.82874794936818	1
X2924356	0.652396910844876	1.44108607614107	3.86047053334094	-4.64915969863714	1
X2924357	-10.9347573376076	1.44108607614107	-12.3027214868851	-0.073121926863605	1
X2924358	11.1438248653496	0.508686824908884	15.0956249434338	-4.46048690299314	1
X2924359	-1.68241950692406	0.152356336132777	8.21875260577282	-10.0535284488296	1
X2924360	5.6320905197868	0.440725389163332	7.88878880157797	-2.69742367095453	1
X2924361	-27.2082748126517	1.8985433504147	-21.1990844125436	-7.90773375052277	1
X2924362	3.35230211887198	2.38746802441302	1.32197983874966	-0.357145744290707	1
X2924363	-0.493309775996062	3.76470324828064	-11.5552088250001	7.29719580072342	1
X2924364	2.65504499486936	3.76470324828064	-6.25010003914895	5.14044178573762	1
X2924365	11.6701051620122	-1.60475164856811	21.3132897503427	-8.03843293976238	1
X2924366	-2.06207419737858	1.62330224443644	-5.0214029404402	1.33602649862519	1
X2924367	-8.75457284274969	3.07904035325297	-17.2438472195711	5.41023402356841	1
X2924368	-10.6392274247558	1.62330224443644	-10.714357653881	-1.54817201531118	1
X2924369	7.02142675928757	3.07904035325297	-1.38952215260832	5.33190855864296	1
X2924370	11.9557108247048	2.6544283974338	8.23796121336607	1.06332121390494	1
