<Trait>	Trait_1_H2_0.9	Trait_2_H2_0.9	Trait_3_H2_0.9	Trait_4_H2_0.9	Rep
X2899731	12.8882901391315	1.500911854707	17.6584415229038	0.161662502671455	1
X2899732	18.8995045083927	1.7015829748902	27.456225483609	-4.64452952647262	1
X2899733	29.7980840255104	-1.79165746346315	34.8130533184406	-8.45764509777402	1
X2899734	7.04581460883516	2.90966531013439	-4.13985147163274	6.62293160501668	1
X2899735	1.64925076953795	-0.916596332848377	3.34900280285261	-6.66458516328895	1
X2899736	33.4532259704589	-0.526728746731704	37.825440645235	-7.17580064174305	1
X2899737	18.1769692733268	1.21349031227698	13.9322436397968	-0.803548658365206	1
X2899738	50.238163231045	1.79724587130465	42.0667064612019	-2.91492073870332	1
X2899739	54.0200572247663	-0.180234671459795	60.6038502130828	-12.474965712661	1
X2899740	17.3622576779963	2.12313139869887	7.20736865229637	1.7842466074077	1
X2899741	29.0833151862053	1.02228437556095	23.5870181680393	-2.56958991947969	1
X2899742	5.51173966505508	3.00051958332246	-1.05490864000474	7.03292780895181	1
X2899743	-9.46082785158415	-0.0368125954457864	-7.34615214403551	2.40705552960152	1
X2899744	33.225584742564	-1.6042745672256	38.2732772665448	-7.15822328911033	1
X2899745	42.3305853413563	-3.45059860085514	44.6899145063312	-7.61171717045545	1
X2899746	33.2700258340772	0.308861565947086	24.9505665361264	3.4024879116667	1
X2899747	26.0719328008834	1.029985427536	36.0931406791434	-3.38834524483853	1
X2899748	42.4059125074845	0.796083635251597	44.0779472365922	-4.31197785392995	1
X2899749	36.1883858900204	-2.06743557544738	35.9968735939959	-1.51638807595178	1
X2899750	-5.1335263293149	2.11658508997016	-5.41818688765944	-1.66438732838932	1
X2899751	45.5765590916057	0.179108152541441	61.0278551018213	-0.276314640230725	1
X2899752	54.8563392536928	-0.624827990635692	54.5119319360992	-6.86928236410781	1
X2899753	28.5522389665176	1.54613441409632	24.9228307441368	-0.144893032584251	1
X2899754	7.44834856537744	-0.35272175057659	11.1546415298729	4.1894477535235	1
X2899755	-20.2682022917767	-1.36908048252695	-13.7842003458249	-4.5069440804594	1
X2899756	-1.53276027000693	-2.08829356061821	13.0421448623431	-1.94601502566931	1
X2899757	7.89719024072401	-2.82891187125119	20.4863366536051	-3.41160548963337	1
X2899758	-15.7095938421715	0.127592314083779	-11.7077992552471	4.63055833264853	1
X2899759	-30.8421666234988	-2.1284380029325	-13.8793334954396	-9.90554268448466	1
X2899760	-11.6264444960646	-0.378627210004996	-0.392628820578729	-5.78447401869739	1
X2899761	-16.3873725290098	-0.471519382278462	-10.6808886346112	-2.38875899818863	1
X2899762	-2.1509637144288	-1.91632948127097	18.3432713189642	-10.2386073023142	1
X2899763	7.05508783093577	0.00791821599598017	-2.02101923724676	3.07003662403087	1
X2899764	16.8581447030952	-0.711289176765027	16.4920969881801	0.906971539154589	1
X2899765	-4.92786386825628	1.87760985778443	-6.4554910975372	0.154610762364797	1
X2899766	-25.97454739115	-2.31433479417171	-11.584311147903	-2.61110042222664	1
X2899767	-26.8843538082196	0.0914315120598092	-21.2459198658353	10.7930714506443	1
X2899768	21.7134445220582	0.790969979070768	13.0225753573722	-1.90000392609085	1
X2899769	33.7569951438906	2.02530180841387	27.5571777696233	1.83174487369821	1
X2899770	57.1538529984134	-0.018949989317204	64.1927255570337	-5.69627198323681	1
X2899771	14.7378469203825	0.672501342769847	2.5702237349942	9.37145376763955	1
X2899772	10.7349159776589	2.03210499580549	11.3368888357779	13.087602779351	1
X2899773	15.7344037349207	0.739934689194619	19.0555633321144	0.575126712276188	1
X2899774	26.6615466163122	-1.29869863752672	26.2231065458603	-7.92861078250382	1
X2899775	35.7413072777152	-0.049764158340057	38.3249445133826	-6.03118824628025	1
X2899776	5.45181975056118	0.226084047395215	-7.29011452363763	9.37808034137364	1
X2899777	10.5084743267723	2.61457934128167	-12.2226657980093	3.36494580365708	1
X2899778	21.5160323694122	1.54059114026988	8.4363392763314	9.25736288341182	1
X2899779	22.9493358650414	0.937174916102313	13.7861901698565	6.59999693290569	1
X2899780	37.7789778515879	0.870781868031269	17.0693955534157	10.2804371571332	1
X2899781	34.5164768452215	-2.26258846447059	42.8351680830965	-0.692191501545915	1
X2899782	21.3495173996312	1.36201435123591	16.4519454469443	-0.793007683932349	1
X2899783	14.8769315924974	-0.141583084842785	14.4318725131654	-1.55027033608214	1
X2899784	0.492404547958788	-2.15558667240431	-15.3868076790379	0.269864048302011	1
X2899785	11.041722737019	0.618622980030052	10.1311730708601	6.30901987661105	1
X2899786	12.65608722414	1.34028553762389	4.17364642331851	2.82206456906433	1
X2899787	-17.5660816320488	2.53985144408483	-26.8375505931053	4.64587829881863	1
X2899788	6.09114528824424	1.99049561910698	-4.02686790754371	9.56704630893075	1
X2899789	25.8227265496503	1.44093110679549	5.55883601894753	5.84049111390653	1
X2899790	22.4105917716025	0.655660507829616	36.3242723333548	0.936949761822282	1
X2899791	53.3166053411918	-0.769585723563225	43.2542726539348	0.405616151232005	1
X2899792	23.6778856379854	1.79277459047742	5.11063436141137	7.35423727986281	1
X2899793	15.1722389989961	2.5217392219567	1.52235442852533	11.7921003460441	1
X2899794	23.0792973996399	-0.745601663416461	22.0470501056754	2.09722387286515	1
X2899795	5.40119559879886	1.99843098829313	-6.39778742555443	6.55458867262559	1
X2899796	2.03410967281818	-0.562953674963918	18.0430817887035	-3.78859132305082	1
X2899797	9.29863623566148	2.9752532756179	-3.37233525046665	4.03756067530975	1
X2899798	41.1067796078722	-0.560402250127073	31.6900346811392	7.22439177250396	1
X2899799	24.3705022880014	2.14666749411295	12.8689251706841	1.11683567755463	1
X2899800	-2.93149780088041	-1.32226515023856	-17.4290589123536	-3.394700022865	1
X2899801	7.80120332289724	-2.49270143816289	29.6939148452401	-0.187016107416952	1
X2899802	-12.0892949410609	-0.597197132744078	-6.84200249294353	4.08190690858749	1
X2899803	12.2513562352825	1.45440540800145	3.42749443784473	8.24054785071789	1
X2899804	19.6543117325368	-2.72224489706318	43.2935825825825	-8.97790162388551	1
X2899805	24.8844517945819	-0.162395232474609	21.4124077757501	0.595366730105722	1
X2899806	-19.3398406517363	-2.5741393528276	-12.5009535679348	-0.470103119788676	1
X2899807	10.3821643266087	1.06552209573966	-4.25598313398456	5.81096456564364	1
X2899808	42.5789087640548	1.06483954996302	7.21039714171749	15.2064149035726	1
X2899809	-24.6746332413679	-3.88329142812978	-14.9242434023308	0.103010103059762	1
X2899810	-4.68968470673726	1.30090572813831	2.36610011656924	-2.57400067070648	1
X2899811	18.5570809962764	-3.78364783192954	14.6962890532343	1.22041675040942	1
X2899812	12.9850725651222	-0.872765233411215	15.4416406713207	0.0803469589139159	1
X2899813	-1.64380089468161	0.338271376938514	11.9581502083871	-7.11686336550208	1
X2899814	40.0043719051	0.946428144282234	22.7956433473545	-6.97828095500663	1
X2899815	-14.5932083410485	-0.111563324670678	-9.4056211690844	-4.11289700183056	1
X2899816	20.5389063137927	1.28417836820182	3.63193897792262	4.97187280690279	1
X2899817	5.62809605740358	0.712195119175906	2.99178607488613	3.01315781560295	1
X2899818	17.2612660877648	0.630115233580674	8.93401918895951	0.42725733762862	1
X2899819	-0.625025205627551	-0.656431340846299	-0.940731488241465	-2.9340392305143	1
X2899820	0.245135225067974	3.32011549410242	7.46780701007921	-0.33276448750977	1
X2899821	-11.26959279553	0.137196292181429	-18.3673254973452	-0.175856057459547	1
X2899822	-28.6710854249763	-0.31326205550499	-20.3974983285024	0.870459572611716	1
X2899823	3.61628348059775	-0.473315599487839	-9.05836230421691	-1.92973846668553	1
X2899824	-9.55049316629887	1.48565885180777	-19.5078507152789	-0.0723696518823906	1
X2899825	-23.5610774775167	-1.21861616189016	-15.5094724844718	-10.7122098773073	1
X2899826	-9.29800299622849	-1.20170443906293	0.867605734949876	-4.79659796127512	1
X2899827	1.05811604980163	0.689807511369065	-2.07053780659645	2.96270228141275	1
X2899828	1.47939963927694	1.41408847292063	-16.0923395791528	-0.844530620493635	1
X2899829	-20.9063505242	0.942444694529768	-7.97351268492959	-0.995737808671986	1
X2899830	20.6478104571613	-1.42360376068994	31.9753859922623	-5.51529693778429	1
X2899831	7.1108508883658	0.131606586595064	-10.7483725264463	-7.30162722288861	1
X2899832	-10.8521347631419	-0.148085639428023	-5.51524608732544	-6.33516693388953	1
X2899833	36.0784929625603	2.19641855767281	47.4539294752627	-2.95752933209597	1
X2899834	32.8222976253452	2.02557724662346	27.3616567525039	2.69085690448322	1
X2899835	-10.4240018245884	0.159863361658149	-12.3460823639474	-1.58142449687233	1
X2899836	18.2633323532518	0.655614039230854	32.135916169796	1.0643685288979	1
X2899837	31.225763096781	2.50605112412889	14.205936744209	10.2248872370572	1
X2899838	-20.8081485394244	0.417784321076684	-18.0895867530271	1.02325332039067	1
X2899839	9.13814293807398	0.558022456704718	23.4650072383253	3.72449682545421	1
X2899840	23.7749958984715	1.45386211033595	26.8017249846671	-6.66811411780492	1
X2899841	2.4727564556457	1.2459311195004	7.69107472427183	-2.80368145901993	1
X2899842	33.5193287731385	-0.353219334302376	31.3091572555523	5.77076091357602	1
X2899843	0.470253476335361	-2.4960850737326	-16.9421318718804	-5.34237854383318	1
X2899844	14.174191738766	3.09388047777701	7.25257156996485	3.33656941480758	1
X2899845	6.14107814416598	2.74020701666088	-7.64055987271832	6.74825418131937	1
X2899846	15.5361879887884	-0.197599884949449	10.5102800075529	4.01859757078852	1
X2899847	-2.87315728362385	4.09186216553711	-7.42754771753866	5.48638528599279	1
X2899848	-15.831674514187	-1.248933500361	-15.7068665388457	-10.4569592785955	1
X2899849	-3.6939325766913	1.49817598959206	-8.28419942516319	-2.85296601149215	1
X2899850	41.6831887094136	2.93626992499986	19.4432934717875	0.749436116946397	1
X2899851	-17.4341186030632	3.17706874473781	-25.5965173163326	8.88206121430516	1
X2899852	10.9134437857584	4.37854259507625	9.11967550449135	6.11436651388674	1
X2899853	-26.648391616468	-0.199107562530966	-12.3134926574663	-7.84564225344096	1
X2899854	50.3776233254557	1.14022161960098	44.3581974885413	-0.8779693609034	1
X2899855	47.5005893924135	-1.30628780955593	55.8122472064878	1.93652294855694	1
X2899856	27.7484980029272	0.00085897970940696	39.1239160329575	-5.93472666361351	1
X2899857	9.57692712615033	-1.71993169802356	25.568497024194	-1.77599886947513	1
X2899858	29.6480763026276	3.58188376210308	17.2799289241407	9.1393447770334	1
X2899859	12.7042728126633	-0.687754753845449	9.48366161237038	-5.18453777582217	1
X2899860	28.7709254450903	1.76612036140739	16.2159315169043	-0.576835394639947	1
X2899861	25.2359768679742	0.0486868432134895	24.2706963739052	-7.72354447757117	1
X2899862	20.0890967246713	1.26999266298502	32.904429245697	-3.99357227885586	1
X2899863	49.346274730168	1.96497049739152	55.1854024601004	0.0285667590020497	1
X2899864	25.7028577697997	3.45917329648605	21.908592826556	1.24766350939708	1
X2899865	24.4246807565153	1.92215323686703	15.9159291153079	-1.79011034069799	1
X2899866	51.0657230331104	1.2925378151107	43.4753672735978	-0.88725749022808	1
X2899867	39.6360844791654	3.51242646374768	27.9214535380273	5.66846895045783	1
X2899868	36.1561139969894	1.45679470488072	45.8464336986966	-2.90138405890434	1
X2899869	28.9673042199496	-3.98091145347512	46.5535091739035	-8.55108325468476	1
X2899870	12.4230043275892	0.600083700908233	7.95301431802279	-1.93311018955807	1
X2899871	14.9945406617865	1.76990371857625	-3.54915877529642	-2.92284446106544	1
X2899872	8.18345929781694	0.0380005349041885	-0.421645415507508	0.520923682573685	1
X2899873	20.5821561120873	1.29221829381276	12.0585298995672	-5.76476202533698	1
X2899874	62.7972524190191	-2.07114150837006	62.1199999772771	-8.51513890874147	1
X2899875	8.50226563385551	0.502580973068688	4.68903333226055	-0.990827864430255	1
X2899876	17.6427742297325	3.82032273836597	4.35199011503526	4.60612324231742	1
X2899877	-8.66895764482826	-1.7930684712788	-2.979933451427	-14.0322823248731	1
X2899878	-7.62444084577846	-1.89225625151397	-9.85878683484058	-7.86967831411703	1
X2899879	19.2910310255499	3.28111162763038	16.0158946072093	-0.596527828764792	1
X2899880	7.98479855702002	0.675754263347621	24.4141183966232	-8.92624706301587	1
X2899881	18.4817529991738	-0.83163178398416	27.1847667552221	-2.34729658634414	1
X2899882	16.8188242317018	1.09910279144225	2.32078859131593	2.18984810666074	1
X2899883	18.785454407196	0.729631801188375	9.78662331804465	4.28370410313438	1
X2899884	17.4861888542956	1.39316253753466	-0.787934881921215	3.57679758574819	1
X2899885	18.6444712257055	0.318602818118321	12.2403376864415	-0.81277317416821	1
X2899886	34.8344131185858	1.96607821296911	34.3184571362711	-3.87552167760292	1
X2899887	42.3687393098407	-1.33887041178123	48.2806294729267	-7.3046563193959	1
X2899888	11.836770065325	-1.47647167253411	15.1409854783564	4.86039258192797	1
X2899889	5.45335265486057	0.502200743023855	1.87047469476791	1.40713436475147	1
X2899890	10.5804859108703	1.00343267254324	6.61438929981239	-8.25409770407981	1
X2899891	38.129223148446	-0.986063330082732	32.8133876080041	-1.98066550800582	1
X2899892	2.0129884156207	-0.476744668726972	1.56127286044527	-5.6919890826552	1
X2899893	24.1161845048362	0.441151886392174	18.5247933151369	5.0172847658357	1
X2899894	-25.273445918542	-1.51809979618706	-17.6061653791374	-1.81075660741131	1
X2899895	27.2225005671819	-0.481899025786994	40.3627853499275	4.09288135096057	1
X2899896	-3.19946311070729	-0.444663302152646	7.43375000148582	-2.69663522108496	1
X2899897	8.97080518645114	0.112928792817083	3.22244705594373	11.8010315807297	1
X2899898	-1.05382351963879	-1.98904462174663	12.7689044373102	-1.10276988736395	1
X2899899	5.51912475310422	1.99750290941562	-1.46424396425491	7.24691648119768	1
X2899900	18.3419571007377	0.808047813394001	32.0603403895863	-5.48401178488445	1
X2899901	11.7729608483721	-0.585816004897474	26.5699672774438	-3.21810681612666	1
X2899902	39.0939860382715	-1.68899694518435	52.9508255091784	-5.41530645853522	1
X2899903	6.8293426202106	-0.351696564634189	-8.05864136146795	4.91204222651945	1
X2899904	16.0943408396141	-0.283255082188052	28.6066773019073	1.3447566778052	1
X2899905	-7.53855153771808	0.273931531287598	-1.40719058063359	-6.77758391819228	1
X2899906	9.82149806708209	1.05687539626786	19.480436427858	-3.87755317233039	1
X2899907	15.6581195963677	-0.303880607073603	21.5602016504243	-9.18178827794395	1
X2899908	14.4784624305573	-0.737768896908665	6.17383374011929	2.87709860466087	1
X2899909	-26.6641164435582	-1.37347288360813	-3.36643793239624	-5.3371740675413	1
X2899910	-12.1611519824706	1.34198993946146	-18.6256039992145	3.79261052797465	1
X2899911	9.08620690318028	-2.81756261590617	13.3803188549057	-3.15188798680701	1
X2899912	19.2308636956707	-2.33585799292769	31.8139850495524	-2.89581994508978	1
X2899913	25.4110957841346	-1.04327626838198	18.6327973153984	-3.10759381295695	1
X2899914	-4.22001779712276	-1.53154541317977	2.37508124602632	5.14596363434352	1
X2899915	-53.0323519053919	-0.307516551035114	-49.6656508386279	2.23477988897711	1
X2899916	-5.07028403759888	-1.10370333781939	8.06280945749575	-4.47970592963121	1
X2899917	0.13635151960208	-0.207660399585075	-3.52968029505444	0.699315689188349	1
X2899918	52.5880508638406	-1.85108318588485	63.2699796976259	-7.13223369480644	1
X2899919	25.212917266776	-1.62209867781277	29.5933852236057	4.77881409319758	1
X2899920	-0.468607814061844	-0.118471712395852	-0.934799963118793	-5.88835867469555	1
X2899921	21.3407574566026	-1.02847691366445	21.4763234389643	-4.93017227262514	1
X2899922	14.3061600093654	-0.169945273580596	11.7320630185679	7.78442965779516	1
X2899923	13.2338774883732	-1.97763322276723	0.774451564874774	9.46160119906033	1
X2899924	21.2982210499014	-2.04619212994433	12.8381721264201	4.49427400103613	1
X2899925	15.6157910089136	-2.33210869943099	20.1176798341442	2.73349157527913	1
X2899926	23.9372304820955	-0.31668255991173	28.2946166953876	0.900646126014506	1
X2899927	-25.6932172871957	-1.34823147085954	-19.331073468851	-0.805700596303344	1
X2899928	1.63462986364144	0.687738036157643	2.93208107602096	2.10752711914812	1
X2899929	-12.7453411424239	-0.785159261654293	-9.84689215352962	-0.884005341003969	1
X2899930	-21.8866106720353	-4.48115088151077	-28.2025067642861	-3.13509713175681	1
X2899931	23.4735734719846	1.02098354407458	16.3821565748051	0.647598364991477	1
X2899932	11.0353196975189	-0.127184685368395	14.8246219026791	1.30506404148636	1
X2899933	17.3376194949678	-0.85838592482249	19.0901490094373	-3.28278536880896	1
X2899934	-7.08656023331343	0.278878046266907	-17.3063202794243	0.4222328527707	1
X2899935	8.35203181095746	-0.886797820765901	3.81820205009114	-5.72283103540751	1
X2899936	15.527997379131	0.0175273848028609	16.361973732122	4.24873520135502	1
X2899937	22.0421085094718	-0.544908867293945	14.9166220002754	-2.26340800570819	1
X2899938	1.96310201957718	1.74392923515542	14.52530888768	-3.41833739802792	1
X2899939	-10.8997486077778	-3.66252439443659	4.41703707738172	-3.11619492889134	1
X2899940	27.9826260862351	-0.406318708558285	39.3068877605983	-1.43280506327684	1
X2899941	14.4607265218096	1.80655714482125	25.8908132057349	-1.45188560903265	1
X2899942	-20.0276878796956	0.949059810245812	-18.5295661689189	-1.56587425113796	1
X2899943	-40.7382299477096	-1.17707471889851	-30.1338231489464	0.565635751006278	1
X2899944	0.144404372255075	0.25357675217553	10.8705770936672	-1.83794829049234	1
X2899945	14.4363466360187	2.41525838101917	13.3657799735632	2.78903410138761	1
X2899946	-24.156592944039	-0.678026219713677	-16.1262036525442	-0.211633841234115	1
X2899947	-8.29624876639687	1.93789342257267	-5.06045249834317	2.24719622036349	1
X2899948	37.4737542212603	1.3777390579443	28.7294204464876	-2.77518491064857	1
X2899949	-10.2792896546362	-1.47671304742128	-14.4342984987225	-1.97153436581679	1
X2899950	10.1135302806216	0.988661235829738	1.49465060280577	-2.42248461404701	1
X2899951	-31.8479955180175	-1.08896559099023	-29.089204422749	-0.352821516067689	1
X2899952	8.57838257809814	-0.0412223315814606	-3.22448701563337	-0.339326065755754	1
X2899953	1.74861637514927	-0.0601918212306575	4.18797718326599	-5.11721258459921	1
X2899954	8.67987639347194	0.827247010861391	27.6897912224205	-0.764836082017919	1
X2899955	41.0853251201728	0.710663177854895	26.575562202753	4.19807903188999	1
X2899956	14.1416695604376	0.683969306103774	23.0226958504269	0.309003937661978	1
X2899957	8.78672350296548	1.78008928100354	3.39602693173449	4.26478311218396	1
X2899958	1.22666738046717	-0.118072947144846	-3.20836816036618	1.8949599425721	1
X2899959	9.06707827839954	0.658042207694097	2.55442218070273	-4.46993458773085	1
X2899960	8.20883118970885	0.0669314173485893	4.04707759647696	3.34768059472181	1
X2899961	13.0247292022895	2.00690000481353	2.36480740959479	12.1763789184404	1
X2899962	-15.0590691658336	-2.51960769561122	-0.194300273943664	-6.52592129947658	1
X2899963	12.5940338055282	2.38365924976009	16.7121992509299	6.00507144307032	1
X2899964	-6.90865318427832	-0.0163765518441643	-14.5217580454751	3.21410305059694	1
X2899965	2.50253126243351	-2.76613333806261	4.87875688194683	-5.7081589944796	1
X2899966	33.2369517678005	1.73198611614552	25.3881072849702	2.63059694029757	1
X2899967	1.80181983051905	2.01738927751497	-11.8817262923537	9.65744899632376	1
X2899968	7.57770480366414	-0.27677796125342	-16.7616973015394	1.1480720940435	1
X2899969	6.03394350084536	-1.87674944974762	13.6606152490186	0.572235967760767	1
X2899970	-14.0203691817571	0.30162518800028	-8.79266089660619	-4.88221658878639	1
X2899971	-7.08154806987909	0.346218158182624	-5.91163107490872	-2.26598102942627	1
X2899972	-16.2362606347291	-1.80877834807356	-24.3002369769139	-1.35916194381636	1
X2899973	12.1098023970495	1.27830540612154	19.6432048707685	3.27995848994604	1
X2899974	17.0037239507113	2.56900920180318	2.63241542305799	11.2976599879467	1
X2899975	-23.031121405517	0.975169733899653	-10.806617452438	-15.1944983965714	1
X2899976	23.1800083792084	1.5309714166237	29.5583467927433	0.363056714883727	1
X2899977	-0.0455893594314114	1.36946393037741	2.43865822087496	-3.87802431163951	1
X2899978	1.86568001451177	-0.179609516115255	-18.97439051164	8.78298301107906	1
X2899979	-9.09001377280558	2.14751899569823	-5.68362166490889	-2.02601503251186	1
X2899980	0.38140243299795	3.18149883131405	-2.88818420289191	1.62945409348775	1
X2899981	-18.1269423811015	0.422475419701796	-13.7415085941433	0.595258599795768	1
X2899982	6.6486223445566	1.83639425513066	2.3695989870459	-1.27042709805971	1
X2899983	-10.6618249917316	-1.31322254936478	-1.69283415132038	-2.54621611023493	1
X2899984	9.66019632377335	1.47228360532759	10.0753588938849	-6.78297646252856	1
X2899985	13.4033458829576	3.5532646481143	-5.10256745136792	-0.348146783229894	1
X2899986	14.9913685278113	-1.34505161163588	26.6108153629255	-9.40405202990341	1
X2899987	-38.0411283898683	2.64541080969558	-35.8837179865812	0.393855388576494	1
X2899988	-27.2869235107103	-1.51146189098917	-17.3391445465173	0.205000673416391	1
X2899989	-52.1663445230777	-4.02623260264942	-33.2276259867741	-2.88146539514812	1
X2899990	20.4701029462817	1.72800036725856	20.8405084881787	-7.09047393696744	1
X2899991	1.28544524341482	1.46702778332998	-21.9337818822385	3.42075498142958	1
X2899992	17.1189714621546	-1.16515136612478	16.3894628798117	-3.11928399825698	1
X2899993	3.02350602274832	0.224109108220483	13.9035779442961	-2.07226180863105	1
X2899994	32.1816478265757	-0.325644233772726	33.4674057295634	-4.47553759473914	1
X2899995	23.4022023852149	0.505298930773469	39.1102043196002	-12.4309325469757	1
X2899996	32.0974435374728	0.283214514463738	43.147952971282	-4.81221293327635	1
X2899997	-5.52861985454626	1.78137532556739	6.1138158011929	1.05501048235323	1
X2899998	46.0391591702554	0.786085948893039	44.9321977502392	-8.09524007130305	1
X2899999	37.5171891794849	-0.954847952296923	62.5453818743713	-7.67487068067419	1
X2900000	-16.2775152858256	2.01411806192017	4.39336670464269	-2.53508067493792	1
X2900001	-8.51446906605201	2.19281761820063	-8.81783310391243	-2.7476964170681	1
X2900002	20.0736372594858	-1.74500498822198	31.8697065310363	-15.5996359225389	1
X2900003	38.3972019691243	-0.333314696160896	31.979044002406	-10.1509791949233	1
X2900004	15.2062558860524	0.299773817629763	11.5943158594148	-3.50039797838817	1
X2900005	41.0047559862543	-0.533110995150721	43.1664779040155	-12.5937805656465	1
X2900006	38.9335789285328	1.50968106663545	49.5639635415819	-6.36400296179603	1
X2900007	8.63269951905502	-1.69525979919336	28.9163229685497	-7.97698796634039	1
X2900008	31.0773365818903	1.29741025360756	9.94421907515738	11.1784116520995	1
X2900009	-21.0220765872884	1.1354463829697	-9.34797514941791	-1.56169136683558	1
X2900010	21.5426915114507	-1.35520626565937	25.9134296376017	-11.6460178954603	1
X2900011	15.4986025362688	1.03229650839613	13.1555464127095	1.99814783009552	1
X2900012	23.3458839159649	0.826595748702153	21.931808039508	-3.23624931498214	1
X2900013	-16.4630356304338	0.485252080716491	-9.03459244010798	0.213541150025829	1
X2900014	42.7561150402267	2.36127029011083	60.2556405194768	-8.81271724482646	1
X2900015	-7.97755284612327	0.624510170508623	-16.5021698773171	0.705950386983101	1
X2900016	11.7619922273111	0.0029752651236673	17.4118977380753	-4.433220236793	1
X2900017	14.7478158169509	0.839433505694295	19.7732773899015	4.58311851604254	1
X2900018	9.45426383723613	0.296632692617352	23.2093764969354	-2.11480550691917	1
X2900019	-5.83434344405481	-0.96614011401732	0.717126100221618	-8.90283382348037	1
X2900020	-7.48846365728634	0.964500573127814	-20.1853948804126	6.14466483596595	1
X2900021	29.1573955758774	-1.5446448523715	33.5021692502215	-0.212052639790691	1
X2900022	-0.665559918106754	2.22566155302632	2.06883617426727	2.92296201941551	1
X2900023	-23.602852729853	-2.98229041322853	-20.0068191004976	-6.80921705350534	1
X2900024	45.9204475252279	-0.767574417808954	45.1675481989933	-3.55019076287063	1
X2900025	9.78336425041486	1.02292610712798	7.14151167661785	8.38289873647781	1
X2900026	20.8960726185751	-0.268276732767592	22.9196330169672	5.87748116181439	1
X2900027	16.5342887477767	-2.45895170770617	24.5355816725639	-7.20197921234338	1
X2900028	21.7215309393321	-3.67264803319902	38.7522773113238	-15.0259389265023	1
X2900029	8.88161608479293	-2.91896134262344	20.756130524904	-10.3216924749576	1
X2900030	12.5064983785469	-2.08313654785847	22.1741954832453	-9.33277048661446	1
X2900031	-1.56775021684244	-3.207491631004	-4.47031978922648	2.06143191853401	1
X2900032	-19.4208222835426	-2.72377298954516	1.29621221509985	-11.8668248391984	1
X2900033	15.8705093606212	-2.77760770541711	33.3261639911432	-13.6416034133105	1
X2900034	-13.6936446519448	-1.19588555185437	-4.03983803715557	-3.53938288304134	1
X2900035	30.6175905185586	-3.63560448273014	40.3764690821884	-10.5462877753692	1
X2900036	-0.297369677676941	-2.50295105159504	28.6325395927022	-12.7696747322197	1
X2900037	-4.40739958986852	-3.2241080561745	6.29278696759923	-9.36873874096354	1
X2900038	20.2411062202181	-1.63655186673056	41.0790271528921	-24.0578650487124	1
X2900039	-8.54884167509351	-2.76921887803331	6.50078638557396	-12.9462810466494	1
X2900040	18.2567861067088	-2.4147804978036	32.0076796295626	-7.72910116372837	1
X2900041	-18.0223189782476	-4.16332046428288	-6.04993139455103	-15.3984447846661	1
X2900042	-23.130037554416	-5.99191564247483	-11.5354857630551	-13.6508010262845	1
X2900043	1.37665246000924	-2.54045953730282	10.6971663512711	-2.38128572165189	1
X2900044	4.11412763688096	-3.2687957631585	21.3326217255051	-4.18955975126645	1
X2900045	-16.8995499039735	-1.15841493623834	-14.863291628278	-6.35171189668266	1
X2900046	-29.2747614335547	-3.41173301616749	-15.9673318228398	-17.3987562703105	1
X2900047	-20.508557701462	-3.24569222362523	-14.1252301836968	-2.54283389693252	1
X2900048	-10.9015981740495	-4.77891455681795	10.0388345916965	-12.0728227546885	1
X2900049	-10.9818074997024	0.513858817300306	-10.883516062489	0.346483156155881	1
X2900050	2.10003383180127	-0.846771703285301	-10.7137697608059	-0.485754884444961	1
X2900051	-10.6898878903071	-0.116692534973772	-5.9055914442623	-2.36002468147231	1
X2900052	13.4979854177797	0.561364552670169	16.0021155132516	-3.35109834508138	1
X2900053	-0.774783407612942	-2.93487731747036	4.93873050624116	4.20751305778808	1
X2900054	-13.2229497457851	2.606297292417	-23.262877641749	5.43690773892646	1
X2900055	15.2285384694152	1.91791431118702	8.23199903939608	3.8195944148223	1
X2900056	-23.8992580859743	2.67213444027082	-20.0249517217362	4.83624134403428	1
X2900057	-0.441944872939179	2.99004781961432	-16.7353083175068	11.7238269191191	1
X2900058	7.88644665061274	1.21677150241834	2.21541690505256	8.36007209893533	1
X2900059	5.25556561125508	0.745004190242609	-11.4095069150313	14.3924092611277	1
X2900060	-28.6174827749019	2.32642493930377	-37.2527522067009	6.24556118200414	1
X2900061	0.345912993276437	1.9682673138638	-20.0233784488226	17.3739470481764	1
X2900062	-7.72038400217455	2.88972322118086	-19.6053599270665	4.8916769249244	1
X2900063	-12.0345333002404	4.25730492881409	-31.3156385157387	10.5097284428922	1
X2900064	8.04095504890483	-0.158302679701567	5.97414076090952	-1.69344714903269	1
X2900065	3.22119882670562	0.267229602868303	18.9435443244276	-0.780072341355452	1
X2900066	0.535594764443118	-0.351559216481158	15.2233255414219	-3.38010176204927	1
X2900067	0.76646515665151	0.947246334161207	-8.1890501256975	-1.96318649935956	1
X2900068	8.13013018344407	1.47684966656091	7.12154299295802	4.87031172340866	1
X2900069	26.3808633045975	0.135654749059974	19.1901720548483	3.45888506720678	1
X2900070	-2.15307294021356	-3.4179817460132	18.2894622746484	-8.01185971631109	1
X2900071	8.54310150871132	1.8207897307562	12.7117020085201	3.42501434348794	1
X2900072	14.6281080226167	-2.10523398367007	19.3804964973636	-9.11188267901674	1
X2900073	-3.39579928084839	-3.50789893446032	22.6424561894084	-14.2961960542204	1
X2900074	2.39404755015776	1.30391469727437	16.6524188680317	1.79173624282952	1
X2900075	-51.3047470997131	-3.6995533310951	-15.4323015941579	-8.07720443598929	1
X2900076	-17.4332776242734	-4.03325014825219	-26.6926356685434	-3.22172888626141	1
X2900077	-33.4302555398474	-3.69254868515135	-16.9658637643572	-1.77383251286914	1
X2900078	-34.4434325214065	0.969458439545542	-25.7746691825719	2.80206504708261	1
X2900079	-20.6517443094529	0.569732537035101	-12.8422311329307	2.12370956735533	1
X2900080	-3.41189051957973	-0.033969801739586	-7.78291569445585	3.61227697814637	1
X2900081	15.7178982141359	-0.569295315403612	9.7336842419388	10.540943039711	1
X2900082	-1.73196706418029	-2.3246263807945	1.32390476173918	1.09051036589659	1
X2900083	-3.72040345273843	0.716428862686842	-4.73137450858243	7.66038881400083	1
X2900084	28.4671291390989	2.25355862233259	13.4229076904575	7.22399083160054	1
X2900085	13.6769372119976	0.482620315460471	18.6899419734572	5.39945478008046	1
X2900086	10.0782899344383	-2.24645255624888	-4.1736649867687	2.27752520744333	1
X2900087	23.4889197916914	3.56936164468629	-5.62908786373597	9.08227160220352	1
X2900088	-9.91477999995259	-1.42073374323715	3.63684101047022	-8.0839459189284	1
X2900089	-16.800655725737	1.50631887452564	-19.5107520965006	9.17015634436029	1
X2900090	17.4294852437486	0.64473248780313	29.0418314477805	-3.51679063991577	1
X2900091	16.5730403068841	3.56916519003794	-2.90699502397943	14.0337943111006	1
X2900092	-1.49820403701325	3.91746987109186	-12.720026746409	12.1228295725895	1
X2900093	-24.4279210284542	-2.08029119495873	-40.7768513642778	-1.80072364376518	1
X2900094	8.59497794251506	2.23071623960648	-7.94902604643828	10.3092030541436	1
X2900095	-17.6974472506938	1.1296868033305	-37.7069711322705	12.62034157639	1
X2900096	-3.7183828129287	-0.603880735900364	6.45418272967205	5.74020546462501	1
X2900097	14.5227936892242	-1.27498034859174	9.00869866870741	7.12871865242522	1
X2900098	-2.55080365343559	-2.60320204888636	7.76902131886914	3.76423247745523	1
X2900099	20.3682101980598	3.26190754712467	-5.79560866288846	12.1769345784019	1
X2900100	25.5050749173908	2.34234908196663	28.8394677211434	14.353753954842	1
X2900101	-1.64411868240792	0.788752718490233	-22.9849038680571	9.01945630644115	1
X2900102	10.5235730679102	2.09403349893537	4.04020288922111	9.25271587936243	1
X2900103	-3.27460343905575	3.19956929861477	-12.0991883245888	5.96548848691729	1
X2900104	3.98899476363228	0.877500627159106	-6.70702875376234	0.201247006045392	1
X2900105	34.0904158953868	2.14932888037564	26.864430607654	6.24709752993412	1
X2900106	18.813316041315	1.04224631339655	-1.87325271506485	0.54968751399419	1
X2900107	-31.3060546289211	-2.0409444233409	-17.4999078540238	2.9486083767692	1
X2900108	-10.0572731378071	-2.94984047072365	-6.10820157717575	-2.60909989659797	1
X2900109	-12.6958370138826	-0.89092893335994	-40.8419175243287	-7.52195360853436	1
X2900110	-23.6369054492979	-0.875932793082621	-10.1087466802645	-9.1164168359027	1
X2900111	6.48308452389496	-0.131509730874398	-1.32274872062735	10.4684117777592	1
X2900112	-5.98934228924076	-3.46032588205193	-11.9921531589787	-2.00484356538842	1
X2900113	23.1749634280482	-0.581319823381378	15.7885016231936	-3.1296805948128	1
X2900114	4.06020143166063	1.2715737817851	3.76525923654028	0.475386300783224	1
X2900115	-43.8390277380188	-3.18899843824144	-28.6643555439641	-5.21666618642508	1
X2900116	-12.307887843761	-1.79829577292309	-1.51302402233623	-5.85754125295383	1
X2900117	20.4639752247112	2.11541639803313	13.544683224089	-1.42297639939636	1
X2900118	-46.0090534677869	-3.39320449063615	-28.3317580738945	-10.2610142867137	1
X2900119	-34.8053601351819	-1.313938864435	-15.0350951098357	-5.0882460909289	1
X2900120	-42.0712120958182	-1.25428690758757	-26.5933000531692	-6.88647098000812	1
X2900121	13.1975935833969	-1.78183375262635	2.15852747959078	2.55585612015713	1
X2900122	-36.7133061771556	-0.137906458741532	-26.9684567249988	5.46299789624953	1
X2900123	4.65446586616185	-2.12132112912169	-3.1902788371322	-3.21126824582818	1
X2900124	-24.0218810673081	1.47619061325566	-14.5950066258221	0.834053892292934	1
X2900125	39.916600355607	-0.91439074659767	16.2173703670667	12.3456313028701	1
X2900126	-11.5997733464406	-1.66621518487502	-17.4636709584801	7.20262908975458	1
X2900127	-6.77319117768084	-1.65430920950997	15.3627171085748	-8.49490565454128	1
X2900128	40.9986595318913	-3.07183664286753	41.5648226212576	-2.24061230070285	1
X2900129	-2.84190429871778	-0.509837814428616	-5.91588506952215	1.84996977539401	1
X2900130	-11.568081312263	0.18130273181779	-13.8571622283612	5.77308677592801	1
X2900131	28.1238711094009	-0.0623988236906309	18.9665472400227	6.23332980189156	1
X2900132	35.6756587587285	0.993321691174583	27.0021381470432	3.12475632261126	1
X2900133	10.9538422243998	0.635990063388568	11.1120654752397	-0.988902436030675	1
X2900134	-37.4250592987465	1.19215385860369	-46.4962861175241	0.231793120931439	1
X2900135	-0.540658747898863	-0.357168876608894	-17.9879120972586	16.37334040547	1
X2900136	-28.4853607857955	-1.74853691939623	-16.806681081973	-8.47703626888378	1
X2900137	-21.4155006291174	-0.081177900141172	-30.1949379786771	10.8872705636435	1
X2900138	-32.4201231223834	1.34383862984275	-32.8745388238872	1.4208211231718	1
X2900139	-13.8139201268457	-0.666652327716557	-0.0854703411729187	-0.382786594343043	1
X2900140	-6.1015431629095	-2.45559490135472	12.4076249373711	0.907947068118436	1
X2900141	2.69143445069963	0.907992270498811	-0.0758605430110659	7.90258371390784	1
X2900142	5.97349691039089	2.86175612148575	-19.1376711315653	12.4098968851566	1
X2900143	14.7336420563268	3.28006660405277	-8.14204264260888	16.4401915681718	1
X2900144	9.10884689270012	-3.4327600759462	5.41033878900707	-2.51173130013179	1
X2900145	17.2758974650691	2.77428208946408	5.25212570181515	12.7719151617091	1
X2900146	30.1373794280881	2.60562674904876	25.9749349685061	10.6609476548362	1
X2900147	29.7941783775538	2.1503945933242	9.68333933331605	11.4167688294148	1
X2900148	4.36038106355907	1.11761169040756	-8.23840364236635	5.46060010452967	1
X2900149	-2.06662494782313	1.38905430971232	-3.43055324382048	3.04359256157222	1
X2900150	14.8739819125571	3.57232250902251	-10.0567944054057	14.0650450188324	1
X2900151	17.8982287035229	3.06846301304694	-10.1118135126005	15.6256707440083	1
X2900152	-15.2674620289174	0.717556782300985	-17.1904973468851	7.11792423662712	1
X2900153	4.62612996661817	2.92803933689905	0.403526080304905	8.55557823499406	1
X2900154	5.3939068193554	0.957354460707974	2.04242123212555	-0.434068630555055	1
X2900155	-32.771286592257	-1.20983846318681	-15.5167224076104	8.54507067142969	1
X2900156	-12.1084940631088	1.27753905447717	-9.78215128530597	-5.17086884916339	1
X2900157	-8.95078690310716	1.32440351271043	-20.337720471333	8.91184566503846	1
X2900158	-12.3024564646639	2.80285154886321	-17.7903376104979	7.73464296584499	1
X2900159	24.2612576522336	-1.73875723360099	36.390882553955	-1.87815750734126	1
X2900160	20.2828557918916	1.43634837651872	1.22658044338608	3.53732217434705	1
X2900161	4.13734474993269	-1.72297395313192	15.4779865978795	-7.78984091840506	1
X2900162	12.5705772526089	0.897237370001796	12.0915237201021	-0.642463342721877	1
X2900163	17.5185209193269	0.230390537114208	19.6480436479926	4.18890420661265	1
X2900164	10.6938668451553	0.246752087971685	7.72300876532681	2.85097248175069	1
X2900165	5.53664536545937	0.746260725724716	2.34705838848246	2.10634524887678	1
X2900166	-39.7160362577683	-2.15238452224085	-36.1154008319862	-10.4371322068756	1
X2900167	-21.5056912155034	-2.72529832134936	-15.4421128506422	-0.114677976495988	1
X2900168	-12.0560255678777	-2.2444121772138	0.297492928588797	3.71629071932518	1
X2900169	15.7163864230684	0.87827857908274	-7.02214812491482	4.70116393160621	1
X2900170	-22.9439646928782	-0.017212425062539	-10.9530064529232	0.718159991278275	1
X2900171	-8.69154659505282	0.0024220101931044	-23.0630180535378	3.07850118550942	1
X2900172	33.2776126596072	-1.29221914735998	26.7068458798568	-9.6322016498565	1
X2900173	16.9867751861027	-0.820669845025173	4.34544746776096	-2.09522729310538	1
X2900174	-0.157020054111723	0.134140660149162	1.44256921764966	-1.07035530393497	1
X2900175	10.9823775265036	-1.77097529862995	17.3742926498298	-9.71641857952723	1
X2900176	4.29413907233273	-3.64207299690567	20.2271123489606	-7.8838534952931	1
X2900177	13.8064203609416	1.6171159887413	17.6406156324239	-0.31480521055074	1
X2900178	-24.5424547350398	-3.20950631038826	-15.469899772877	2.56446708998661	1
X2900179	14.1494256267131	-0.259384043147236	39.8410478468883	-12.5675636395774	1
X2900180	-0.368286052136208	1.01387303909902	4.83279813645123	-2.7038323701394	1
X2900181	-13.0854849640307	0.227905823874526	-7.9209616150077	-6.62152667722519	1
X2900182	-12.125017583891	-2.96661398792528	4.26615680951102	-7.39027003830464	1
X2900183	-28.7478770993444	-2.00575668271737	-1.40275013239784	-3.04737318714624	1
X2900184	24.877453542986	1.23177132412626	22.9497375059195	-2.6176784224428	1
X2900185	-9.43573655081919	-0.517270469591679	-10.957629757627	-4.70250722280017	1
X2900186	12.7302753038242	-0.76037799822347	20.9526541075985	-15.5997600854473	1
X2900187	-7.22364440077311	0.0333746951439656	13.6101144255126	-6.35913919744289	1
X2900188	-1.44514631520285	0.807495391996919	5.67145241517942	-1.28878470475222	1
X2900189	17.6989000423892	-2.36190038043799	7.23118712001739	-6.67691711242703	1
X2900190	22.9565120806916	1.85765591940949	18.5735687063573	-0.229796782383103	1
X2900191	0.365891230978896	1.39123884004661	7.12269206898289	-3.66322897263249	1
X2900192	24.9473745775874	-0.875837295886686	29.7795792940247	-7.14078997266982	1
X2900193	-1.79264518862783	0.612235982398589	14.8864805026154	-3.36601714026328	1
X2900194	-21.6595969940398	1.18184904156129	-31.5520779881784	-0.389021309634001	1
X2900195	3.7793188996188	-2.55521859745556	17.1185996718032	-7.19921346997074	1
X2900196	-33.1736840029032	-2.86747237590759	-35.7913603524265	-11.2906366208727	1
X2900197	-12.7820450058492	-0.538731543554493	-19.1938237609121	-3.43393018131476	1
X2900198	16.6196539657083	1.49809738661504	10.1598802724459	3.3064756570411	1
X2900199	5.29356229982382	-1.74961323806669	6.37688370971518	6.88978087219552	1
X2900200	9.96497142463428	1.76457377275769	14.5105740988011	1.03911623681848	1
X2900201	8.76903652955435	-1.89242817330727	18.2486856524399	0.109967353404175	1
X2900202	7.18396186022878	-4.55673288478908	26.960068748149	-7.65330174337458	1
X2900203	4.73077985692721	0.674087459058654	14.8361809157412	-1.67774308004434	1
X2900204	31.3282846760679	0.727596762315238	14.2878718597374	4.52433791839439	1
X2900205	2.60302624273552	1.74464212801161	7.98899081338234	-0.518449190797888	1
X2900206	29.079666255116	1.35924792747906	20.0919098256047	-5.21520036852307	1
X2900207	-17.6248216076559	0.540164867772313	-15.6821937002659	3.97162913409475	1
X2900208	26.4535081325375	0.203699385418614	39.2127418953782	-11.6677216554034	1
X2900209	-35.788948494054	-0.0630053825897176	-22.0368403756151	0.0796958585126473	1
X2900210	-6.21498855669772	-2.52959792423936	-7.91524752799599	-1.83281031925621	1
X2900211	-2.11110075070761	-0.714229028073095	-4.53545204348312	-2.12306434468813	1
X2900212	-0.156035766734712	0.629110893974542	-0.803567523516748	5.83465571252117	1
X2900213	13.7469862370258	0.227984626573098	7.1656853450072	1.90741425727004	1
X2900214	5.27535167797849	-0.649010292489598	-4.88830923239532	-3.05302542564254	1
X2900215	2.67224395200116	1.49535702054724	-0.701692229477556	8.79289626321379	1
X2900216	9.61482682512015	-1.44473628213438	15.3850637951523	-2.20265608289813	1
X2900217	-6.87927097147806	0.103883669229892	4.92545058626078	6.3171568234157	1
X2900218	12.1173071800631	-0.486003784907128	-0.00901665699751142	-0.264825046512501	1
X2900219	-11.1870118892155	1.33970918197414	-25.1133959038128	2.62214137588555	1
X2900220	-30.733392471731	-0.0271257428316619	-14.7134208372686	3.4048563165997	1
X2900221	40.6211545219915	0.764634292821719	27.2590773653077	0.980714041912381	1
X2900222	-17.781965791292	1.23362590750931	-16.1636375003541	5.97830057127822	1
X2900223	-19.6581714462375	2.16904913125659	-23.084136676467	1.59399654429276	1
X2900224	-20.8636348822946	-1.23246030543269	-11.9302954788578	-6.61355650236704	1
X2900225	14.7850065852799	-0.193260998052814	20.0572132468107	-15.356549361168	1
X2900226	-10.5221653394209	-0.314040460932109	0.826664834129312	-5.46419575044996	1
X2900227	-3.16869129699588	-3.15585378270992	3.61201245058233	-2.59654450209835	1
X2900228	-37.073712851487	-2.13940323382985	-23.0835094564182	-11.2723589422107	1
X2900229	-8.20469653640375	0.889485957030243	-12.9672986018828	-8.32890964601283	1
X2900230	-12.4236700451144	0.00962251842283301	3.30517404787127	-6.01234399759686	1
X2900231	-9.18860636856525	0.357834673131704	-6.89924565929349	-3.80042378033751	1
X2900232	-18.9482332764597	0.538712083032189	-7.79798387839189	-8.53077908563332	1
X2900233	-52.0006838975997	0.143364091168367	-48.698601041992	1.39145861326506	1
X2900234	-11.7598858320883	-0.38985266680704	-10.6252176156547	2.05831991711341	1
X2900235	-37.2277099532533	0.875327332697986	-27.9610969150517	-4.35066382839643	1
X2900236	-25.8524273764273	0.968092522450002	-36.6393778305475	-3.77517607481413	1
X2900237	-12.4754478990431	3.23189456859126	-24.2989102289932	5.32351316071935	1
X2900238	-24.4380768922135	1.05666205613766	-31.3923326983402	3.75479912544131	1
X2900239	-18.6816637006167	2.08470403372522	-31.215183225936	7.22045554261986	1
X2900240	-18.3413029738139	-1.71351609967198	-21.8432139352836	-0.652671004206552	1
X2900241	-33.8051709423683	0.948350272738395	-27.6796570301861	0.640137326900314	1
X2900242	-11.3628876945425	1.44135730926012	4.79336931809662	-6.32344859602311	1
X2900243	-29.9712748961156	5.43031745905731	-45.6188974830644	-2.18298882600147	1
X2900244	-20.1757214789998	0.400524133856759	-24.8536582247333	0.818068271633822	1
X2900245	13.5947192980596	-1.74262733317998	17.6767930457967	6.70790507102048	1
X2900246	-0.245455979127678	3.88509157972677	3.05861076796742	2.38362085355289	1
X2900247	23.7800430141416	-1.06153163759505	44.1849085487987	-5.24609062851556	1
X2900248	21.0194708177898	0.0110219912770878	11.9250811498659	5.42001156659741	1
X2900249	-5.96877345967027	0.504405845948103	-17.7100097111128	6.50780315486047	1
X2900250	26.750702855881	0.858986077826237	1.66689278119531	6.74815047176959	1
X2900251	-2.06269346166498	-0.0558298387882853	-7.20621314051816	5.61008799224208	1
X2900252	16.3690324950616	-1.32085085162643	-1.0632991769783	13.0487854405605	1
X2900253	-21.4632155450404	1.20575411837841	-14.1906585405083	2.1724478478409	1
X2900254	-5.78950509986755	-0.0580264536147224	-5.84143665701971	3.7762125556782	1
X2900255	2.08858380238627	-3.1540011637635	6.61738837133204	-0.497523326272551	1
X2900256	-4.51459928433419	1.21583966609166	-15.5046872782449	1.26743864808689	1
X2900257	9.85030264647898	-0.381548976491528	-13.7910847728801	5.9744494675961	1
X2900258	20.0279278284919	0.639542703177421	7.64663623721026	5.82148061181022	1
X2900259	7.43727603771413	-0.483667180779631	0.129187739314086	3.55890515905529	1
X2900260	10.1147577936057	2.6365235338156	-21.2812126934392	3.37817116656734	1
X2900261	-12.2565318184992	1.39214839803373	-10.0528977712055	3.11338366074385	1
X2900262	0.0894152966535282	-1.1567461039513	8.04833049304876	-3.97890739583946	1
X2900263	-12.8964471450176	0.0850172102091334	-2.84668443288579	1.2434233423284	1
X2900264	-21.9819676459122	1.2893774187428	-33.136612085737	-0.74958552549097	1
X2900265	0.267471507662131	0.261491593342514	3.56918992519163	-2.47537602719911	1
X2900266	-15.8404135821063	0.35795910365536	-20.9836633490532	-1.87435205625722	1
X2900267	-13.4364307906058	0.554812796235334	-17.0088765318165	0.735868138930937	1
X2900268	2.05967421447429	-3.3688331086222	17.3963901120341	-6.61240503682743	1
X2900269	-0.19871051233079	-0.902284231539154	6.52075714090656	3.64051742309222	1
X2900270	25.0892591746385	-0.394688904526404	28.1469508626804	-1.62443499702579	1
X2900271	22.2748568214684	0.857241199721318	39.6590672264153	-3.34509932536852	1
X2900272	-4.24798485295711	0.645247788881297	3.67438396326117	-2.93377422604295	1
X2900273	6.92230610495456	1.68712541646234	-7.93892887040263	-3.81169473916356	1
X2900274	-3.76421871830338	-0.871519715717346	-5.61178484216385	-4.41158233979458	1
X2900275	-2.480700490059	-1.11189939834548	18.9352116496526	1.78594673766054	1
X2900276	-11.6198528711365	-0.758930119892896	-1.30938418794031	-5.59966319544759	1
X2900277	-16.4797179922488	-0.492042599885653	-27.6644160037866	4.29591110438865	1
X2900278	-9.84152295330906	0.225660437045065	-6.73234119391537	-3.97289736837081	1
X2900279	1.09039784455466	-1.99361650239679	31.4526460714464	-3.07000687114033	1
X2900280	-14.5454998677684	1.05470314088943	-24.3771496164568	0.349787876297805	1
X2900281	-14.7287404015109	1.70062455707897	-13.5780141854881	-2.14916445732984	1
X2900282	-39.4318383017938	1.61506585761215	-28.5471241566038	-3.7850659571185	1
X2900283	-18.1637573855081	-0.363139654873771	-4.16423255749826	-5.74205752829291	1
X2900284	17.497086726385	0.514471711896415	23.927983548796	-4.8538902476991	1
X2900285	-15.6320046560349	1.22190004246257	-23.0375014453408	-1.11254971726978	1
X2900286	-29.4317940117113	-3.19705100970683	-21.3189431653877	-7.85392364617007	1
X2900287	6.55563708993092	-1.30961294260512	12.9702862626689	-3.06254038582655	1
X2900288	-0.600096946000333	-1.09022928439766	8.1874220021546	-8.43445677581473	1
X2900289	-22.3869841671076	-0.354602004439083	-20.2496562615978	-3.69811699688193	1
X2900290	-25.6916036186222	-2.65837539053692	-13.8711380849312	-8.23242275842785	1
X2900291	-5.60322400491146	0.625326047788221	-9.20355837532135	-0.163573812277657	1
X2900292	-16.7957452034438	0.393642342420257	-15.6193806755804	-1.78486621922787	1
X2900293	-2.33950414187716	0.876295838316099	11.0429683006956	-6.26883456808183	1
X2900294	-23.193879085943	-0.159815963550771	-6.23085149868565	-5.12535006910682	1
X2900295	17.8228680365444	1.75261071780238	-11.2476689954545	3.56333277820801	1
X2900296	-3.19783603224224	1.17093903172127	-14.1442430866758	-4.17590411735829	1
X2900297	-12.44119873478	2.45391559066804	-5.35175403389708	-7.17952982165811	1
X2900298	-8.86883159042413	3.53875305032367	-23.7159615328848	10.418935068078	1
X2900299	-1.55411380630135	0.733986340119757	-10.0819063613946	-2.6503713189581	1
X2900300	-0.712771605240306	0.749594397011076	11.8975520986362	3.18883400532454	1
X2900301	-2.2407440111144	2.86402987975983	-19.11936243152	13.2212655633288	1
X2900302	-11.3371132299675	3.981798354064	-38.2060864610052	0.00124085317771883	1
X2900303	9.38854403355791	0.978159911528141	-4.6450205649594	3.05945344933935	1
X2900304	33.3956309408596	-1.68171698002676	41.9800108155136	-2.59023332285876	1
X2900305	-15.0109265569417	1.87277665610562	-9.50246660926241	0.975894975304692	1
X2900306	-2.33959946225346	2.45764201002492	4.41458662626862	2.48630406073774	1
X2900307	-8.5315853567438	1.68279757149068	3.3608160965502	-1.7204656666975	1
X2900308	18.1953744942353	-0.644790498407892	18.4902496443678	4.21710496200599	1
X2900309	19.208497209465	-2.81707196083295	50.3049700919025	-7.01507620940532	1
X2900310	7.77527605727404	1.42939205223827	-14.9944864737479	7.75814778289646	1
X2900311	-4.53748389162872	2.55542555860931	-20.6630946165119	0.054639203751933	1
X2900312	-16.6745405541179	2.41574583194234	-10.6929507584417	-4.54637452842408	1
X2900313	-26.754762094961	-0.328661040343387	-16.5420291816753	0.689207539077534	1
X2900314	-5.39450140626636	2.33329312523727	-4.00009285031063	5.97310377343143	1
X2900315	1.81359379918821	0.614213138515619	-1.53147665732759	-3.0691556910107	1
X2900316	-6.79790194377596	1.96023889045034	-2.40679492445467	-1.64578760667414	1
X2900317	-16.965471673401	1.46611992946008	-11.4073144601027	-2.06400585593077	1
X2900318	34.0547226224185	-0.779392464512443	36.8334517288026	-10.3258412951047	1
X2900319	-11.0107098561421	2.42040911030618	-19.3346734480188	-1.99289369350161	1
X2900320	1.76710606444517	1.61946783564068	3.1659109926086	-6.27699058971178	1
X2900321	-7.89498243553395	1.39344251471211	-2.21205960740248	-8.14437574257804	1
X2900322	-8.99705721404499	2.93255546006503	-3.35210986717059	-2.59449572198305	1
X2900323	4.90760482326482	0.27176900788925	10.5015295409814	-4.44113387904131	1
X2900324	42.5101986183334	-3.41001916473641	49.0353818304004	-14.9263661792345	1
X2900325	-21.619681004447	-1.87029611407887	-7.36689537259943	-9.19114432311546	1
X2900326	6.1585867691162	0.515396906829866	6.93304765430883	-1.10092632352304	1
X2900327	4.33881037196643	0.786785825250388	16.0778822000951	-0.428733636643331	1
X2900328	33.3373824220898	-1.70388624082988	30.3775992694121	-1.19215806051684	1
X2900329	-10.4060869278936	1.18049215971231	-4.2210897483391	7.56201784771559	1
X2900330	3.58707258781464	-3.00688955312408	21.7249562082338	-2.85652334627203	1
X2900331	5.69281048280129	0.86392834246055	6.56208038870765	2.00859475775487	1
X2900332	9.47672169364721	-0.629308728079118	7.99471159743342	-3.92035992466337	1
X2900333	14.866692780642	-0.131242169210994	31.5722550829639	-8.48598097683402	1
X2900334	6.35913133741643	-0.0913562615569586	-1.14958795934209	-7.78673145373076	1
X2900335	9.34370542859764	0.381696444812925	11.0427660379622	-1.32050195615747	1
X2900336	18.9101692585516	0.213462665447021	9.29294269298175	5.29314368296691	1
X2900337	26.1165068625703	-2.45698495968135	12.5267602040034	-4.08736616539891	1
X2900338	59.4144887486046	1.190265900778	60.4059153520156	1.02907297503079	1
X2900339	32.5802837663303	2.15541568862046	44.1734007251219	-0.300579643934469	1
X2900340	21.6095484893674	-0.830906834809351	22.7861770127961	-0.786159769882017	1
X2900341	-2.23047362020125	-0.613238390615907	1.40017013743978	4.87639720565099	1
X2900342	2.39621818012158	2.49591020937862	-12.7563956733739	6.42888644531426	1
X2900343	43.3089192991855	0.85676672598759	21.0989057041595	10.8811423547626	1
X2900344	0.840128250356375	-2.70975622356574	15.8865281011476	3.81224794922355	1
X2900345	-2.75319249654593	-0.380866261087581	-6.02641908137966	-4.03172468798561	1
X2900346	1.67322291473087	0.613871939137177	-2.16215062434739	0.870212552398634	1
X2900347	6.30706940762823	1.31612773481815	2.62817435695394	7.35536023083362	1
X2900348	14.9036129227275	3.5300877510178	1.8528201651258	10.2516361048183	1
X2900349	-3.32888483956967	3.05202794009407	-13.302408572437	4.99001882245334	1
X2900350	26.9829354887276	0.419882081366576	1.52718998427544	7.16993232738899	1
X2900351	12.5144933495022	0.30624256160651	3.912908297126	5.56226738028881	1
X2900352	23.3265723098566	2.24108887489461	18.5596399389759	7.17945624482745	1
X2900353	4.61567089076542	-0.731966667550169	2.75416930397282	7.92803379579898	1
X2900354	-22.3781226708853	-2.29568529615515	-9.65752944932999	-4.88356292430263	1
X2900355	-4.57189392960429	2.48344732487083	-12.8181488665379	3.22672859882334	1
X2900356	-4.90594558644124	1.10753218351568	-15.2120513370992	4.8261841191711	1
X2900357	-0.310080603424796	0.780398318353744	2.36907275124281	11.3588845659321	1
X2900358	5.97714987136056	3.71522136280222	-1.56188470834767	10.1167546404817	1
X2900359	-13.1068208113358	2.67123279127141	-19.2693249987751	1.64416761525706	1
X2900360	8.05748562048548	1.44881970575744	-2.98393351868742	10.8030880005867	1
X2900361	-19.0264640081361	-1.02095638042744	-7.08424626236947	6.00450330263083	1
X2900362	-2.02913179718686	-0.853189981746617	16.5536349603541	3.57676787837339	1
X2900363	-19.4927977371104	-1.57278591630481	-27.1617884950451	5.49323453582848	1
X2900364	-12.633017737103	-0.862660991212361	-27.547516458351	1.47120485876547	1
X2900365	-12.4802654188356	0.260778985056164	-29.4989663011987	1.18970277640802	1
X2900366	19.304635560777	-1.29476147127633	15.7440397832352	-1.608456087282	1
X2900367	8.06138520446952	-0.293658693217285	-2.78126385513501	1.35801455409534	1
X2900368	-6.77886532587777	1.12371497661829	-17.2863355739595	15.4940700996221	1
X2900369	31.2746495571557	-1.58260364914701	31.3322000885702	6.01483195732639	1
X2900370	-23.4874797090758	-3.73086338428832	-32.3224926458662	-6.13784184743609	1
X2900371	-32.0992769094412	-5.09339297187277	-16.8916839234445	-2.21190097275927	1
X2900372	-13.1537247692923	-0.510945898724796	-17.9705426585838	4.92304699938084	1
X2900373	-8.29294352291185	0.706649092130688	-20.5199257777779	4.8437540576793	1
X2900374	-15.0798219499225	-1.69397173727445	-4.60679181432917	-1.83947376173817	1
X2900375	-13.3863234305783	-5.04186058595692	-15.9275979016471	-5.13772381497129	1
X2900376	-18.5144515258639	-0.0630173781936902	-29.2493031628521	3.89548568478348	1
X2900377	-0.0647122978595151	-1.60693102244583	2.73186225562957	7.25266463433766	1
X2900378	7.33897006233745	0.134938288604002	-1.03753168966858	5.46044988522275	1
X2900379	43.6039647133011	3.67103995167145	25.8578091882467	9.06248962586447	1
X2900380	-18.6168109357116	-3.42462063482567	-29.6439481805156	1.69207544206769	1
X2900381	1.86712569556794	0.804797785147081	-3.80332621650808	10.5881009795837	1
X2900382	-11.2216271116448	1.02230553741206	-5.62902489437683	7.28360622558439	1
X2900383	21.4452708242878	2.71760823470793	21.0207153809257	9.88998827616961	1
X2900384	-7.920799594788	-0.65931356289828	-7.87835702096777	2.04303512766133	1
X2900385	-13.1106297238825	3.26552078497849	-24.9095036697304	9.17270279552999	1
X2900386	0.665115175920325	-0.169230969700888	2.40467903766496	7.24019817093741	1
X2900387	18.1279507986857	2.80028522493858	-10.6327140302244	11.7883089602212	1
X2900388	28.5356922222282	2.96407776603367	-1.16958748699578	25.2412574228744	1
X2900389	3.45759556455174	-1.78413943563904	0.230793050719904	10.5667639448847	1
X2900390	-30.1212667960933	1.45444264111459	-30.3247344397619	16.9308378530547	1
X2900391	-14.8025971385409	0.984085141645838	-21.8451250135175	5.63138188758359	1
X2900392	25.4108119885805	0.498483339530312	14.7767837501653	-0.316593148348971	1
X2900393	15.9167330828074	0.575163497620699	15.6656014647529	-0.778952859335047	1
X2900394	3.07535819149956	0.43732833433558	-5.57023677147292	2.93324992208917	1
X2900395	1.03672446098575	-2.0675892463284	2.79932284021945	0.533397724825448	1
X2900396	-14.8626413651483	-4.03861846583171	0.85842326752732	-7.38713515510171	1
X2900397	-3.91099907394845	-0.364473456128998	1.27771035273794	-2.50894215684257	1
X2900398	-32.2966315899559	-1.23910168573151	-21.6228367588182	-8.69606333532404	1
X2900399	-1.80650711524348	-3.81881155579611	1.9892475013012	-7.49821277407485	1
X2900400	-27.2085178011089	-0.346438943233881	-30.0612273954782	4.82700073084558	1
X2900401	-10.1838226190767	0.824029543865481	3.29999072116578	0.162862088845488	1
X2900402	-4.05306386433934	2.51701739506135	-9.33215535512813	4.31584151345083	1
X2900403	10.9225952828657	0.666149291403596	12.0314993025274	-3.44296492249415	1
X2900404	-6.31180407757952	-1.84919999998722	4.06483058700004	-2.39216991993992	1
X2900405	-2.15076616029151	4.38954054673493	-15.4890651070543	2.06271917109225	1
X2900406	-18.0845778300054	2.38028838439927	-32.5959860468392	4.19274211956714	1
X2900407	-13.0233599802926	0.000212440225136668	-42.7590691342352	3.68906113344803	1
X2900408	-3.1941719758837	2.49037407377501	-11.2362351668227	10.2211518877375	1
X2900409	-26.176903279093	1.36721016086642	-25.4342435003655	1.32376270835667	1
X2900410	7.16112723196655	2.65459028520897	6.53629603617496	-2.51248547930798	1
X2900411	3.88706839615381	3.21685750614572	2.17925452390289	0.61755174062863	1
X2900412	-4.30076148157018	-1.05791676736488	3.82296888575571	-3.71450620357565	1
X2900413	-52.9687761881083	-0.78241443997674	-50.2048287683179	-3.96577815120589	1
X2900414	-24.0248696048855	-1.7167039519871	-6.49011716479182	-1.98932144698742	1
X2900415	-13.4208753297992	-0.131038220537262	-6.38478443451976	-2.17304855341572	1
X2900416	1.55708488384039	-1.59981162184196	-11.7667986456828	5.47219570624911	1
X2900417	-22.9373218967863	2.20617960675265	-12.6573651764704	-4.67030032279189	1
X2900418	9.96424953872316	0.58321025588511	22.9126775058481	-5.66454133071901	1
X2900419	-13.1304202230638	-1.85859624327714	1.85892705620225	-2.34935553563676	1
X2900420	-18.5442101447815	0.555508901773071	-29.3973410231678	-4.44677936265858	1
X2900421	-20.3324905697963	-0.127070387726511	-25.0950717864535	4.60733371207117	1
X2900422	-9.04877396554097	0.130394248409558	-23.935299470496	-1.89853660248664	1
X2900423	-10.6526791992967	-4.17882812481105	0.520609886506569	-11.4389019995637	1
X2900424	-15.7951776210489	-1.43168679514299	-21.1347471212318	2.21273901706562	1
X2900425	-36.669268147251	-1.12361671755861	-27.5973483917744	-4.23093838591984	1
X2900426	8.99597480354098	0.045583415547252	-1.57895709960235	-5.3273073100965	1
X2900427	15.4128065653321	1.11856390617317	27.6458842558509	-10.3052668179295	1
X2900428	4.09331964675857	-2.7247071234528	31.383614185007	-9.80014331730125	1
X2900429	-10.5660624043599	-0.218394050835873	5.13465013487887	-7.57334189590491	1
X2900430	11.7694508744484	1.46778538880015	3.36549454250036	-3.03582052892353	1
X2900431	-3.67368225016592	-4.20331425494329	10.9636670600035	-10.9018783954494	1
X2900432	-17.940702490205	0.638224493699294	-1.81297685196747	0.682965966004256	1
X2900433	5.84876635100085	1.47023865020776	8.59122488406479	0.919835139496531	1
X2900434	4.76614038001267	1.8567773916606	6.82370985043238	-7.89952615584409	1
X2900435	15.3278585294371	2.49448885723128	22.6199276796381	-4.11310687951509	1
X2900436	-17.4863169116496	-0.317852365240663	-10.1424158936316	-1.37293798963055	1
X2900437	-0.610832230190687	-0.229474611555863	-10.9911072382588	4.65392281162252	1
X2900438	-13.3575280290681	-2.92669691002688	-5.4853302655301	-2.80609443706842	1
X2900439	42.101780018762	2.93248252448212	29.4871954555519	10.4309428090078	1
X2900440	6.03512145532329	-0.363740092264569	-6.41718628334111	5.96263290987906	1
X2900441	49.6104848014376	0.149156221858758	42.6318242125956	7.55060778116296	1
X2900442	-8.46278530674872	0.194571076375121	-18.5217346914063	5.86090535015718	1
X2900443	-1.92017788697091	2.02717538235726	-12.6746531769637	8.20112916169285	1
X2900444	-5.41931233948468	-1.41168180114433	12.1265142168316	2.45202631883229	1
X2900445	-12.4076479232055	-3.27484314989927	-0.307165644862175	-0.319494735089681	1
X2900446	17.4217877320396	1.01661758207034	0.0257781656767477	21.4375167935814	1
X2900447	-17.7389327638524	-3.3407995306303	-16.4451034270216	5.62045885879475	1
X2900448	35.2080507893745	2.94875679979709	35.062241659852	10.6044583445195	1
X2900449	24.4993591580232	1.40401279856441	12.0726887659472	1.93188968060043	1
X2900450	-3.53815191391706	1.96755834249567	1.87226878787027	6.06598030161613	1
X2900451	22.4880146750893	1.80178791369241	13.253823176891	12.1956480143208	1
X2900452	19.6157607176379	-3.167882422533	29.287493009331	-5.33533370265003	1
X2900453	-2.02205545436627	-2.27900765329159	-2.81332068490786	2.78688760298758	1
X2900454	0.033699447391272	-2.948192261197	-3.80144181602148	-2.61883325568081	1
X2900455	6.62325202148162	-5.39164278251526	17.9971565251882	-10.1611811963914	1
X2900456	-11.0932353618083	-2.38572073935106	-8.01042641913726	1.23242139322748	1
X2900457	-26.8473464895872	-4.96778347242921	-6.14798330024828	-7.33176551493738	1
X2900458	9.22590691302663	-5.14158045154075	11.5656794934904	-8.30148853836345	1
X2900459	-19.1012559675288	-2.02300767489107	-27.5669558638529	4.57603618832707	1
X2900460	9.15033979202075	-5.2148095921511	9.95682668079291	-4.81269262344942	1
X2900461	-18.9204502707178	-2.08124283712987	-11.3816353411556	1.19802383331092	1
X2900462	-2.91791469398098	-3.07486698179802	-9.30315663731597	-0.702668362311778	1
X2900463	13.7516407561664	-0.190671927886033	27.4714359688375	0.688863776923207	1
X2900464	25.7183445871537	-0.578185508786311	17.7196929097089	1.44224117169878	1
X2900465	4.00055192373258	0.852837113551692	-0.838626698103776	6.92328824952262	1
X2900466	-24.8987142341512	1.47551760775561	-26.4721645132745	2.6959913141576	1
X2900467	-15.6701083632875	-2.66503374938251	-12.5090662351492	-4.58831198194099	1
X2900468	10.7341976476382	-0.833278124531223	-4.01655623315144	18.0023563984012	1
X2900469	-4.01362852012978	-0.398068376523232	-13.982650100915	7.27201605343842	1
X2900470	-28.5423654309599	0.967831520073301	-30.4718539834289	3.19003223270921	1
X2900471	-16.5190075686537	-1.27682127768092	-27.6691530012838	-3.92429487584372	1
X2900472	-24.5473104144834	-4.1379970402941	-17.823019067868	-0.393635062691336	1
X2900473	5.32089296591331	0.732233565228966	-8.95976633379036	-0.146976604032444	1
X2900474	-11.5486581017324	-0.182913756454847	-12.7342893462074	5.41192226259846	1
X2900475	-14.9329178915717	-0.0032471276014473	-22.2404842365261	-4.28855375751984	1
X2900476	-16.9811896049208	-3.05651371453959	-16.4260262953369	-2.06134986114036	1
X2900477	-38.6605196906854	0.26260906673861	-30.5587530867711	0.847652752509809	1
X2900478	-31.1425625838885	1.23358233678992	-25.1649969014935	-0.174172711464554	1
X2900479	-8.3271230304178	0.0596484945810236	-1.99477984479335	0.853863724852676	1
X2900480	18.9357989388786	3.09168241570099	15.0500464997711	4.23392899013104	1
X2900481	-5.3141298715331	2.37383307754197	-26.3630092625308	15.7226381742137	1
X2900482	-9.81797092386218	0.035252610447471	-17.8389545739796	0.501486723416135	1
X2900483	-8.54581286643634	1.0802906677255	-3.68495524271066	5.0772608607541	1
X2900484	-20.046531460647	1.14975832610892	-27.0618100780534	2.9805379023408	1
X2900485	-35.1267909412637	-0.720226583569087	-19.8988386630002	-1.38217115619939	1
X2900486	11.1764535750227	-0.978212011303414	-0.742930635397373	6.91940094343812	1
X2900487	-18.3783163680011	1.21383475498461	-20.2649388967201	0.54119495260249	1
X2900488	-3.32455727339034	4.19153377550493	-10.4611136126266	2.80553011185341	1
X2900489	-26.5086751984635	2.33086826521959	-35.3262680547229	6.4875305203644	1
X2900490	6.12392340540984	4.87806413027456	-8.22158470613383	12.469669087639	1
X2900491	-6.20473159881299	3.59366538131278	-4.34146241042615	11.7132362101878	1
X2900492	19.8602552178583	2.73001214963498	22.2468078782085	7.6304536403971	1
X2900493	25.8706786633233	2.1866107402819	16.0606588118586	8.28614951732124	1
X2900494	-12.5244966943605	0.775714208338818	-12.1015464832013	3.44360536718123	1
X2900495	-10.6220099252114	1.63703918945681	-21.3351090023433	1.36237753682779	1
X2900496	18.3266711169413	0.178893922365331	5.05660171555391	3.02810414285998	1
X2900497	5.96428973025069	4.44496964528257	-6.24811556915	12.0681520832605	1
X2900498	-10.9393671423285	4.21733371195564	-21.112486701337	5.23585717105759	1
X2900499	0.431079956857583	1.51268111636114	-1.17633944474162	2.28113079596279	1
X2900500	16.9980390750377	3.64860639900192	-0.177989179660476	10.7811278774205	1
X2900501	-8.71595287322163	0.325602037813807	-5.75891397492303	-1.42479250627541	1
X2900502	2.43840035167885	1.24014534774098	5.90356899583057	-3.76264006175079	1
X2900503	-30.5746211623541	2.04390962021535	-34.8957123002198	6.60547554032237	1
X2900504	-22.7664503001545	-1.12515580005524	-27.1046281089392	4.15471210871842	1
X2900505	-25.4092432984418	3.20420393483913	-48.1438507540784	8.26942501783342	1
X2900506	8.45042320097454	-1.93435442912049	21.4310109204315	-2.35014244395734	1
X2900507	6.17578386609253	0.903678781761191	18.7924021218915	9.36345454317475	1
X2900508	-1.68712012865549	-0.0305034748337822	-8.77203572962505	4.74497139911375	1
X2900509	-7.66375873230588	0.599383610304858	-12.6493394914252	8.62467096130772	1
X2900510	25.2813531255572	0.634660618416103	4.69543022280757	8.06790341109354	1
X2900511	-22.9570985511383	0.312594170647405	-28.7840303011619	7.36893396545437	1
X2900512	-5.7715402739089	0.0496370115800432	-32.6485622732093	8.32763870350344	1
X2900513	-9.08672248847374	0.150921144341664	-17.2911973568924	9.04988264683491	1
X2900514	-2.08528961629097	-3.14031086519611	1.16140632920065	5.35122317414404	1
X2900515	-25.0474537387385	-1.99254967765878	-13.9932656388327	-7.39831271632715	1
X2900516	-24.7961738147015	-2.41296509888144	-21.3537241179787	-4.65286642453967	1
X2900517	-16.9820612847707	3.42504653317433	-23.5135873465299	1.53365794490909	1
X2900518	-3.35827039655485	1.4950124241034	4.04869669574071	7.62974335460786	1
X2900519	-47.3974572642575	-1.08613134951752	-46.4720999124469	-5.10140163830494	1
X2900520	-18.8396019414233	2.65993628682257	-17.3153737001137	5.52320410301272	1
X2900521	13.6923533395927	-0.135870379242542	14.945268248495	0.59689808657556	1
X2900522	-11.8298877829404	0.00321625534214359	-15.1129500486286	-1.42209144599748	1
X2900523	-15.2146636265144	2.96422617012719	-14.5772152831299	6.73347152749258	1
X2900524	-7.81278998074069	-2.87596735153039	-0.623811164350277	-10.0894623985553	1
X2900525	18.0344594238201	0.964423494382323	11.5275576474821	-5.31562593952332	1
X2900526	-40.0809377252036	-1.48215703784792	-33.8810396045153	-5.46088011752135	1
X2900527	-29.1925053429576	3.33663198821426	-14.6242606043296	-1.64441929257777	1
X2900528	-17.0026552788042	-1.76043023053848	-10.3909988391362	-3.24076666606991	1
X2900529	-13.1691281947503	1.10451828530525	-17.412364163251	-4.91408302451378	1
X2900530	-36.535684599715	0.0551903523827831	-37.5207127873836	7.88354570516954	1
X2900531	7.66783727125562	1.02800135570647	0.537644567973508	3.17611587185521	1
X2900532	-5.32548853218401	-3.45741349368564	-2.8025968059012	-2.66523942646657	1
X2900533	6.46199488209648	-0.614952538034416	20.5378922570524	-8.62452857068126	1
X2900534	-8.56710606547653	-4.31829208565492	4.19523870702623	-12.702916828559	1
X2900535	-33.6918763477526	-4.77561905974072	-25.1511060610131	-11.358397573334	1
X2900536	-50.7104092411668	-6.56629583607595	-35.540132271293	-9.17727779803585	1
X2900537	-9.11502142013528	-4.61951866595286	-5.59575473870783	-2.4493627438741	1
X2900538	-37.7696033180463	-2.24751857118838	-16.1946932107536	-2.86475407701789	1
X2900539	-23.2660387444656	0.308843940290126	-13.6439514846906	3.6490038317142	1
X2900540	-18.0964986407061	1.48142722830043	-18.3995527767328	1.22079678332187	1
X2900541	-0.406071362126063	-0.134709634840757	0.327520120390702	7.40793902990466	1
X2900542	0.752797796560578	-0.452036307419941	17.6084839288093	-10.2551268733819	1
X2900543	37.3435672404131	0.569863837907754	38.9821649260221	-2.7750869677741	1
X2900544	-11.456578364617	-1.99426110417041	-13.0354681873494	-6.29665043399585	1
X2900545	-19.1159971927495	0.576332988118599	-13.8667550816651	-0.583364705138721	1
X2900546	-4.60076995584993	0.688539232581513	-11.6205259104281	-2.11874928231066	1
X2900547	5.0354930639804	3.64884579561049	4.25115827904997	3.20163837172357	1
X2900548	32.4974016172525	1.09348651388137	9.84299814589717	8.27542801938396	1
X2900549	10.0840775607372	1.22139769236732	7.41829490622766	2.39471073604818	1
X2900550	-23.9814936702662	0.781409363211743	-11.1214169756362	-0.00291517368422811	1
X2900551	-3.52805008578653	1.05163188571705	-9.00976899704303	3.08127246127102	1
X2900552	12.8775480522861	-1.85400823472577	6.79455029669686	0.899005310505457	1
X2900553	7.82724250368374	1.80772062638804	-6.84367181327283	7.96107254666984	1
X2900554	3.48999730379749	-1.34386179394777	13.3783278132672	3.61443369043517	1
X2900555	31.4282634441048	3.78890811940062	12.6682539430775	2.05960609581772	1
X2900556	12.6739129933116	4.25606409035994	2.1910773923058	6.19143423718514	1
X2900557	12.4180382644701	0.732470963199751	-9.7377921551164	3.62705369267018	1
X2900558	-14.0201583493774	0.596238024538416	5.74454289458809	2.04532731836976	1
X2900559	-12.2631096950454	-1.06944675098136	0.0505809590189257	-0.52591366977032	1
X2900560	-15.1829280404743	-1.2004785674452	-20.6859668299541	4.66705767481551	1
X2900561	1.45078897125073	0.980541847398879	-6.82043968533896	7.81681869240729	1
X2900562	-6.45833487275315	1.0376509382682	-12.0901222737547	6.2534054049015	1
X2900563	-34.3848636368562	-0.0388448438494722	-37.3813182923098	6.45512000238632	1
X2900564	-17.408968157397	-2.39016589681341	-28.6158800617042	-1.21108302868648	1
X2900565	-11.3049257338701	-0.312924030965881	-7.27490138803484	4.16738650163616	1
X2900566	3.17098880174366	-0.358848897141343	-5.23455983563967	-2.48609957939449	1
X2900567	10.8379949138781	1.12579979134661	-0.241015512697451	2.45207763046135	1
X2900568	-27.5426576118669	-0.573555759401444	-36.2810652838299	-3.37635937248584	1
X2900569	-7.50432157966691	-1.62995517099465	-12.2274011783772	2.06240209761673	1
X2900570	18.6245416434111	2.1552281233161	11.9885539006304	2.27733097058039	1
X2900571	-0.86962921462449	1.7557731376618	-10.0797331061607	3.77511991636788	1
X2900572	-1.06874128540711	2.04185626914753	3.87838438370401	3.65327680558225	1
X2900573	3.20017229361794	1.18679656168249	-3.98041369227305	5.11321209370429	1
X2900574	-24.7295374098178	-3.0854378584494	-13.9538101370409	-1.99684747002325	1
X2900575	8.34482395331121	2.5369717304213	4.05763419153849	-0.895162484173854	1
X2900576	-10.2041238808069	-4.07610115913949	-20.1130603627312	0.895288735404441	1
X2900577	9.14000124473357	0.517212461475021	3.92600878342681	3.12032643953321	1
X2900578	2.57913714034839	0.241752335768806	-9.99393619243511	8.46834348473856	1
X2900579	-9.8953615561346	2.25218436911657	-20.3572212184283	8.01016419312414	1
X2900580	21.3597657903204	-1.80833951520849	18.3037734676998	1.60851403467167	1
X2900581	-5.82547661299377	1.61944837396112	-19.7777766093809	18.7191844917209	1
X2900582	-11.1508918185285	1.60470819428139	-5.34877657406071	5.12822348471948	1
X2900583	4.93553207689351	-2.10659550450883	4.13722648209072	-2.80459542953566	1
X2900584	36.6804489669261	-2.76117765210448	25.1946620143783	-0.372447493761281	1
X2900585	6.37579764055456	-2.25047194033632	23.3884794637565	-3.01660304864272	1
X2900586	12.6527360903707	-1.97199388479539	28.4595736591166	-9.15682863715805	1
X2900587	-17.7203912563626	-0.00361328539742256	-14.7826559999313	13.0924937045232	1
X2900588	-16.5375216862717	-2.08176075008017	1.57874442399187	-5.00230653180646	1
X2900589	-33.5603748458329	-0.877776502611316	-25.4918143357687	-3.1897289914056	1
X2900590	0.610041519929492	1.70142009870107	-5.24697305224729	1.43721754142073	1
X2900591	-4.67658302919383	0.551852921384799	11.1080856979797	-8.39749338335746	1
X2900592	-16.5032205406519	5.33763638415506	-38.1420095345617	-3.32994520486	1
X2900593	0.777136381700159	-0.939044417799855	5.8348726573923	-6.07016944516077	1
X2900594	9.93303964137008	3.0271719694528	12.5316081998308	-2.80589212893276	1
X2900595	-8.32281758916533	2.79613070945126	-4.44343972572175	5.15673457964923	1
X2900596	13.3767477884087	4.77662608241681	10.1687699363167	5.45428394492865	1
X2900597	16.4343730513179	3.43220339196608	-10.9647220389573	-0.129640846058822	1
X2900598	-18.1192855130027	2.55274163412218	-27.4117240499359	10.7949220663251	1
X2900599	-11.3142092284942	2.36548994125223	-8.94458463828061	-5.4500848490138	1
X2900600	3.67308000859383	3.26192383574605	2.36630524691983	-1.58525850058995	1
X2900601	-0.403697378229272	-0.1257672065048	6.47036691920649	-5.36298502228543	1
X2900602	-4.39204199121847	-3.02601784479484	0.967007489128586	-4.83368306776408	1
X2900603	-25.6907511260243	-2.52114334611844	-4.96095474065425	-5.13252541789457	1
X2900604	-10.4425780361542	-0.816697549026656	-14.8766575558731	0.444000555072926	1
X2900605	-28.2149920714736	0.517611764681866	-24.5684308942628	-4.39083948648985	1
X2900606	25.2733179618008	-0.869215339987724	28.2094096774705	-0.0214391812684203	1
X2900607	-61.8352976479595	-3.98228566489408	-37.5976505532257	-5.51174316888444	1
X2900608	-20.8142472855366	1.41086482043885	-5.01221174405914	-0.46139455037514	1
X2900609	-13.7921687746061	1.49873336093372	-13.3876971193329	-1.58272719225693	1
X2900610	-22.8581630857276	-0.907059329060642	-32.2033391316838	-8.4137694045532	1
X2900611	-14.6085877769353	-0.618514444051439	-8.31599408839082	-2.88131163954309	1
X2900612	-9.03067193574483	-0.0899198723453094	-1.2339986737068	2.57441930430616	1
X2900613	-21.1968542654742	-2.60649941778709	3.54497550139466	-6.34377407735003	1
X2900614	-10.4579241022641	0.792757461327245	-6.4310863431339	-5.97930517583674	1
X2900615	-14.0096261336249	-2.79004246861485	2.37804649696511	-1.48103514239125	1
X2900616	-9.86547794302924	0.493085699250525	-10.8069020572119	-2.35163657377943	1
X2900617	20.4163339692594	2.30742824392057	8.03714454788984	9.1256310815344	1
X2900618	-1.73135269881164	-1.39421170965176	-6.33114181600192	-3.73693212766338	1
X2900619	23.3225146313099	-2.02842809558408	35.2909586628681	-14.1662708072078	1
X2900620	14.5604829655126	-0.17190385159761	20.7087620000748	-4.81108993240516	1
X2900621	21.2247357170346	2.60637904467859	26.2708482092228	-4.94790849481528	1
X2900622	26.8245887762505	-0.928915533620164	29.5357869664662	2.38238399285835	1
X2900623	-13.9279018750424	1.9833595938393	-11.4490607804045	2.45859745681022	1
X2900624	-36.6383533521617	-3.06523141016433	-19.0872870301613	-0.861057811731922	1
X2900625	9.42990738967129	0.879179177641811	41.1938248367527	-10.9875058454287	1
X2900626	1.85918064211656	-0.494983930450407	15.4198822799044	-7.4126831292407	1
X2900627	-27.4009930028576	-1.54381587238265	-6.26417922341476	-6.92426670929874	1
X2900628	2.63971329555942	2.5355641560978	10.5145505083104	-2.17625595152749	1
X2900629	9.50154272530238	2.86464338477296	0.990130640192575	-1.92911469742049	1
X2900630	-5.83747115018298	1.85331019432146	-28.393842752862	-3.69933686143981	1
X2900631	12.7003385717219	2.37236608819359	2.59163536437899	6.97333183708773	1
X2900632	-9.97757584138695	2.49142919845587	-9.34656409703215	8.93685230091531	1
X2900633	-14.04001006505	-2.42759136239444	-11.5216362887227	4.04547534675536	1
X2900634	12.2149493505019	3.78580024543685	-6.86134821070698	6.40551951468521	1
X2900635	-5.5959414917504	-1.16730629011712	15.0888015546579	-2.60343144620799	1
X2900636	-3.26283869485544	-2.32990347132366	2.70213815637781	-9.7997827728737	1
X2900637	21.8644473925465	-2.7133518309788	15.738134985758	-11.4741485873727	1
X2900638	-34.3688883679918	-2.75719733202592	-31.6149420689826	0.425400110066954	1
X2900639	-19.2503401343798	-4.7917077931402	11.7959348244065	-5.3194519406072	1
X2900640	-9.45320841877587	-1.22039305112474	-1.56508206296561	1.00084295847037	1
X2900641	-29.1003324013973	-6.9905291405298	-19.7153514013301	-4.07640347161318	1
X2900642	9.97039443155616	2.01550202685713	-13.6001563198695	3.40358040516158	1
X2900643	-29.4524458423365	-0.727214444244138	-24.3217932132758	3.7175875158345	1
X2900644	-1.51446145150569	0.00520807085242236	-18.3766124694862	1.20299402872382	1
X2900645	-9.54706053711697	0.751312235791299	-22.8822152403591	2.89340448912864	1
X2900646	5.50919641922204	1.03305241443467	11.6807623109472	-5.36465003169336	1
X2900647	-12.1138889639058	-2.90825850261357	-15.9256848271861	2.634321216163	1
X2900648	-42.0039473798846	-3.10791060723833	-49.0301822510111	-2.98773539034458	1
X2900649	29.5914697651206	-1.2825513776871	23.961317645072	2.8768650315585	1
X2900650	8.89991750387915	0.871930685964409	9.81982938114344	0.154932437364209	1
X2900651	9.46500868314084	0.741629838335384	-2.49232556183068	7.61227887310387	1
X2900652	13.0710865717873	2.20231114924421	6.96086253769553	-0.553492724459814	1
X2900653	-1.92708504867861	-0.164007620911175	-21.6627655366173	-0.520784894709229	1
X2900654	12.8418123959573	-0.376394297843668	-5.20374360682752	6.74025232060718	1
X2900655	3.79696270427902	1.2141860200335	-1.0055495772027	7.85633394682868	1
X2900656	16.5682833103317	-0.627372731527518	5.17244063028746	6.75739990090145	1
X2900657	4.68442430067073	2.61529627857209	2.25909935850869	7.26259975640461	1
X2900658	1.86345494708908	-0.019494398522555	-1.26436638724447	6.44488155747615	1
X2900659	3.98750975205137	0.122001709064572	12.319294942308	-3.03581398050827	1
X2900660	15.921205527477	-0.997243110997328	22.4295305215776	-2.4879107949761	1
X2900661	15.7132495380409	-1.21055272488602	18.5990332300729	-0.114922255987396	1
X2900662	-12.4197216430531	-2.84987229919527	4.03961634583712	-10.6153881801631	1
X2900663	0.767000069866957	-2.33283793576205	-0.828863081163174	-0.250727695628066	1
X2900664	-12.6105567993015	-1.31906267507191	-14.7731900474653	2.23834969632949	1
X2900665	14.355502230673	-0.986973741230938	1.20457448006789	6.11560860786985	1
X2900666	10.0885746379855	-2.61679245382855	-5.71147884357476	-2.23197177521788	1
X2900667	-14.2836144658557	-1.28193004320679	3.93859620550926	-6.18564242868788	1
X2900668	-12.5562959870059	-3.9308121696788	-4.09755342953791	-2.81930859119606	1
X2900669	-14.3096925475279	-0.507852624995961	-6.70610037380087	-3.66714419836543	1
X2900670	-2.06713176256469	1.57811209421651	-6.24962533270406	-1.83918189356323	1
X2900671	-1.76050428864803	1.53584912681447	-4.94687160138352	2.32936624788375	1
X2900672	-12.0768432333323	-0.401043736832628	-6.94957043765865	6.26555877526807	1
X2900673	3.76676839092979	4.30955046920032	-9.12535522547057	1.73337310154307	1
X2900674	-5.61980840157716	2.86507170143458	14.0470455974079	-4.62072278195027	1
X2900675	-24.8949972330998	2.89128406149567	-21.1016679708705	-4.97641735673146	1
X2900676	14.8497468238159	-0.855156616770317	12.8308007187696	-3.30480806699968	1
X2900677	28.7276844885843	4.19896354202811	4.70698139551318	1.64754912812406	1
X2900678	-14.4387551200423	3.58881004879797	-25.5148438891813	2.20742105131034	1
X2900679	12.4607912958537	2.94656532059155	-0.722528660700206	0.17084998138556	1
X2900680	24.6923858641112	5.09920312137722	3.90417717398688	1.77771857855457	1
X2900681	-8.95550499913134	-1.46493935335121	0.274856601182486	-3.05668289683138	1
X2900682	-3.91500083419286	-0.396300474287254	-12.9086576061696	-1.59516382811724	1
X2900683	14.8262737842492	1.92963871663899	-7.54188296576598	14.2792690950334	1
X2900684	-13.3933034258432	0.314743649237303	-11.0835342143667	-5.59346856190706	1
X2900685	-31.1976158099755	-1.68019513465042	-32.677409139445	-4.82817470268896	1
X2900686	-32.0487042579704	-2.82872039427802	-14.5702552153804	-6.41654027988995	1
X2900687	-27.3855593231477	-2.58751695863489	-12.7708152355281	-11.4743251005376	1
X2900688	-11.2451957978022	-1.19782863762981	-16.1368366240311	-6.08628462253095	1
X2900689	-45.9391805288669	-6.01350074732	-32.4390181023111	-10.8373577695955	1
X2900690	0.487062526446016	-3.68339545481214	-16.9729389477755	-3.8508626781827	1
X2900691	-14.7564261474535	-4.06042809543597	-4.31887478562213	-2.39865864845477	1
X2900692	-41.7448701163982	-3.53324568580175	-36.9436855612807	-8.63893400719292	1
X2900693	17.9678125490755	-1.22729640898196	22.6095519443892	-2.30416179369629	1
X2900694	-7.68427876318477	0.492887980312073	-15.092139064977	-0.601527645712443	1
X2900695	31.4019864610347	-2.67614633828162	18.4018450527565	-0.406134492368143	1
X2900696	-2.08649470570869	1.89694286884314	-13.1398939229667	4.87541479027811	1
X2900697	-18.4182897889131	-0.0761451402405925	-19.4979028147439	-8.69611245401171	1
X2900698	-4.69379624268107	-0.121059665932164	-1.77968158463408	1.53027784720863	1
X2900699	0.306141014121173	-1.09192994502099	12.1635016836727	-10.2571828597843	1
X2900700	-12.660022364304	0.368807183748115	-19.018416332475	0.432220984419754	1
X2900701	-26.3043228674114	1.27608043540527	-20.8258890583542	14.5431252246855	1
X2900702	-22.2270358483744	1.07692896213889	-22.4459589071634	5.76106043377203	1
X2900703	-21.9833184224409	-1.03647055542205	-9.67315948156662	-0.649681341922517	1
X2900704	-29.3419295552913	0.500205714760947	-48.7081214480338	8.92147616800439	1
X2900705	-13.4322298113099	0.851874335243706	15.8304695746355	-15.871750285078	1
X2900706	-32.4240732754063	1.8010968192983	-31.1583037968315	10.0760170002831	1
X2900707	-30.4862684397743	-3.81483609051599	-15.1861086006766	-12.8966643842959	1
X2900708	5.30964671255892	-0.107704523466918	8.57799008781724	4.07675113123454	1
X2900709	2.09524356642198	2.50943182413343	-13.4123387314842	7.52546735226134	1
X2900710	-10.5541153193738	1.22889221344616	-19.3246463283951	3.37707353301266	1
X2900711	-29.4141014345437	0.33936392712944	-45.9066834629936	-6.32663376860621	1
X2900712	-5.6962948314221	0.198976041417201	-0.339513403535669	-4.81252399145923	1
X2900713	3.46784979172277	3.09525702206195	-6.7037341046348	1.95839732565656	1
X2900714	-8.22003232236059	-0.0284565527120253	-14.5985504018528	-4.91719222058559	1
X2900715	-2.06841544812548	-0.157979793695175	5.3536255819156	-9.40474225871636	1
X2900716	-4.85259481183953	-0.600124943090197	-17.2909007752726	-3.0144482727079	1
X2900717	-13.924029668966	0.0786179179355744	-5.76393981483657	-11.2610227830976	1
X2900718	-45.6332627614976	-3.88095926427612	-35.996758858107	-0.721180090468475	1
X2900719	-10.4018635153201	0.376144207006947	-12.4484330223811	3.19639198316289	1
X2900720	-0.741624416708935	-0.948843858433802	5.08803062609265	-4.14682864529227	1
X2900721	23.3713472643409	-0.992138283592497	41.7408271519236	0.707393360011475	1
X2900722	1.62349890691237	-2.35170961684893	-1.18763671278758	-0.937321397601897	1
X2900723	-7.44736341300257	0.80327796397165	9.71169033723842	-4.55923002248684	1
X2900724	-2.49209807713918	-0.550441147852564	-3.66744516096255	-8.21184625553697	1
X2900725	-47.4598038075413	-4.31958312467457	-31.8664938276252	-12.5112249931307	1
X2900726	16.3117301270602	-0.204175708499254	19.2835162103157	-5.13167973924758	1
X2900727	24.1785978853483	-3.34567578080788	16.0346743739886	-4.49577683786884	1
X2900728	-2.45229426415908	-1.68932918213487	-9.90633457567447	-7.53983289479255	1
X2900729	9.77140540916292	-2.88023647875374	36.338417578608	-14.1412029903731	1
X2900730	-6.0147404908144	-5.20365331414365	1.95718103136097	-4.94127826210367	1
X2900731	28.2608038865524	-3.44364594130991	45.9919097659784	-15.2274893076843	1
X2900732	4.91207695900878	-4.45352900896922	32.7695431196699	-9.65874322389483	1
X2900733	-4.80897436732332	-1.75725755476424	11.6089565809484	0.256536422885111	1
X2900734	-3.26126785400828	-0.55857733552339	2.38258810500547	-1.57953127691953	1
X2900735	34.2568765080924	-1.05015538653058	13.7981742568147	5.42777040013212	1
X2900736	20.5372948167121	0.163683114290379	12.1695680436207	6.57419301153631	1
X2900737	12.9561848863215	-1.39267576794881	1.43333364914004	-0.148564430545923	1
X2900738	1.97677034120441	1.66702230978363	-6.17662266698335	1.83426697790466	1
X2900739	1.72035422155739	-0.199913110626093	-11.5130786646705	2.30912508821441	1
X2900740	8.34066419151625	-2.32340306947432	-0.999703340997984	8.35489327943617	1
X2900741	-0.0536098835757111	1.79373336359533	0.943654242065484	2.34936108511128	1
X2900742	12.1076556843701	-2.11601613250065	10.0950481324025	6.19555771854275	1
X2900743	-3.08268740778709	0.169728831254919	10.0661860989159	-8.127024669235	1
X2900744	-9.76909931359895	3.07316087446251	2.60677046541235	-6.30441517066154	1
X2900745	-18.0873608472564	-1.95319724682417	-34.5138663744869	-4.22117948025682	1
X2900746	-9.77832018950632	-0.596310378960474	-9.78414666661554	2.08684526415875	1
X2900747	3.95922174376248	0.727094196411164	1.0261384816241	-6.03353840015171	1
X2900748	2.7103416060708	1.15762811817013	4.30536091535627	3.30334767485978	1
X2900749	-1.95999208803057	-0.958353967131061	-6.24973066449756	-1.13860727321375	1
X2900750	1.04684499368292	-1.18888321292621	13.217266596419	-6.97339832858647	1
X2900751	-23.8210940465448	0.0846625235076997	-11.7783860012932	-0.765279290289537	1
X2900752	-37.0870374594007	-2.35670683498269	-21.1242002435031	-2.66221858535523	1
X2900753	-9.02883305383374	1.46391128854165	-12.8718384776127	1.09917009822269	1
X2900754	-13.6528294373059	-2.20238044170457	-5.87761359928777	-4.53691513695881	1
X2900755	-25.7151131744483	0.483146888610182	-36.2369285795001	1.27380770167387	1
X2900756	-8.56658732631821	2.7331662293554	-4.08268272314371	-1.46351488226125	1
X2900757	-14.9410303381643	-0.470001108730116	-2.88633863464873	-3.32963250008536	1
X2900758	-15.6610390918445	0.705197382126975	-2.50980976667343	-5.18092826840899	1
X2900759	-14.4980219479763	2.27340197397596	-25.9543348102215	1.28020137877583	1
X2900760	-2.46938740076524	1.94882019683446	-9.89990465166572	9.67128068915868	1
X2900761	-2.30115795125422	4.45468296943099	-10.5275350799163	14.1450454699849	1
X2900762	-3.44056070751064	1.9452679529158	-23.7869253272571	12.8372525274191	1
X2900763	-0.770054545553196	2.41247150615893	-6.09126973938054	5.76628086697688	1
X2900764	-2.7514065868025	0.964139809397903	-5.71965625430586	-1.91899379288382	1
X2900765	-5.98311900421036	-2.01318873980269	3.24754798197707	-4.17733580856471	1
X2900766	-18.0291285454117	-0.780309288125754	-7.23216530464114	3.09669745435467	1
X2900767	-7.64158508043117	-3.27570194883632	7.26139833620084	-1.61479894713034	1
X2900768	-17.9991119856491	-1.62002960821112	-5.86962295339427	-4.9426958327913	1
X2900769	-19.1629530013795	-1.76679909636657	-11.3778687519938	-8.10651844074936	1
X2900770	-2.94317981516281	-1.45038123606852	12.486550604766	-1.05842409729989	1
X2900771	-51.4607017690568	-2.43824919951023	-42.5910235873509	-2.09126743296599	1
X2900772	-17.5464462075201	-2.53181642384732	-8.65112523480643	-0.564181998290634	1
X2900773	-11.7577734741377	3.09714202423019	-8.66597993123065	-1.85098183536094	1
X2900774	-3.58252228702779	3.16580878354419	-18.3950192543876	1.45308172577438	1
X2900775	-16.524852556167	3.76486313285327	-26.167037827805	11.6412080138757	1
X2900776	2.90873122001179	0.365956086249494	-0.147724938511847	-5.28869615857037	1
X2900777	-29.8147599103272	2.34797636272458	-36.9732563605441	5.41535336990408	1
X2900778	3.65124466995987	0.884624397430378	-0.535001598587473	-8.77221777568331	1
X2900779	-18.0689551133852	1.84425183062308	-20.3543729784345	0.978671920110943	1
X2900780	-1.37028127004916	-0.998143453936664	-5.10625150125135	-1.80887194929486	1
X2900781	-15.6331865016132	1.11827232006326	-23.6243897382443	8.40264046354506	1
X2900782	7.38798126103433	1.64793545228031	11.2528457743549	-3.38699315141558	1
X2900783	-47.9942216610342	-2.05250406964278	-40.0525234782049	1.59244734266634	1
X2900784	-37.7170505655257	-2.41632812655388	-22.8707549973936	4.31784834993418	1
X2900785	-22.7603904228986	-0.811431138363283	-16.4943911373022	0.0195301327884179	1
X2900786	-39.8655517869401	-5.69921931602513	-20.899459542107	-5.24020236359402	1
X2900787	6.19152310226353	-1.95403404439504	7.94047807461198	4.26685140920348	1
X2900788	-8.7107322984319	0.800314062243884	-6.67319529633331	-5.7074016022972	1
X2900789	-14.1517910069265	1.2885720566224	-2.1182137389398	8.50751756659767	1
X2900790	-25.2271100842439	0.507714104265572	-32.4832344945046	-1.55218784509495	1
X2900791	-1.2291099773034	1.4865233002966	-12.3174158827788	3.81128142629882	1
X2900792	6.72883260699581	2.72060620583748	-27.8912223233981	14.0859390523311	1
X2900793	-4.04652521655351	0.805164995339142	6.73754941824218	14.4021918732043	1
X2900794	42.8310042008785	-1.29357503172038	39.71466262185	3.93357880074657	1
X2900795	-21.4756942686156	-1.67599814892571	-19.7234818680935	4.74260719228191	1
X2900796	-21.6909829158865	1.71214107486461	-39.4464028589004	12.9336626144907	1
X2900797	3.84286952570644	0.242139873174666	10.9487407850623	1.4419611859202	1
X2900798	-8.84120919175565	3.00249395522536	-25.1936491936306	8.94540172587569	1
X2900799	3.11179963748206	-0.472463144307804	-1.85050774516087	0.658811652833471	1
X2900800	-8.1080957225799	-0.0109455692807288	-14.1796366993243	5.17667360010229	1
X2900801	1.78852728471837	1.68065163828499	11.8225295332323	-4.53587496441577	1
X2900802	-33.8191248994705	-0.569183461104557	-26.2238085311683	7.69355843428111	1
X2900803	-16.9140733674977	3.40403479954121	-7.6822116200921	9.11070473188624	1
X2900804	-27.643529548099	0.849667679919955	-14.1822287777438	1.25650879152906	1
X2900805	-4.91885292790148	1.21892220497854	-0.89444785005245	-0.617718489148925	1
X2900806	-31.2869545893693	-0.608734180886451	-35.0627067263302	1.41255396902297	1
X2900807	-6.15450018786247	-1.0848672301232	-1.75557957167832	0.889998611316439	1
X2900808	10.4280805192362	-4.06915071185908	8.7107852687995	-1.74239176706524	1
X2900809	16.0754999882556	-3.12737005352625	26.0302530051507	0.349060860524004	1
X2900810	7.55249692094546	-2.30482103735459	9.0123270657305	0.24684156884236	1
X2900811	-47.5722716800534	-0.652657500729349	-48.4453981580009	-2.29905223650292	1
X2900812	-13.6775802601161	-1.70428809190428	-21.7820697088441	0.330474651304121	1
X2900813	-2.92018630488634	-2.50862224993855	-0.286056406683097	1.33574185597177	1
X2900814	0.233163549032193	0.984260995232048	-22.2094638324886	10.3004315485585	1
X2900815	-23.1816072935484	-1.23393977974725	-22.9231268332547	-3.94909814959738	1
X2900816	-27.0881026536438	-1.37221704007897	-16.1524529633474	2.16172692188092	1
X2900817	-38.0759764589944	-2.45547260633069	-31.584803640495	-2.4997690244697	1
X2900818	-19.5305686657046	-0.56235320036819	-8.22111654324445	-7.90418955916405	1
X2900819	-12.5317871659493	1.05519173374758	-6.69283346533296	-0.581361034118849	1
X2900820	-6.90336653067228	-3.50460798525091	-0.251512753638024	-2.85589123546272	1
X2900821	-36.6445579307828	-2.80296089868437	-30.7726785932203	5.16634494865065	1
X2900822	0.318168042283986	3.25150760660884	-18.0433572874446	15.632058442788	1
X2900823	-14.7593980743851	-1.28555140745878	-27.7973085383137	7.68085295421245	1
X2900824	-1.22343445694179	3.8248058098443	-12.3048107660002	16.3459436683734	1
X2900825	-18.5218375583749	-1.5332021213715	-16.5535872014276	-0.345337529684341	1
X2900826	-19.3076985201329	-2.61620937578077	-4.42362933315873	-6.91858926863483	1
X2900827	-31.1943954836416	-3.47161513405537	-22.5712814175619	-2.97632431839822	1
X2900828	-14.3139303432355	2.59911726627129	-20.8383733393475	10.282261006427	1
X2900829	-35.7833948449498	-2.10743503462437	-19.1924184047699	-3.49851430749753	1
X2900830	-17.1115962838798	-4.62876484057505	8.00599007645148	-0.7963940912778	1
X2900831	-20.3418299995435	-3.88608072183038	-16.4006342334989	-1.83283991572633	1
X2900832	-3.91705500851399	2.0498357279325	-15.0806988720513	6.92938018770354	1
X2900833	0.294793214842389	2.08404146333242	2.549872465602	-0.220264989762715	1
X2900834	-4.76456330709487	-1.72280295705288	5.57717664877682	1.63909963588596	1
X2900835	-15.4112914471297	0.544745585629575	-6.62809818455969	0.231950068719617	1
X2900836	-16.3849576914183	0.909570653405503	-14.1044128728897	-4.39496308629604	1
X2900837	0.620541910295652	4.49766073779147	0.376553085023802	2.64681049433635	1
X2900838	2.65457884668971	-0.0255867442744301	15.8380370121803	-6.01403846888867	1
X2900839	-13.9528482363597	-1.74742775408437	4.89329379125304	-6.96802788774166	1
X2900840	-37.7049594949455	-2.95596870088396	-13.9523370029537	-0.873049776267214	1
X2900841	-33.8711190421038	-1.86875794965435	-26.9638218057206	2.43613682938771	1
X2900842	-2.58787075589888	4.1273188201836	-7.86095420269528	-0.335284070985502	1
X2900843	17.6060287840247	2.08061711776572	22.0347619626235	-4.14088661002352	1
X2900844	-29.4975319310048	0.565208082498574	-41.3996048988827	1.88134822570491	1
X2900845	-24.2104626328698	0.434428024921582	-28.3033624369459	-5.25085788836592	1
X2900846	-28.1534266433615	1.08433396173437	-16.894863889449	-4.80829795973773	1
X2900847	-30.801345578351	0.750101174865169	-32.053235733163	-2.4802993892327	1
X2900848	-26.5785226900684	-0.383889375453023	-19.6675108499051	-4.93765474085294	1
X2900849	-28.9023026480973	1.50424569022058	-40.3039938421418	2.73429242584143	1
X2900850	-23.7233084715377	-0.914830142985054	-22.2194585991969	-3.82006300516027	1
