<Trait>	Trait_1_H2_0.9	Trait_2_H2_0.9	Trait_3_H2_0.9	Trait_4_H2_0.9	Rep
X2909811	26.3512565420998	0.748293492972166	36.0509996173249	-4.98848114635508	1
X2909812	28.4901074840649	2.61235854939144	30.4360590738363	1.0035290442045	1
X2909813	4.83507156444608	0.448412436097704	-0.381606382791464	0.112993030843676	1
X2909814	-22.8467105256867	1.11922642026611	-17.8476928847667	-7.65249718594058	1
X2909815	20.8165927101642	2.18677231842348	17.2255977507887	-4.1418365102124	1
X2909816	42.7018526091552	-0.242123364765149	45.7445925228542	-6.18591898178251	1
X2909817	-24.4061450078044	1.69953675152287	-24.3216488735557	-4.975575299878	1
X2909818	-3.06254502554158	0.53124116261881	-6.21880601389985	-5.80671468217429	1
X2909819	14.0242927955889	1.78563698209078	11.2052037082376	-4.75475598004428	1
X2909820	-0.853241910444701	0.629640406087487	-1.62151948879393	-5.5965894694129	1
X2909821	17.1253492515843	-0.00141770275331354	15.142916837877	-4.61843040868408	1
X2909822	5.33309871232893	2.92020874001372	-0.415981422044216	5.57402922261064	1
X2909823	28.0098924144877	2.27260619623709	30.4168182838539	-0.81005203322487	1
X2909824	2.12442302483068	1.08458173989815	-1.32035206949846	-0.954064439492775	1
X2909825	12.8024503425643	-1.39802626755226	11.3989415883903	-5.18931631905818	1
X2909826	4.49941517741519	1.23948874897334	3.41306398824812	-4.31318804426444	1
X2909827	-5.43813351853211	1.29802066207931	6.42867298706075	-5.98532409146824	1
X2909828	32.8404081478703	0.832114173381154	29.8652273856746	0.258323970151823	1
X2909829	23.7784971101623	2.58501535705436	19.9880305515547	-2.00539958732969	1
X2909830	13.4534576587506	0.328418531397456	18.7554295280113	-5.50948257243408	1
X2909831	9.47629879588118	1.12658007767963	32.0798503215232	-9.62678360803415	1
X2909832	2.1249868846294	3.05647291251282	-1.09776368592039	-7.08202633723871	1
X2909833	-32.2812456271828	1.20371448497992	-28.4512285850563	-6.74447068733469	1
X2909834	-26.9782954960125	3.27928904534401	-20.2131295927263	-3.07006224136151	1
X2909835	-21.5600843792762	0.658203731402186	-16.5424150319902	-4.78013622029779	1
X2909836	-24.1847269702313	0.162473623061108	-8.61047093869428	-6.03565306064119	1
X2909837	-22.3505037610575	2.31320943660182	-13.6602402140518	-4.95951422772848	1
X2909838	7.7718597254706	0.638741415663819	15.3796576711347	-0.493507736609999	1
X2909839	-3.12350293796984	3.71379139079951	4.12048251254681	-6.1283863614273	1
X2909840	-39.3822804967093	2.69795632643494	-26.6366699094649	-10.0826262066721	1
X2909841	-0.653769433461083	2.05982743812129	1.95509787486161	-2.03215006811043	1
X2909842	-16.3615473417882	1.87740384322828	-14.2166939277022	3.35048512796554	1
X2909843	-29.0249156382558	2.8890848093298	-31.4889243843478	-5.58237776424338	1
X2909844	9.70466176278903	0.443880836212403	10.1006946516584	-1.62776615136311	1
X2909845	12.4457963936774	0.569740166723353	11.5437073524809	1.1472730502554	1
X2909846	-28.3031208150308	2.68898816172273	-16.9121634032507	-5.82654141098437	1
X2909847	-11.2472350150592	0.353204899571581	-0.958145916191807	4.07209961573766	1
X2909848	-10.896305567326	2.59538466972853	-18.16947160423	-4.39623954870575	1
X2909849	-28.656497215621	3.01123435376753	-25.122476629828	-8.69061650089992	1
X2909850	-24.0840187164626	1.84046098661804	-22.5366631657737	-2.23281498548873	1
X2909851	-15.9880571532801	2.55171594977174	-17.9783074988723	-2.50839343174732	1
X2909852	-11.1747211472936	1.9414593957467	0.400505805786198	0.455066201292227	1
X2909853	-4.64049928174281	3.01362518171768	4.11581284562681	-7.39116108056094	1
X2909854	-21.8581883089678	2.68471977392588	-31.0069494659232	-2.2032596123566	1
X2909855	-5.65795002158166	0.722661370743335	-7.08616219030974	-2.86812345973794	1
X2909856	-5.63579686043423	1.85239245506371	-9.03995990167725	-1.52930676739973	1
X2909857	-24.2175392093576	2.1615795329075	-32.521944742516	-8.43936738335162	1
X2909858	-5.22348984075257	2.42943848064811	-3.29460491019335	-6.54321839290645	1
X2909859	16.1811150917851	0.289632993936243	9.29605836710573	4.68743265565456	1
X2909860	16.0333433395277	-1.27931422539593	2.15760540255072	5.94597822754083	1
X2909861	-1.65066944952245	-1.36277798995198	0.325644332023607	3.89932263226726	1
X2909862	4.63236036944013	-2.04503371940012	-0.824484493302276	3.75546148153666	1
X2909863	36.6432767016429	-2.27878000412696	31.1850292383313	5.80492136467275	1
X2909864	8.20637576816939	-2.4396737477588	-11.5933637050036	5.63896412250645	1
X2909865	21.7537718483287	-2.67548929575053	24.9673092598616	4.94919577478057	1
X2909866	-10.2238523933333	0.856328128357817	-14.7152333227855	0.19570150298115	1
X2909867	-1.63462592458122	0.894002555710553	0.0150439441397374	-4.35918165234876	1
X2909868	-18.2824147037479	1.06641117870802	-23.0787708634531	5.01675689265939	1
X2909869	27.0886445604317	-0.101425699919049	7.84999898060605	7.3139228213911	1
X2909870	-21.6223975151833	-2.37119176757048	-5.23693507095692	0.272255775718326	1
X2909871	-6.22513311544396	-2.57001268662905	-15.6712822221221	2.36947986191573	1
X2909872	16.9874570430825	-1.35692241909945	-3.56017710453605	13.6129503070101	1
X2909873	-16.0428550579134	-1.60962553990468	-16.9391386410245	3.2312874842166	1
X2909874	8.34784126735271	-1.25596853593102	6.99789218942675	2.52543115643348	1
X2909875	-20.583818205714	-2.13143439223665	-27.9031738282247	6.47274073519121	1
X2909876	-10.5975670378108	-0.597279490031977	0.59581403117161	0.400013986441666	1
X2909877	16.5325274857281	-1.75538991769479	9.68298226584824	3.02015997591843	1
X2909878	-13.5955021600184	-3.14564962532136	-10.3495985910864	-3.00194149015705	1
X2909879	1.53712493191821	-2.28531411688411	-1.20609454568553	-2.2078939644794	1
X2909880	14.6639186353667	-2.5058172216328	-0.682114735000747	0.713448648785118	1
X2909881	10.0080009878574	-2.49157991655076	23.6372935453152	6.02377655788099	1
X2909882	-14.9293475028843	-1.77997335532708	-10.9602118106016	5.71920811389247	1
X2909883	-7.2747837206591	0.747202102369089	-6.21562991347301	-0.951851948975156	1
X2909884	-5.57048502368258	-0.242270254963149	5.07112002430424	0.264978443998607	1
X2909885	1.34473954206042	-0.145943371945902	-4.90463545640983	3.7745826017519	1
X2909886	8.68990284080416	-1.93481209219105	22.1165516392647	-7.82383010986718	1
X2909887	6.98199224514231	1.12085630772268	3.50512043928722	-4.70694983979518	1
X2909888	18.3615635104665	0.491283138977668	1.93563071952424	-1.57292390054246	1
X2909889	-5.91387724306128	-0.655000670075925	4.03661904991767	-3.88573010710182	1
X2909890	-23.0680619008832	-2.12219663212694	-5.87717298094835	-8.83886064422986	1
X2909891	0.893993855774395	-2.85277878247531	3.85092484049761	-6.13581249320238	1
X2909892	-10.2611809786317	-2.22508148106424	-2.01712304763509	-4.21275036375769	1
X2909893	-1.35508606849553	0.239890776704796	13.4959603409462	-9.3854774219375	1
X2909894	0.418722414121866	-1.87638789380068	-7.20676090763734	-12.1295133754919	1
X2909895	0.662952937435176	0.254793655353532	8.4971981777398	-7.16881754102045	1
X2909896	-3.89211294953578	0.163730414119507	-11.0229559909845	-2.49045875096568	1
X2909897	-2.63998603553754	-3.03834725315661	8.97685138858117	-7.94295894045768	1
X2909898	0.781483381176487	-2.42423198275321	-7.5672047617714	4.00706363843867	1
X2909899	-5.19559254961672	0.629383775701138	-13.1703039207057	3.959706077377	1
X2909900	-8.92664160820655	2.03793354089041	-1.04948344355696	-0.497307199939062	1
X2909901	12.2359951055554	0.0663701002274411	8.77434244051986	-2.48571331672812	1
X2909902	5.11906889376906	-3.27630547251489	14.1536278507334	2.01003284203805	1
X2909903	3.53175159850635	-1.36307237771806	-7.29869777521799	-0.852333615803052	1
X2909904	-11.7506846753866	-3.65298006805688	-15.4018084103687	-0.221922310176784	1
X2909905	-10.8100326100188	-2.64406451082868	-13.4936798115881	1.76576509183653	1
X2909906	-8.7628404711231	-2.34064852983439	-0.458399717486344	-2.33632690298874	1
X2909907	-10.6087076522443	-3.45148203982622	-11.7481995643566	5.05592577012379	1
X2909908	-14.9463348752509	-0.382055144137582	-22.4699625766991	-7.2113781942929	1
X2909909	-10.6679952246366	1.51556164369702	5.25325083120878	-5.58699751097435	1
X2909910	28.6499650166853	1.26930825753503	29.6223439971313	1.3303218773014	1
X2909911	12.7386105968075	0.328512444185397	-5.7410510166995	-4.99698340509064	1
X2909912	23.0136654291044	-2.93498592978157	26.3620960678311	-1.2220233488201	1
X2909913	-2.41919085929913	2.68559002377449	5.65800326906437	-0.575651235757716	1
X2909914	-12.4038310175835	5.55860304355304	-18.2326263791429	-0.407501429355178	1
X2909915	-20.6853784759786	-0.25386463470806	-18.5443188933545	-4.78696611950151	1
X2909916	-7.71396640256201	0.506625498863945	3.75704872320643	2.05615966256317	1
X2909917	15.2231067405922	1.24466702208985	11.1146914352475	-1.20935238625042	1
X2909918	10.6414829476486	0.294063320001131	12.1552493262492	2.00488783370269	1
X2909919	6.49089786780908	0.199884415955735	21.9554780574386	1.15412088413841	1
X2909920	19.3763379826864	4.20964879830632	15.2126102776421	-1.80222402565237	1
X2909921	7.31710999686407	0.82909132474041	7.13904850861869	2.54577511136653	1
X2909922	5.42550951190869	2.65922685906039	-2.42206864881427	7.71572022462477	1
X2909923	31.841932406175	2.42447303602212	6.42257472786858	0.232895555063756	1
X2909924	-15.4286532777663	0.701956949477269	-12.9413410293847	-3.88128128109161	1
X2909925	-1.4197558061702	2.19834244694943	-12.5169329040085	5.10492985542641	1
X2909926	7.76256236675618	0.13286736888527	-0.101655287827199	6.54978479768566	1
X2909927	2.51950058002534	4.36378002623417	2.80375002621593	-0.139393554555422	1
X2909928	20.5252500494229	1.56294010271196	6.4084984272647	2.59368921496041	1
X2909929	4.70288056783074	5.08860796245381	-7.88321826296907	2.29069224301489	1
X2909930	-0.170878226340928	4.29039758890875	-15.5564983647361	-5.76551762103491	1
X2909931	-17.2788358430661	0.283176450326336	-10.6981615648082	-3.42007769190402	1
X2909932	-15.8490870043721	2.73682180218545	-7.94515508688183	-2.40218570546723	1
X2909933	22.1053277613937	-2.61163276256145	33.7684121693174	-3.16673695650149	1
X2909934	-28.1924115781307	-1.99062021657732	-29.2739541496345	-2.16637457195623	1
X2909935	12.9043546970154	0.0035089217851596	13.2057591204507	7.50266804378875	1
X2909936	-0.00658128859325391	-3.12671835772362	11.4584802182163	-3.22485337470758	1
X2909937	-34.6379285321292	-2.76681354463864	-17.3904468728421	-3.44159704882362	1
X2909938	-27.3941633217055	-1.01494074669192	-26.3420082339607	0.180627139216051	1
X2909939	-6.93454814079156	-3.14772726624046	-8.96020190904249	-2.79756043954933	1
X2909940	-8.77933698813256	1.79579794547944	-16.7268326795281	-4.20764462837684	1
X2909941	-19.2067740228157	-3.67760512084925	-27.9718243025328	4.430629146497	1
X2909942	5.8052540856317	1.28353983707527	16.4356205892389	-2.4980252856603	1
X2909943	-15.1120997082363	-2.04904600706005	-9.03479897082233	3.53233029173736	1
X2909944	-1.89348009120177	-0.964144332716282	2.86208564668722	-2.77082409290264	1
X2909945	1.71332875637032	-1.67054462272323	-1.1491944806452	-3.17967752242347	1
X2909946	-15.2090548349411	-1.82885381778768	-18.7972770362989	-0.979809733285435	1
X2909947	-5.85057164127799	1.504187552284	-13.5704303405252	3.54590610062088	1
X2909948	-9.59778349173628	-0.79785994565438	1.48822682001549	-2.87639835685374	1
X2909949	-43.9271447354445	-0.279911297655052	-38.9010679921666	-0.22190485742625	1
X2909950	11.2765636417049	-2.60520800835124	5.68034278789429	2.79219316871426	1
X2909951	24.7510472228719	1.70925455947711	4.80695870942879	0.0810291420292102	1
X2909952	7.14418656498057	-0.170525477018826	5.05972926049026	-5.51651153009456	1
X2909953	13.0136746929655	0.696196725994431	2.90656530217586	-2.06947197255089	1
X2909954	10.944594189081	1.82830029389291	-1.78383860185095	0.382021751435954	1
X2909955	41.1583927347898	2.95411329563852	30.1025008719976	4.01930665901704	1
X2909956	42.9501741354088	4.18164036206075	29.945286930962	4.65481091801955	1
X2909957	21.5851129161669	-0.445924238063384	15.993129748652	-2.63505254889979	1
X2909958	5.51119222030624	2.39218275189628	-4.70409637318743	-2.8063818228693	1
X2909959	18.3086409091654	0.97208481626799	15.9137691754614	1.13731212311025	1
X2909960	-8.91778261033174	0.526708017265203	1.91840525015834	-3.44513967298623	1
X2909961	-4.53330912230039	3.22776910601423	-1.79832578681207	-0.820272615546267	1
X2909962	5.85044480311905	1.61822528250612	-6.19664438591998	0.390142363944746	1
X2909963	3.45641681676135	0.220710820566858	-3.60565408992606	2.92998249523386	1
X2909964	20.8043001400663	0.709705416830947	12.7599946315665	-4.34622061823091	1
X2909965	9.14326977101025	2.28228929601735	1.51027324515389	-0.392466768492115	1
X2909966	-5.94482822595007	2.09354827361724	-0.449211351784304	-9.46119923151382	1
X2909967	4.64976337804074	0.629565053920168	7.35705491999971	-6.2741078862646	1
X2909968	-8.9968052008402	1.55094218296387	-7.74560886171021	3.10232775875991	1
X2909969	25.6810289291623	3.12809031909213	19.7272563467189	1.42291440395945	1
X2909970	-11.7638262853595	-0.451116541640869	-19.1281319547388	-1.86317959084039	1
X2909971	20.1969590780927	-1.39287901124943	6.13881760852221	7.78802452312757	1
X2909972	-25.149956201505	-1.54773953574444	-22.3710380484975	-7.27015946955888	1
X2909973	2.2707206785315	-1.83930845875712	-0.868474749366689	4.7983175987496	1
X2909974	-12.0675134027982	-0.0712972991845449	-11.8147301797201	3.99539164815275	1
X2909975	12.9114381870118	-0.784325958193573	25.3923448654903	2.9854818303539	1
X2909976	-24.9849547110948	-0.331544069349198	-14.1212070167268	-3.36041187505882	1
X2909977	15.993459372295	-3.16406531109496	21.0010846557791	3.95835313897231	1
X2909978	5.68230927703585	-2.14552076458098	14.0430921549263	3.63948501208511	1
X2909979	11.1592966247186	-2.48023565414024	11.5684725254193	3.88046474465503	1
X2909980	17.7824461616878	-1.50678398055447	24.8148912953207	2.60499951946977	1
X2909981	-9.40842115872618	0.467351871431834	-2.96889016821152	2.99588708209322	1
X2909982	-1.7188653176858	-2.85291648291021	6.5480898991343	0.659242622351716	1
X2909983	-0.0454321538969058	0.640113618876108	-6.44892286737207	-3.5152074069787	1
X2909984	16.6687528483899	0.865929555026933	23.3900710524302	4.43541516398803	1
X2909985	-3.55611335523931	-0.085302221785809	-4.34912945595478	0.549684900145392	1
X2909986	-17.5241923929051	2.34761463171115	-12.532769918941	-0.800447150275935	1
X2909987	-7.09556896062339	1.95532566811461	-10.575206888779	-1.36360022279101	1
X2909988	-15.7732344899112	-0.459303604642027	-27.7450391142925	6.75609760741615	1
X2909989	-10.4102866876719	-2.71679584357136	7.75408004662708	-0.160817257146184	1
X2909990	-20.2505100858275	-0.11572545529151	-23.4889506250148	2.77811983787207	1
X2909991	-3.25077710771606	-2.90096670239067	-1.61280893905175	-0.577526494563859	1
X2909992	-32.5516423034527	-1.40794109371447	-23.5264042766406	-0.623757893471263	1
X2909993	26.7398030188913	0.233788393346711	15.0003808367052	1.50603033957624	1
X2909994	6.64288487524443	-0.66068093770313	11.9498476386028	4.2887101745797	1
X2909995	-12.6122144416876	-1.56516797736891	-13.3623965100535	6.82895262620964	1
X2909996	-2.37276940334329	0.516956539985892	3.94399833474747	0.0926579960993385	1
X2909997	-15.4312179011036	-0.922977917559195	-17.6565307230196	-0.0185355902425177	1
X2909998	2.31061080048656	0.685440606872731	17.328347662182	-14.4063466603326	1
X2909999	-35.8139991929091	0.511552051632241	-26.4710660437108	-3.36974930545441	1
X2910000	-9.87752801004296	-1.44656669096143	-17.2205302712607	2.58712669050602	1
X2910001	-0.670920193003576	-1.14679840336162	-7.91027432507832	2.84443441287446	1
X2910002	12.8592009098114	-2.55406126835523	18.096012402708	1.85823884701292	1
X2910003	4.86213523232238	-2.38298871307292	-1.73993252096679	4.32736189372102	1
X2910004	-3.73873047530981	-2.98760249126293	-2.52576760584505	-4.08008070496367	1
X2910005	-23.6737193197493	-2.09093010355811	-16.0754109177074	-1.00501555665394	1
X2910006	11.4349995742186	-1.14782057361999	25.3633996235041	-8.29248413205231	1
X2910007	-23.414459831259	-1.21351218164206	-14.9676082228528	-3.2826249329084	1
X2910008	1.6287601142174	-2.2586233035946	9.57912025362014	-1.81988553850654	1
X2910009	-3.88228235689879	-1.61129647111792	6.55499407910027	-7.82078008367425	1
X2910010	9.8654438529761	0.655536921563138	-0.45697529656272	-2.72684468498861	1
X2910011	15.3658198698121	0.648543114918087	18.0808017709002	-7.66724783231528	1
X2910012	-20.9358449319704	-2.57695646984597	-6.80187090263968	-7.01261056642514	1
X2910013	20.0645591201183	-0.914301850552713	20.0538852743565	-1.1360587842986	1
X2910014	17.7929414789754	-1.59039942476282	13.4628995930469	-2.96384375033415	1
X2910015	24.9399015587807	-0.208042615404182	20.8285234765726	-6.4026859763231	1
X2910016	-1.66456246380631	-2.16231637956987	3.22996652972784	1.22072490784404	1
X2910017	-12.0309333949664	-1.67688829733369	-11.3126133070656	-8.22160294521966	1
X2910018	-10.728998368667	-1.0818804879384	-4.53186875051296	4.672465880209	1
X2910019	-24.5494893823538	2.21495388285774	-23.7853344599073	5.24019959090481	1
X2910020	5.80638059482063	1.38103352672694	12.998707278209	0.0217533751690276	1
X2910021	2.43437842524273	1.06688004540441	10.2308970767101	1.67915391234426	1
X2910022	-8.81914794667707	-0.479968417463013	-9.64945215301624	2.19304188138158	1
X2910023	-5.02619080271379	-1.98389652328732	4.68207850051263	1.41641114344658	1
X2910024	6.69245603187426	-2.48371276974691	14.6440623524416	3.00505329552674	1
X2910025	-22.7476459130197	-0.185944957429017	-17.983475792972	-0.729652084407362	1
X2910026	-13.2110113586435	-2.06605577415223	-7.96147325508589	3.48536319359354	1
X2910027	-4.25876997740255	-1.37452909739789	4.27592311807849	0.184189152189947	1
X2910028	-10.38066946307	-1.21701686877465	-14.4297265935318	-4.1621194493061	1
X2910029	2.63132239977155	1.58478725378024	-0.161617405211205	-5.62156624732939	1
X2910030	-24.9176405434452	-1.41816033910572	-32.3552357851589	0.0110150853185325	1
X2910031	20.6096018950115	-1.18684200296445	23.9208990780825	-1.00771487539572	1
X2910032	13.8462796047676	0.793958100590437	-3.28396618997801	4.88956957098005	1
X2910033	-38.184797874259	-2.02797647640455	-39.7659392077514	1.48998322437215	1
X2910034	10.8788462719676	-1.25881586872681	21.3430761255959	8.12423105989892	1
X2910035	21.0994465510858	-2.15130259494549	11.7789122233578	2.89190835107548	1
X2910036	-33.2610264664311	-0.962854366072069	-15.6079742370242	-7.30355343884638	1
X2910037	23.3477494203085	-1.56932560477203	16.3221325160873	9.4058829202311	1
X2910038	16.8433344467342	1.95067831158116	3.75558414746438	8.12889301716423	1
X2910039	7.5074832696666	-0.96014496489492	-9.37047808307448	8.16837235736744	1
X2910040	12.6042494588515	-1.07035168665284	3.7274480098668	9.26927814964697	1
X2910041	10.9372149237753	1.54885266366703	2.23282804153967	10.6562324546288	1
X2910042	5.31742565502337	-1.72467577538654	18.4168841015161	-5.69141876136568	1
X2910043	14.8340950267793	-1.29433547508903	18.7375930315789	8.58251572707332	1
X2910044	25.9100179937833	-1.53737628247177	11.1077710626437	11.9825167264406	1
X2910045	-14.1664403560143	1.06741795786746	-21.4224094942055	0.524328151745158	1
X2910046	-13.833523335262	-1.94414143660884	-15.4118600061518	0.455567364291902	1
X2910047	-5.44197372203325	-0.87621516867382	-8.89234606263994	2.5832983784605	1
X2910048	38.3166519412713	-1.52263485385935	14.0502996906383	4.28248912247142	1
X2910049	-1.82589950551296	-1.0616901495458	4.99327072542339	-0.161916319455639	1
X2910050	6.66908286769088	-1.52953129122846	12.9826681304867	-3.95191398052015	1
X2910051	4.86969949930916	1.18028849691419	3.04964183412756	0.227732950104539	1
X2910052	4.08469216435935	1.24987560073529	-9.24299985005637	1.93328596446061	1
X2910053	7.90799060400973	-2.02819244601634	20.412315019778	0.114964860468089	1
X2910054	27.1814611711947	-1.07523855334095	18.5807836425779	8.69434294275232	1
X2910055	-1.6090666443125	-1.42429762528953	3.46772451123406	-5.09928239249726	1
X2910056	5.78343287546229	-1.20036556619125	13.6583504311794	1.12454754212919	1
X2910057	17.5926406734177	-1.82693928274019	14.3095355906593	5.03404431817191	1
X2910058	-3.02737864294209	-2.82171749911438	-3.73453255500896	-7.34256504456527	1
X2910059	8.00723469619177	-2.7768586288797	11.3832395751489	2.79951984208969	1
X2910060	9.23253082664344	1.29377682068391	5.56254386040343	3.67046538956092	1
X2910061	4.14316892663588	0.146964381737239	0.546595658166319	8.31558561297921	1
X2910062	0.0436910474068153	0.667755693879174	-6.94581815683672	3.19477270744739	1
X2910063	-4.37295875160162	-1.64573195690112	-5.76394350591718	7.86148079120142	1
X2910064	9.07740349160773	-1.59024076366518	0.191627922941292	6.19788803065694	1
X2910065	-12.5959191046741	-1.27663345794481	-22.2424704655386	-2.89531721023871	1
X2910066	-6.41334500700747	-1.73558451333376	-11.4655979994074	7.58844047085576	1
X2910067	-17.5820391646439	-1.45717616603725	-13.7128659399178	2.65552728154037	1
X2910068	13.4542900453894	0.131196730949845	19.2942464604757	1.62767209907468	1
X2910069	-22.1864006637501	-3.35297920896756	-5.01323852928186	-2.74047352249958	1
X2910070	-4.07689690437169	1.36098841890119	-16.0736894241408	6.24087400955909	1
X2910071	18.6923543615382	-1.67581581073004	-0.577633155202711	3.73098646719831	1
X2910072	1.82422418993324	0.866503905182752	-4.98196477723739	1.11602509719768	1
X2910073	-12.3920041728339	-0.103985190939235	-3.56745398867612	-0.294808052207335	1
X2910074	-8.42136223462779	0.19005728644401	-14.7799775650451	3.3662778903085	1
X2910075	-14.5835248261226	-1.57870896249711	-3.51429276858413	-6.14590687909258	1
X2910076	-5.24482030294467	-2.37373584402659	3.95550394200308	-1.18806749391445	1
X2910077	-3.59583391792338	1.42481428847259	6.72367208936052	1.35444297150903	1
X2910078	7.06826783150001	1.74381727512031	-7.58658477981125	5.08973656096504	1
X2910079	4.02239153277398	0.289056665840187	11.1103177087477	7.43962814121779	1
X2910080	-9.90168679786872	0.928123024333306	3.30847089119885	4.80595632268388	1
X2910081	0.100212920898955	0.193390163227898	0.434718185189002	-0.824936402619017	1
X2910082	8.13930485383267	-2.01555463064417	11.4495775264651	-6.45837933851408	1
X2910083	6.75897297352207	-2.84925421114454	-5.15408197172536	-0.27020901358517	1
X2910084	-6.04559313049203	-0.00193984508784469	-14.34518482095	2.23846996295297	1
X2910085	11.6887854202066	-2.67918465855443	1.81905395450713	2.72464707090385	1
X2910086	5.34804923554992	-1.37325759776911	10.4388320235074	1.67066850308991	1
X2910087	-8.42243733863725	-2.74220229650754	8.97395303901568	-5.01192907582513	1
X2910088	1.5292527599159	-1.20149172128201	-15.609848539876	10.0043465005547	1
X2910089	-14.8720122281587	-3.08125433255404	-2.58912779048562	0.900715433908546	1
X2910090	13.8196153212708	-1.02254142734882	7.17162770706405	-0.0643002448167793	1
X2910091	3.18875293768075	-2.674431507133	4.99488175888443	1.77902252241299	1
X2910092	-22.6386947122105	0.712004884048499	-26.4687186886753	-0.404013538118319	1
X2910093	-12.5485212306473	-0.344097341539491	-5.76517651226746	0.913864691069184	1
X2910094	-36.8569245241865	0.362224587373519	-23.7490371695055	-3.25144730709137	1
X2910095	-11.2063583196193	0.0451485837518659	-17.708911282765	0.136032709363112	1
X2910096	-57.7556032625596	-2.75609875559154	-51.3381425271795	-2.30801673918937	1
X2910097	-24.266595751063	0.850525694992528	-23.103664864205	7.69165652142403	1
X2910098	-47.8332965054944	-1.30988050608982	-25.4876922159687	-10.0261283212694	1
X2910099	-26.1699950070997	-1.79157750133725	-19.0127607772634	-8.39150406735559	1
X2910100	-27.2813638468019	-2.88262107953034	-29.7525110553077	-0.00566738459066496	1
X2910101	-48.4535795349204	-0.821871715397471	-39.3308994850562	-5.89827955116426	1
X2910102	-35.2411513008286	-1.62507357465051	-28.4116692761183	2.15011672379282	1
X2910103	-8.92491585087621	-1.55922275940028	-12.4137523685716	-0.699374567469671	1
X2910104	-32.3016984240112	-0.168272794933607	-24.2255425644336	-12.5888484605864	1
X2910105	-48.9418434177651	-1.16097833285554	-40.1190742082392	-1.023069493302	1
X2910106	19.08499632462	-2.0010824511589	25.6443090613409	1.78852310113227	1
X2910107	-8.90556473745089	-1.50356982983223	-7.49355260346103	-1.53237586591977	1
X2910108	-26.1193027069821	-2.68626955611772	-22.3529264922692	-2.89107197960839	1
X2910109	-53.1980086513076	-2.91171400994684	-47.4502753834626	-3.82702638251808	1
X2910110	-7.22218602317916	-0.083215486498802	-9.28063760638846	0.24024943327357	1
X2910111	-50.6148695587054	-0.238338775511057	-47.7754049156559	-6.63158671606386	1
X2910112	3.96527863038448	0.498452288951935	12.5647413439296	-2.70077361667385	1
X2910113	-30.6474383062218	0.400922246501063	-22.5516858837757	-7.71040016185643	1
X2910114	-4.67574227464714	3.77330637773769	-5.87554623368328	2.28890049014591	1
X2910115	-5.12010589126915	-0.524129237154894	-8.49861425101131	-0.773461973158027	1
X2910116	-8.3249251561808	0.419174104235121	8.60816636281613	-5.21392329710911	1
X2910117	-14.8539869362236	-0.774043486942734	-13.399224094618	-2.43980890918036	1
X2910118	-38.1942599668407	1.41524758398517	-43.3438520865868	-0.418970754765397	1
X2910119	-7.4529558489581	0.0875825055929318	0.653506114656426	-9.0134010854534	1
X2910120	-21.293124910254	0.619287206237836	-18.274744928927	-0.227826773688013	1
X2910121	-11.8428581528483	3.30839777790388	-15.7276165159336	-6.38503556204242	1
X2910122	-29.4021784211647	-0.344736939211722	-31.89082129561	-4.65500141196097	1
X2910123	9.85424894836216	4.89530551464309	1.59052374226518	6.86061727347081	1
X2910124	-16.014358557602	0.977103736391742	-13.1714239338162	4.7010052044104	1
X2910125	-16.9567675190143	3.57158414429933	-14.5060044112535	-10.8207068967605	1
X2910126	-0.53055026653677	1.69274170311421	0.0360807324510459	-9.00378559022437	1
X2910127	44.1344748820568	0.779223458223305	33.5861750317882	9.86133364939435	1
X2910128	-4.621420454241	-1.30460293823489	-3.79576406798331	4.47006624684282	1
X2910129	21.109601768985	0.334244107877867	21.1867170974668	0.820522772779862	1
X2910130	2.21423009658584	-2.6468351660648	-10.4573269957389	2.06521124441919	1
X2910131	40.1702991775613	-3.15345036517308	42.0001413994391	3.28197708414928	1
X2910132	40.9435810117714	0.0796389056973414	37.9668477507601	2.51033966310123	1
X2910133	35.4123037863678	0.537730604297087	39.0525990684529	2.10114576172652	1
X2910134	28.0345446827114	1.13363156326089	19.8705664053015	5.78456308643667	1
X2910135	43.9041213652779	-2.23235826603843	39.6058094482327	5.75161775843293	1
X2910136	30.0674526631684	-2.71047813366003	41.2720260314703	1.6620587915095	1
X2910137	27.3044150465439	-2.27689586784515	25.0813878223252	2.90906720013839	1
X2910138	27.9505617185675	1.12137621202658	32.9292508779463	-2.72058369750129	1
X2910139	21.0284013426191	0.233824263272414	11.7858869112172	7.34684260790989	1
X2910140	-0.87675850284992	-0.710848007351919	9.25169243091933	-9.12858199898935	1
X2910141	45.904315635518	0.756895553562718	46.1839450479768	-1.83776300123815	1
X2910142	25.8624755752208	0.671174788894929	20.1508678525592	1.41413364345858	1
X2910143	4.71915277786132	2.3105271250387	-3.81638908159611	2.44757950991505	1
X2910144	-3.54991612357725	-2.00021819004073	-7.09069606044974	1.74676215751509	1
X2910145	-20.7033504850987	-2.5346023518829	0.996302680896452	-5.0916093754262	1
X2910146	-13.6657954498481	1.16780864731717	-6.69361527774989	2.39629925366063	1
X2910147	-3.40526095876204	-2.73848229039918	-15.0969393372967	5.57498485413348	1
X2910148	-0.245301503699833	-1.89537458183663	7.62199382845136	-1.52944326080867	1
X2910149	-8.0792448048698	-0.33996577353474	-11.0121713792185	-0.187677470495453	1
X2910150	19.1387113315592	0.0183988046689986	31.1423257085993	-3.75210765774022	1
X2910151	1.04017717120348	-0.0687275546192031	2.56786505830341	7.0380158630293	1
X2910152	15.0831513540705	0.276243495420557	9.73258123677101	-0.249034062656932	1
X2910153	23.0404039098054	-2.04916015522833	30.6787938436446	2.00210204211524	1
X2910154	-10.8375835228205	-0.920029479746186	8.68231564535854	-3.27399470817372	1
X2910155	-16.1175433238038	0.135035436885172	15.6114988939917	-9.56139254615918	1
X2910156	17.449575960098	-1.05977553776844	1.57704248815707	1.99016471856557	1
X2910157	-1.56451251442503	-0.242471077832835	-1.49051622966794	9.90870664227747	1
X2910158	7.66322847153393	-1.50966488836239	18.7200210585952	2.06155155878636	1
X2910159	-28.9945183263652	0.435312225389691	-17.0026399957031	-2.77645804220036	1
X2910160	0.275112573483454	-3.89302654771405	-0.133777021065458	3.43998943976799	1
X2910161	26.7980643721793	0.159671708588722	27.4937719311717	2.35389964774791	1
X2910162	26.7397232146189	0.357759813633602	22.1830005673862	5.83516647458399	1
X2910163	-1.94455151035557	-3.24594277935617	5.45084625179322	2.27641722295333	1
X2910164	35.0680025465891	-1.40881590250343	28.9572063425228	2.20417778536258	1
X2910165	21.9347697667724	-2.09467017016965	32.1213013443694	1.46960575496461	1
X2910166	15.1009165523252	-2.35931025468148	2.81823328303963	1.11628203221031	1
X2910167	25.2584350080132	-2.63927124670797	3.55503220218403	9.40851119257048	1
X2910168	7.77637650800678	2.09325079189231	8.02454034725719	1.5666609212473	1
X2910169	18.9706870359822	-3.59127501143988	22.0634204106328	7.43334267353374	1
X2910170	-19.0876636718481	-2.50320331223391	-3.63850127555102	-4.67701034034885	1
X2910171	5.24182223534013	-0.00846509840218687	-2.88203969027714	6.51114866678818	1
X2910172	15.3573371906364	-3.19197860397048	17.5007533282966	5.52769266870723	1
X2910173	11.1263182828281	-2.76865046791287	-6.83961546251733	2.49157740464343	1
X2910174	-5.18346890280995	-3.21070732875295	-3.38299165756513	-2.38157880278458	1
X2910175	20.2161584740897	-3.14019446037508	21.3515314931984	-3.2460760915451	1
X2910176	13.8587172527762	-1.15995251373542	17.9793171673638	10.2062616930783	1
X2910177	27.9605692232635	-2.54475741012378	27.6024438497208	2.87277769887193	1
X2910178	18.6070242251751	-3.23348915347553	29.729675809524	2.61840427045013	1
X2910179	11.3417016598678	-1.81485108789617	5.04550529635555	-2.05828102181921	1
X2910180	14.1061255562978	0.460022541477171	31.5541910861909	0.186389239387558	1
X2910181	28.285085906235	-2.80529516961287	25.8887913578641	-5.4835111107128	1
X2910182	10.7540149123159	-2.09504989602635	10.2326487005121	6.60050466249316	1
X2910183	7.91195078561995	1.00846197106146	7.13842588572678	0.371908582353926	1
X2910184	19.8722522587533	0.1428809168458	3.4555425394813	7.47304794367454	1
X2910185	-33.9102996587433	-2.66101868294813	-21.2582777982356	-9.20038242001124	1
X2910186	0.944243732043622	-2.46525733927086	-2.94409489030722	-10.9347596316647	1
X2910187	-9.64620877023904	-0.902974870194294	11.6898664327374	-6.83387808238691	1
X2910188	9.97893226794868	0.0252684802246932	18.0006126876018	-9.43728957622577	1
X2910189	-4.49663018113279	-1.32625324978962	-22.127367410827	-14.2313632261055	1
X2910190	-17.7050803650289	-1.48857931460457	0.368408790499457	-12.8595811254019	1
X2910191	-27.0271628912101	-2.98913325597364	-14.8455865957591	-7.03766877850243	1
X2910192	14.648006314382	-3.88805519548954	7.2565427758551	0.716475146105671	1
X2910193	-24.3086917622196	-1.19793550565238	-17.9565810437554	-14.626806477453	1
X2910194	-15.246913362852	-0.838555063822868	-11.8629527115279	-0.848593678460377	1
X2910195	-3.79388595591346	-0.980568511229573	8.329953759267	-4.67984688623841	1
X2910196	15.2172376131359	-1.39595387981691	28.8659972296931	-9.22770239981547	1
X2910197	-7.2032072868695	1.94636055396389	-4.75220255432816	-9.59865998178014	1
X2910198	-8.09666034788104	1.60291299221011	3.73430349952705	-9.29302479644825	1
X2910199	5.58572237631966	-0.669014610745062	19.6679679123126	-1.32585147212666	1
X2910200	-12.8976485705615	-1.07581565637057	-2.73548479088026	-2.42811877922119	1
X2910201	1.56253129385035	-2.89631663791352	-13.4327248983202	7.96548913719731	1
X2910202	-25.5288643518296	-0.848071820655853	-11.1984733290758	0.950923418432848	1
X2910203	-4.04420934569809	-0.835892531661886	-17.4243992070429	1.96506128639993	1
X2910204	-12.5244461679269	1.74923974277481	-4.69509335685776	1.41609918666365	1
X2910205	-0.388068495847985	-2.56835979486107	-14.4138031212711	5.13133634872434	1
X2910206	-4.33975938441029	-2.69860477045863	-7.25889694062403	5.25963226687781	1
X2910207	-14.6194200984716	-2.21857051254928	-0.843765126579374	-0.361297503681831	1
X2910208	-18.5086939745177	-2.46412214402277	-20.4566538150159	-0.173549161424955	1
X2910209	-1.98969931715342	-2.25030512209851	-4.32739739955904	3.13511164048347	1
X2910210	-28.4346700973095	0.166410112980401	-28.6522064051951	2.76401149369018	1
X2910211	5.35850775564746	-2.00486171289812	0.489434762905579	3.62763785763371	1
X2910212	-36.5292553365131	0.383873475803953	-36.9185865611075	-4.69294396672148	1
X2910213	-33.0327827601473	-2.20958578400762	-37.2266103799267	6.1996532067726	1
X2910214	3.20472330049311	0.509272667421609	-3.53113781768432	-0.639287636849909	1
X2910215	9.17711081670161	-0.520563426425454	1.51546134388491	6.52047132542441	1
X2910216	-4.14726037884509	-1.41474511116351	1.64258298816729	-2.86150045161622	1
X2910217	-40.2884294573575	-1.74574547976998	-40.1639928386419	3.35165137972504	1
X2910218	-25.1431406198341	-1.97874902371425	-23.8743474116009	2.83411604511362	1
X2910219	8.66497085570513	-0.864615501275292	21.6905175532036	-0.00938179306679077	1
X2910220	6.52092077965367	2.37572390499412	10.908285322566	8.34676172074092	1
X2910221	39.3594907522065	2.139014493414	35.1078401271192	7.22865728789512	1
X2910222	15.4860256320733	-1.38111194503349	3.43758049806396	4.44637637679585	1
X2910223	16.9638019891768	-1.92303121537488	10.2641842514408	5.84752485777817	1
X2910224	51.292913911503	-0.96546349814302	46.5373971676938	-3.29746058869779	1
X2910225	20.0785612774903	-2.43557776972218	22.3207363874572	3.72286979226251	1
X2910226	18.1679114992622	-0.14410188833159	27.4985457599464	-1.11096890039919	1
X2910227	19.8819484963659	-2.09910878201966	14.0796968453243	1.6060490860022	1
X2910228	23.5657357368396	-1.47938820592747	11.3488751817747	8.39523235810967	1
X2910229	0.426172080430315	0.925310518201431	5.02352347062061	-2.83017399064962	1
X2910230	22.0474258930828	-2.32183158044886	14.6866090399016	3.37194058774165	1
X2910231	29.8293070209617	-1.3065925358774	18.7222502349485	3.62003810221704	1
X2910232	19.5873704028292	-2.28876264993734	23.0165377780751	3.94392971114465	1
X2910233	13.1068586080478	-1.52754435037648	15.0014371525307	5.99544518694913	1
X2910234	21.1634551739722	0.576743428980805	21.1603648135098	-3.39503490725798	1
X2910235	11.7927441078146	-0.0532289352239875	32.5258227213519	1.66174507236886	1
X2910236	-7.46520663562147	1.26662993533354	-8.19024465268815	-1.73099297455684	1
X2910237	14.6429678137053	1.23578561702134	9.45556505340433	3.02112760802109	1
X2910238	33.3230566049728	6.59052174836757	28.5521637840324	2.57383301689179	1
X2910239	-10.5556549774097	5.37356856074016	-5.78355967068864	-1.78312445670694	1
X2910240	12.2594233458782	4.61593251317414	-6.18897408309775	1.10225983208234	1
X2910241	10.5739160979706	3.76894130693385	5.03643323329129	3.60287369686794	1
X2910242	14.1928378641229	1.23215925607606	10.4113643925532	2.4306474114538	1
X2910243	-19.4627283948642	0.670631843335332	-16.9414556767557	2.48104415511348	1
X2910244	23.7086596720637	1.71010776659351	22.5811153406569	-0.679975474243912	1
X2910245	7.96575633712855	0.721586181643814	2.95391734190685	3.85588947843128	1
X2910246	-25.5754103419592	0.824630716710814	-35.3135937840876	1.55575213262893	1
X2910247	23.3233252059254	0.519457392017355	20.2489447219427	5.20662989943627	1
X2910248	-9.20499164221705	0.408143247533623	-2.59636918378011	6.13274744125476	1
X2910249	6.97941223023851	1.24402342922673	-8.25724076258435	-1.85505427669987	1
X2910250	-28.7276785814577	2.93318578405877	-21.8524208650566	2.314013165286	1
X2910251	-1.54592975210434	2.35939087413707	-15.7734103613813	2.13232745302568	1
X2910252	-17.6581752511156	1.95639151572862	-31.9216442850858	-3.7309962183469	1
X2910253	0.311750098857963	2.70605300324955	-14.761660798709	-1.89658711645577	1
X2910254	0.992872277399532	4.45601507175595	-6.88790098069404	4.3832298517697	1
X2910255	2.99039136913707	1.47900709528463	-6.11966543154864	3.02333050787626	1
X2910256	9.95332012234829	-0.218919037120041	15.4555517513952	-1.56555871568233	1
X2910257	-24.0063888630368	5.3078809328948	-20.5738665358873	-4.17874315639727	1
X2910258	-25.9696158659729	3.28825579783341	-25.3918376143023	3.63296693256335	1
X2910259	10.0301676830474	4.01810585287895	19.1325369078989	-1.55780686196237	1
X2910260	3.39741074727621	1.53880251707405	5.43934128257037	-0.778499676931787	1
X2910261	18.2925227232973	1.06685990945389	10.5500979693616	5.4702243283357	1
X2910262	4.93805075665143	1.54444284168247	9.12205029035481	-0.0658322286266539	1
X2910263	-24.5130637809879	2.59282780597295	-5.83084442937238	-1.04425436125169	1
X2910264	-7.55449880852541	1.12581038244973	-11.8283034752897	-0.161163441956085	1
X2910265	-29.9395226081958	2.76107387208398	-36.263697825153	-2.39696500018138	1
X2910266	0.448446659516804	1.85135055246707	-5.82550652296466	-3.17249656266185	1
X2910267	0.28519974399212	2.07303104552408	7.32228295883933	4.09189914344175	1
X2910268	-19.0309165364807	0.856436932840587	-11.8937466667234	-2.1352537733034	1
X2910269	-7.17469712400811	0.177660044479402	-18.7537449324626	-5.94334920977542	1
X2910270	2.90731809026165	6.17168628415782	-8.86483831298956	3.06475092641055	1
X2910271	23.1913630051271	2.03684942050903	18.3741543065837	6.25824753423366	1
X2910272	21.0766310837023	3.22535652425274	18.7520240613376	-4.12997791612194	1
X2910273	-4.59607706982954	4.98750145537543	5.28617721986778	-2.1594868441066	1
X2910274	-5.31509554019238	2.81799073466158	-19.879544251102	3.53672245037288	1
X2910275	-1.89553064214145	0.366971332766755	-2.73728557392391	3.36502759583314	1
X2910276	19.7614863797322	0.713515799686336	-0.810172915365379	4.54032847697908	1
X2910277	26.9039584383002	4.34382415691327	1.13993396858583	11.1641414977454	1
X2910278	27.2237383485003	4.93502675316514	15.4078416739618	5.00055772263696	1
X2910279	5.24638053606597	1.03246417940158	1.17474738098402	8.11181314273655	1
X2910280	4.25771275852936	5.17480425374066	3.39181286779104	2.73929918325583	1
X2910281	-24.8567055589677	6.2297491046247	-41.6116416145973	17.4418877310344	1
X2910282	15.4759536635466	0.224437783355367	18.35802018377	3.29433567818878	1
X2910283	13.8258169872162	5.14618981787877	14.1162112864511	2.85736843001318	1
X2910284	-27.1854594254047	0.844597456129539	-40.8058546572473	1.62411239499459	1
X2910285	-11.5437991870141	6.06980114573997	-17.5252031469732	6.38369341191855	1
X2910286	-2.00398381462273	0.962214198856913	-13.6579598488988	-0.542838706337434	1
X2910287	-20.60915926171	4.26512915868359	-19.3135176225927	0.0349322863139625	1
X2910288	-1.18257088845313	5.45702964703696	-3.18137516446785	-2.29640662135282	1
X2910289	0.952387381270708	4.37265966019928	2.32847421708826	6.71377391182638	1
X2910290	-22.9675523389921	2.28902254718286	-32.9919816385537	2.07777117698675	1
X2910291	7.4268514391869	0.108302975159944	2.65978836874452	0.31250758803753	1
X2910292	-12.5480476522529	-0.203436502931445	-6.71808793854445	-0.0295841588733095	1
X2910293	0.248266328294385	0.815768458224951	-9.22045871727371	4.39165140786565	1
X2910294	0.579649268099906	-3.51848459808886	-5.39713770809473	-3.11457371777073	1
X2910295	-13.0725139900981	-0.502072072212975	-8.52658916892599	2.18011846911549	1
X2910296	25.5235150759898	-1.16560136825103	17.6129690098095	11.0892855381371	1
X2910297	-0.805852532230761	0.836372678617907	7.65940621963612	7.23084772122596	1
X2910298	-14.668156352241	-3.36774553593645	-16.8873313745986	-5.65995659022666	1
X2910299	-16.833830770852	-2.15758110444177	-23.5051680413492	-0.227099382480212	1
X2910300	4.89654168787789	-0.335501883395879	28.3504625256656	-5.50399161650031	1
X2910301	-12.1789354564061	-3.21598407776467	-24.2784275423716	4.67129430814746	1
X2910302	-8.6516878834349	-3.1253442267092	7.31985313700209	-5.12283816137007	1
X2910303	7.70658927404369	-1.12129420914907	8.70986110262635	0.482729393156194	1
X2910304	-7.80356802123914	-2.60752382169926	-6.4036609816443	2.44347936501354	1
X2910305	-16.8047995054574	0.734169530196017	-25.799347564286	-0.480153395492414	1
X2910306	-14.8442760953867	-3.07185383737096	-2.08342659180102	-4.3543604960942	1
X2910307	1.30287518514577	-3.64573147333165	13.0187067331783	-7.12542693791189	1
X2910308	-23.09889836243	-3.11515711336702	-18.228937702631	-1.01045198389951	1
X2910309	20.1356735854907	-0.0724230240479959	11.0960559444817	-2.45334214277278	1
X2910310	-36.1185306968353	-0.522091860933841	-24.6777902819749	-1.89790090453759	1
X2910311	1.52238225197962	-2.43051517872907	0.634449791255106	2.31386104003328	1
X2910312	-16.2498604001767	-1.97466670584868	-10.6601236192089	-0.376852847123646	1
X2910313	-5.68604265174668	-3.29167616121949	-2.05732139092012	3.89827124602168	1
X2910314	13.0384231240681	-0.340669698362395	16.0104615387375	-0.215759904640004	1
X2910315	-12.4232647592612	0.455866882622457	-4.94665354973521	-2.18564151234127	1
X2910316	-4.25406838818888	-2.23880148235382	-16.117824681059	1.60065344661369	1
X2910317	-2.10514292941633	-1.66753136873954	-7.57891270694055	4.57505835976803	1
X2910318	32.0563075630821	-2.57191721194811	29.6151192815735	2.94914221480002	1
X2910319	-24.1015237687486	-2.23382637131698	-30.3363870971823	5.83157479303387	1
X2910320	-6.75192265979122	-1.83703130124548	-6.63369764234377	-3.29846410563515	1
X2910321	-10.4516152260807	-1.21844921668362	-2.56841498737303	0.095333976664155	1
X2910322	8.96296994308417	-1.65350885592759	15.9908417179755	4.89305030547814	1
X2910323	-3.6354201643298	-0.179575706825183	-5.98794591686346	-7.94635361141423	1
X2910324	12.2908123648539	-4.02645443192094	19.2958496528984	-6.63513986090326	1
X2910325	25.5874039150678	-1.66099824208352	32.1808963247613	2.87891797681727	1
X2910326	-16.9816855926738	0.980417468989182	-3.4125234461173	-5.24663879310238	1
X2910327	13.9484947103964	0.551270298280259	26.4179429189397	-0.39851563216297	1
X2910328	-2.60410569825358	1.93695812201043	-6.47114196040852	-1.31733857028918	1
X2910329	-9.51145130774632	0.844508700448273	-15.310414469004	0.900101609966091	1
X2910330	37.0826749040547	1.14767888741713	20.7354476880859	-0.323872659700597	1
X2910331	19.0678443898855	0.646737022475574	17.2843620928926	1.58992514178063	1
X2910332	36.315249022858	-0.135035247518693	35.2407241303222	-4.06341271706936	1
X2910333	19.5478095711546	0.511587604877747	25.6563872967498	3.41608368092347	1
X2910334	-2.02137968829257	1.25606558618446	-3.40303111631704	3.47975953988412	1
X2910335	27.124521469192	0.43338721493985	26.646069332317	0.655630246367071	1
X2910336	17.5876457042268	1.1194221039757	9.84106030931899	-0.994985796498599	1
X2910337	19.0690921181022	0.801575342431453	5.29578981321992	-3.27064140412647	1
X2910338	16.1812207264577	0.673311905463503	13.1237326958846	-3.87488616626341	1
X2910339	8.08918303216012	1.29515881537859	4.82953237215797	-2.20611192110652	1
X2910340	38.8293379363626	4.98134713849526	9.74101011400811	0.955978649334707	1
X2910341	20.0983575991602	1.80095552288672	24.1324109551712	0.327792716227938	1
X2910342	2.68126880516143	1.18160779772947	3.91274374808463	0.34010288025306	1
X2910343	25.0747048935796	3.14569637129884	33.3106219348459	-1.3009337589911	1
X2910344	23.206461504904	4.91973215587464	7.79611765088298	0.596447016148731	1
X2910345	33.0431066493856	1.5446766795888	33.9319838061891	-1.28751156052367	1
X2910346	-0.1801688674645	1.62561544411998	-5.95570234032997	-1.70748330875225	1
X2910347	31.5656181074017	2.1623498233251	21.3343313709027	6.0640391436124	1
X2910348	22.9616158930503	0.256647424055965	27.6868473534291	-0.935631730358099	1
X2910349	28.2067340699325	3.8340774663295	33.5161846254008	-0.982070362100833	1
X2910350	-18.5383671662791	3.61215823084468	-17.9696086090022	-3.01345394088087	1
X2910351	-10.8412079993458	0.670947594966586	6.20627536572112	-3.86819540335548	1
X2910352	3.92513393938625	1.68992182703958	12.6245840538281	-5.24866094349888	1
X2910353	6.5606683598163	4.5684953131783	-16.4835606828475	3.09657564497915	1
X2910354	44.1327714983078	2.00504934924989	35.0548355583706	0.957186597413789	1
X2910355	-1.10338972580875	1.39289753294156	24.9601948271369	-7.39507456919586	1
X2910356	-16.3083941793031	2.96875647530992	-10.3023918333534	-5.54030705038706	1
X2910357	6.69871651621684	0.0189349401339667	3.47330987636289	-3.9048989527615	1
X2910358	-6.89232093667992	0.929316326449722	0.146271054911756	-8.4183961512927	1
X2910359	-21.5233282986809	3.93596396426639	2.90903791324599	-5.5246455594927	1
X2910360	-11.9955878700603	2.50950726718509	-13.2516228464872	-8.67944323497616	1
X2910361	-34.8219646018304	1.63521346228572	-33.821334038324	-1.58555463153797	1
X2910362	-32.5706210530881	3.8052061728938	-23.3700977762407	-5.13784309081975	1
X2910363	-7.77348633259275	2.8678863227548	4.35008445119439	-7.87012801519234	1
X2910364	-37.4316318935338	4.81634194210971	-36.7680793253387	-3.16629677263372	1
X2910365	12.7419509071199	1.29731878322334	0.0377710719465667	4.69289729601919	1
X2910366	-6.73597951260127	-0.128804489020126	-9.11012984800765	-0.35673900647379	1
X2910367	-2.3068371173254	0.895940298174269	1.16752589038978	-3.26690761833672	1
X2910368	2.08527637235421	0.966763754445175	5.03604905210128	-4.04042093582805	1
X2910369	16.857084338719	2.33021857776506	19.0048318207886	-6.43973069882839	1
X2910370	11.0200992186441	1.39996629358119	2.15087858872064	8.25047366990639	1
X2910371	-9.84514557821326	0.742619767376373	-13.3568924647541	-0.107969295256629	1
X2910372	34.7752927902463	3.66262739770493	16.1322488670493	14.564203788685	1
X2910373	5.86082324940752	0.460515121561109	10.294029679344	2.05331287697373	1
X2910374	-17.513050523851	3.40236204254591	-13.3297818745803	2.80964581822006	1
X2910375	18.419042494463	3.75834167733609	-7.9990505619192	1.02419870452105	1
X2910376	-3.47196182562823	1.28652895601555	-12.9957008705657	-4.12408099195177	1
X2910377	14.5484418999225	2.7136394405976	11.9333424502039	1.770862680169	1
X2910378	3.5015984338245	4.18554959407798	-4.2691211422543	3.17237434025425	1
X2910379	-19.4068491365947	3.64865824364031	-28.3524893612323	-3.45211063595563	1
X2910380	-0.248985429324799	3.36167999047699	9.86837941013004	2.12406835013723	1
X2910381	-18.9467795897861	1.32925339952675	-22.3076011118826	1.18006409096686	1
X2910382	36.0436424467044	1.46346108496753	10.357662887475	4.04227752098904	1
X2910383	-2.65891100869016	0.864855388284392	-9.29924857809802	-3.44270659242004	1
X2910384	-22.5336132263947	0.988256937465812	-22.9519157546195	3.24699925489224	1
X2910385	-6.04148911110829	1.62451291226899	-0.9746095349317	1.35723565916996	1
X2910386	-0.943160733861225	1.98853715663792	2.96106699815285	5.24643528752381	1
X2910387	10.0756202500822	3.32267316826247	11.5981209729944	6.27607356866404	1
X2910388	23.6762231550757	3.15163420276151	21.8036139708442	2.57041838447184	1
X2910389	-9.81733182205408	0.171478346488722	4.72804880654915	4.29006118550475	1
X2910390	26.0128122538382	0.556902292644327	9.72374598205097	3.18216487432595	1
X2910391	8.72546177006251	-2.56142556044608	-2.22737476337767	1.38483035315306	1
X2910392	-24.544166827892	2.47504741272713	-27.0975863563688	4.09932169863762	1
X2910393	5.72331847475224	-2.21312419597997	13.8095901016066	4.30885302459926	1
X2910394	-12.8080089768922	-2.78292154057257	-0.441736142519812	-1.00698638268039	1
X2910395	2.58390105809328	1.15212861373358	-3.96989475662175	-0.156823787207437	1
X2910396	2.03354236459625	-1.97257407167883	12.8958471606225	-4.74097959704461	1
X2910397	-0.843781633019772	-2.40769625586859	7.05546922509663	-1.17735054121716	1
X2910398	9.1784611390269	0.640405133123947	-3.85085637840034	4.75937563766322	1
X2910399	17.1813975015628	1.49623133917399	6.65975156183607	2.15592043534621	1
X2910400	-8.8093705996522	1.18915985596775	-10.2095693028348	-2.81583182722572	1
X2910401	10.5315718285948	-1.96331984572266	3.74253973980865	7.7070495766298	1
X2910402	12.7351461385168	2.00577183236511	16.8035543723008	-0.713185179336307	1
X2910403	34.2057988734093	1.42983964449604	35.960903644631	-2.11728369681393	1
X2910404	34.9939053595876	-0.13172208641994	15.2283517891089	8.62540362559523	1
X2910405	-9.02709555331058	1.72032512484159	-11.5022907626069	3.63782603312482	1
X2910406	1.04343819297479	1.28136811020782	-1.2027223521344	1.16330587870676	1
X2910407	8.68832769166208	3.93362238272415	7.94060194812888	7.48453443550568	1
X2910408	2.74355529599303	4.17640369371139	-11.3615242457596	4.00781225214064	1
X2910409	-12.7088176597915	1.06460844401994	0.748062841450135	-0.941125932913635	1
X2910410	-11.5277646554723	0.474304426639088	-6.33428314692561	5.48150580878345	1
X2910411	-22.7649375956718	1.95561862184954	-19.6122613218107	-1.92627829810754	1
X2910412	2.87493712759837	3.35050876776674	-9.25782991092818	3.42009550771569	1
X2910413	0.432573860772635	1.78856165308821	4.39104599353429	1.38324602893431	1
X2910414	31.2562465222783	3.61170456807092	8.75491162306068	4.78460372021993	1
X2910415	-14.1585615277557	2.09079098906785	-16.7393211409189	1.37866138015065	1
X2910416	11.5005171342591	1.93672996338452	-0.165440706121516	5.8239731068981	1
X2910417	-10.6723641082099	-1.62464775428024	-24.8776975080283	-2.33552034741392	1
X2910418	-22.9433141482731	-1.557409875019	-17.3697244654845	-0.540866585145469	1
X2910419	-17.5755926838777	-0.00396887594547521	-5.17416586146356	0.203070804981548	1
X2910420	3.91698759156515	-2.2925028516654	4.43223564616691	1.55225841450964	1
X2910421	-51.0569057315891	-3.8349406102729	-35.2745016847159	-4.41632689214027	1
X2910422	28.1136773792123	-3.03518125005246	14.5386599816215	10.8683518582103	1
X2910423	-2.59063302839647	-1.88805380961564	-12.4480319993968	1.427301444518	1
X2910424	-7.36875165576648	-1.87794960137115	8.28439754642807	0.897898173336785	1
X2910425	-13.9851011283996	-1.28954470405732	-27.9336876612728	8.36790668559772	1
X2910426	19.3528312261395	0.636494099082311	15.5941836173593	0.914032633172326	1
X2910427	20.6385201278047	0.754554753920862	19.5881089006582	4.99114963612622	1
X2910428	7.76984870437801	0.179813646045432	9.72467130504191	-1.38064628060586	1
X2910429	-37.3894381182485	-3.07370886901114	-40.0541038735715	4.13181848371458	1
X2910430	-4.29936234608237	-1.71224198002237	-13.6708495557309	-5.6472108457144	1
X2910431	-7.78654173525592	-2.64577189621466	-7.16272792766408	-1.08647031301606	1
X2910432	-21.0357206676624	-2.56956843781322	-16.1904884738264	1.73227373714245	1
X2910433	-3.41864383553364	-0.0919152600365998	4.39222718350353	-2.92022082060519	1
X2910434	-0.723608254549491	-0.227267673506495	1.17793131553805	2.86933702491725	1
X2910435	-6.41128903958486	1.821327955851	-11.1068857816322	0.399437756494211	1
X2910436	7.47176006448682	-0.0829058095815615	-2.9171074493542	6.34306388256908	1
X2910437	-52.0251468529022	-2.65573810920986	-42.1413581868926	6.02322123859561	1
X2910438	-12.0280126210208	-2.14881351258455	-2.72049814427333	-1.1559001644379	1
X2910439	3.9134048462426	-0.454319643947611	0.990494017666725	1.59057186100231	1
X2910440	1.9198458409031e-05	0.754502341114671	-3.41535546439075	3.67301470060924	1
X2910441	-27.5399657439453	-2.55927077129457	-17.0242217623598	7.7827306156166	1
X2910442	-36.8232104293527	-2.05347956670119	-14.4805161890767	-1.15799799981989	1
X2910443	28.5206206773507	-2.41671882568021	21.6930866556269	5.50357351502831	1
X2910444	12.1899376758525	-1.71219054624833	1.89524650277182	-1.4944709230065	1
X2910445	28.2290894426984	-1.02263994449252	21.5405401911847	-6.51946645715372	1
X2910446	9.36829115440983	-2.69973779223599	1.74577651949141	4.3213475259136	1
X2910447	20.2248183360031	0.877731297832527	14.8385527731579	-4.25294790334038	1
X2910448	-3.17547506513171	1.47962380666318	-3.12544530199079	3.51821439688063	1
X2910449	10.7058837568095	1.11184086428654	15.2675597071	-1.73932613880546	1
X2910450	-18.9201600485056	-1.41670096440941	-32.1379044313197	-2.06941827127418	1
X2910451	-21.1117419627027	-0.451029322320787	-7.72428335775367	-5.09515799561252	1
X2910452	-20.6519927268139	-3.08655820038688	-13.7143397064444	-4.34833824009604	1
X2910453	-21.9709714167236	0.0144581927169228	-25.3314582493648	-2.59848767079475	1
X2910454	-35.645347808905	-3.36941868269992	-30.0061400379163	4.23058519877651	1
X2910455	-21.3974678454864	-3.2295943612051	-21.559491551015	-8.0863174711007	1
X2910456	9.3031665929588	-0.476106777268645	6.15157151531739	-2.68432809160898	1
X2910457	-19.3214244703264	-1.27354494304494	-6.73574763415891	-3.8757784548999	1
X2910458	-20.456404690267	-2.3985639793821	-20.5304884418867	-0.276632645883226	1
X2910459	-19.1572449363699	-1.53317808353128	-20.0026354433764	-2.37617846806171	1
X2910460	-14.8157082188586	-1.57624704521914	-20.4297801576055	-3.96501550302888	1
X2910461	-30.4047984475724	0.638073971603119	-27.4522031851315	1.25278966061074	1
X2910462	-24.8058385148633	-1.31102938683489	-11.8513209407218	1.19536775238409	1
X2910463	17.6530236576856	-2.2433127618363	32.122526042229	-1.05616916394942	1
X2910464	6.63539031934945	-2.39229736544718	4.11107927145263	5.83156541469627	1
X2910465	9.14056954223871	2.16949016834242	5.64381425987012	2.2833530513864	1
X2910466	-20.7280170597457	-0.713346576844564	-15.9247035226975	4.28880299106119	1
X2910467	18.9337139718764	-1.51967293526686	4.66730515022599	3.53013224590879	1
X2910468	9.73929490327733	-1.10035094714853	11.3245434574657	-2.29194537037191	1
X2910469	-30.6604302895255	0.111988170616645	-35.3756280676357	9.85999115913716	1
X2910470	-19.3135601826606	0.520049575645457	-1.67852332586155	-0.973276939598202	1
X2910471	3.42841874861763	1.27969362591207	3.9235599030333	-1.76296455983436	1
X2910472	-3.64131372565056	1.04583821609841	-14.7533042697767	0.435493220562622	1
X2910473	2.53066984333084	-2.12598627795891	-1.3461690602891	5.64888769726986	1
X2910474	28.7210820995985	-0.63397085274304	28.6004493861476	-4.02981380736373	1
X2910475	10.6543064887985	0.856901077353379	4.41294988515198	5.2105346097973	1
X2910476	3.02933735469269	-0.76020844179098	3.12212852464966	4.20130970846502	1
X2910477	-3.09948745133373	-0.0355567659524678	-2.89222639339751	2.00195105752529	1
X2910478	17.4284196431174	0.536084170613295	18.9125859800686	-0.529374493511311	1
X2910479	10.8031595286471	2.34431904431392	2.26446498711063	-0.429495843585699	1
X2910480	15.4532593985556	3.26319640997662	5.27899816224585	8.77462044756778	1
X2910481	2.03707109201737	0.395388125143226	14.4932694331625	0.47825879669939	1
X2910482	-4.95120187630566	1.36474808079311	-6.1731319605335	0.863627543103783	1
X2910483	21.8042660475516	2.78127695451326	17.55293145462	0.360238593005535	1
X2910484	26.0371588629822	2.2305062981301	25.5117060012876	3.57163340865962	1
X2910485	-22.2368890376746	1.05916876280221	-31.193083507058	1.90764919946009	1
X2910486	-12.7005633561172	0.164799362474633	-18.1654679400107	-1.56488012865566	1
X2910487	40.9034037849753	1.95314089951519	10.6996704842139	4.18870843362019	1
X2910488	-7.62971474846733	0.663753440696608	-2.04417457533026	-1.39507335404722	1
X2910489	30.131973629876	1.8331747170813	30.2299913193811	1.17279949449065	1
X2910490	21.4855525399537	2.60485824765338	11.8908995666533	6.09458208403819	1
X2910491	23.357146116044	2.66009581242389	22.9481506069345	-0.342372026462128	1
X2910492	9.56178223588827	0.111441344689844	17.697619200971	-5.03832080761292	1
X2910493	-1.59628798465479	4.12966304169174	-0.540925138031375	-6.45482397647029	1
X2910494	-1.94584893359443	1.41088213833463	-0.882918966597663	10.5207292363749	1
X2910495	-27.5953082819467	0.821146713595023	-23.4211697821947	-0.549558675511653	1
X2910496	-22.0872473489483	-0.5947515250329	-38.6834047538802	8.276637730729	1
X2910497	-22.8102143371823	0.924532520646455	-24.1177326953276	7.89925455408189	1
X2910498	-2.61390934756792	0.893685714296504	6.61904161186863	-3.01833781281889	1
X2910499	-6.94227802278177	0.788556079486512	-3.89399535360914	5.79899459496302	1
X2910500	40.5532900937723	3.27308505426928	19.2626237512856	5.03267989611503	1
X2910501	11.8119164762257	2.97255420670648	10.9242092924786	-2.27248423990118	1
X2910502	2.87041840717951	-0.0839011047323828	-12.0272295678913	0.389026537183262	1
X2910503	-2.78418045037063	-0.264426578998394	-3.61009109825784	-2.88854410228481	1
X2910504	-3.62289937844873	-1.14352369645648	-5.59205648492864	-1.44668856417011	1
X2910505	-45.6083911990677	1.37744392061437	-45.4352003884078	2.00005630143184	1
X2910506	14.91292451531	1.84632903357582	-0.00280004004905532	-1.49273960447264	1
X2910507	-9.01701608026973	4.04517833844765	-12.7758934369893	2.69842639392964	1
X2910508	-21.3878173066235	0.163279097480499	-3.83758678589414	-3.95848403104975	1
X2910509	20.8895460666491	0.0243094783415278	29.2734435210858	-1.0114269416404	1
X2910510	5.9082245501634	0.510338585171658	-2.81450375987537	-0.707251912258181	1
X2910511	-23.1507449159473	0.721512272495681	-22.4782248140553	-1.43927726642201	1
X2910512	13.2013818488348	3.06564696545386	23.4067852263697	2.7718251234307	1
X2910513	4.52113020363464	2.70893395077725	10.6039868470385	-4.34197694566894	1
X2910514	17.7389755286895	4.59959462011713	6.78752994394469	3.01588451593937	1
X2910515	11.7316529123378	1.50867553434473	14.1760892576618	1.17330923040113	1
X2910516	37.2378802940119	0.281698198518321	31.9106355299481	10.1881184404474	1
X2910517	-0.713385264164886	-0.545245876723238	-12.2677304527512	6.67927379322077	1
X2910518	4.21159870382362	0.319951525011799	5.22597070453559	0.523089636453527	1
X2910519	12.9522202474975	1.66987661235149	6.7392224777042	5.03460942736219	1
X2910520	8.7884461752802	-2.58740635409517	13.2920500724281	-8.35036669489323	1
X2910521	11.650865657129	-2.7828328791243	20.2412921238014	-5.3579101887472	1
X2910522	-14.9668074434631	-0.550621853024911	-11.973368902258	-6.0880716034711	1
X2910523	8.7076032103387	0.881008398965704	10.1332683032983	-2.50989302867902	1
X2910524	-18.1985491117378	-2.81530155320301	9.95709506129718	-8.29938533392026	1
X2910525	37.3378770976554	-2.04479630780174	47.9803000443959	-1.12372053558705	1
X2910526	16.1981233070428	0.304848672614139	20.7476168723257	-1.08676050724954	1
X2910527	-4.2101591431243	-0.751122123047037	-1.47884453130471	1.23030186976695	1
X2910528	8.39076271111838	-3.43254593815964	17.7183654581867	5.97879609176962	1
X2910529	-0.377237455842719	0.178116625971549	-10.76558775393	1.97234323448211	1
X2910530	-17.9780797927438	-2.44358769579917	-14.0865305339687	10.6642048996546	1
X2910531	11.4512993511768	-0.532341657437184	9.89413898865431	5.63239628944872	1
X2910532	11.6136753552448	-2.86953722108686	13.896049014304	2.02829344695678	1
X2910533	-7.66044371777008	-2.98410364507566	-3.54274069555819	-1.51927724010903	1
X2910534	11.9831159617412	-0.210578844013888	-0.657948287011546	4.28421646365085	1
X2910535	-6.12491931266643	-2.71039476850066	-9.65047934329128	2.32747668585871	1
X2910536	18.9723288808429	-1.97835602831156	14.9691321972972	7.66829594452057	1
X2910537	17.3158113833752	-1.90574306703233	25.26350718007	1.89380677110953	1
X2910538	-10.1296365804313	-2.40087321590455	-17.2178042579405	-0.560950146311637	1
X2910539	-10.2469956059706	-1.82869818011983	-11.5783864331159	-1.77215513749727	1
X2910540	0.432028515071374	-2.1602726203639	-6.64986529951249	1.16910688270212	1
X2910541	3.40277886603935	-2.37572410049394	11.2973661680011	0.409639917054674	1
X2910542	-16.1350785555326	0.47099273136247	-18.5467213488025	-7.75164737120358	1
X2910543	26.5459775628491	-1.97119195552035	37.1449353269874	4.42790981262828	1
X2910544	14.3690782413588	0.468049073416019	8.18607651169849	-0.824663379295373	1
X2910545	-6.69128345168708	-1.74609169983301	-4.97425672791684	2.89815166219849	1
X2910546	8.61502238216584	-1.78788014395855	17.653431758785	-4.61792890872288	1
X2910547	4.45993456800339	-2.23856127788103	8.10205295383375	-5.2415750749568	1
X2910548	-0.234436578094853	-2.86112523029092	-2.68517222506816	6.95809491912021	1
X2910549	-14.4381720541528	-1.35739388482064	-20.6270821312879	5.01848010954309	1
X2910550	24.8771156099947	-2.47711774484964	33.4552927775866	-4.00202359564982	1
X2910551	19.2889608788474	1.18429811012551	5.35484567625291	-2.48342339746663	1
X2910552	3.7946399139107	-2.95820654758816	9.67653292275397	-1.21889897798726	1
X2910553	28.3376649941248	-1.25030439537195	25.0441119765202	-7.86790374917695	1
X2910554	-8.00373335330107	0.984521981771537	-2.27954361086526	-3.38049635642818	1
X2910555	-49.544035610448	-1.53933224853234	-56.4206087966723	-1.91680002976949	1
X2910556	-29.4152889387185	0.661717094305398	-31.4982116369447	-2.44100027867534	1
X2910557	-8.19624441297123	-0.0123591448062187	5.54862400867601	-5.34525576497257	1
X2910558	8.19862201611329	1.50955596335147	7.68235814688815	5.15321293849164	1
X2910559	18.6870477055181	1.60275066879093	20.0027753127147	3.12130542781983	1
X2910560	0.948662840125282	-0.446134504766814	3.95296639326549	0.724771372703152	1
X2910561	0.244940269614918	-2.05134136159134	-5.39395826240874	4.73999241198215	1
X2910562	-2.32407704365226	0.318084014382659	-7.48002287513541	-2.00286925984668	1
X2910563	-2.36998101032643	-1.65627125746803	4.62739590197071	5.12273326336076	1
X2910564	-19.652053590741	0.321611306332952	-23.572435599364	0.505022503672978	1
X2910565	-9.53852459806652	-1.97743587923798	6.37648455848763	-1.64194369629869	1
X2910566	29.2991592286437	-3.78086451180806	24.818488962628	2.51964272295506	1
X2910567	-4.94222692493196	-2.87219356669588	0.29462507282185	-2.63054994243231	1
X2910568	10.1472345190229	-1.53193635350001	12.1920821215688	-0.951112638068364	1
X2910569	40.1739081557323	-2.7251142621793	36.3581247475617	6.76245124839589	1
X2910570	30.3386765698602	1.31557767861421	35.2456851986003	-3.92267460806118	1
X2910571	-15.6206767987102	0.98238338971526	-0.0981684089396546	-0.726678102925731	1
X2910572	-7.44277975566372	-2.9116338157144	3.21284660285812	3.88957933014349	1
X2910573	-26.5022231661022	-2.91173742641521	-22.8308107117931	-0.45981516151328	1
X2910574	-24.1010387696186	0.622330118342501	-17.2893856733427	-3.1868849997914	1
X2910575	-13.2225914348732	0.70165592682101	-13.8767896811578	-6.32808018793102	1
X2910576	-12.2733820945594	-0.0626700743656188	-16.714279437496	-5.03451362710296	1
X2910577	-25.4878979428589	1.49659494211955	-11.7920536706582	-11.3439944546898	1
X2910578	9.3615433192039	-1.89507634577844	4.2679091337834	6.39392968057496	1
X2910579	28.6339607677737	1.02930319514747	18.4792575081463	11.3264665750397	1
X2910580	25.5207037366054	-2.86299919229296	18.6826816467086	6.95896423819423	1
X2910581	29.2578800734663	-0.15437466764398	22.8814010606778	8.20234198943114	1
X2910582	-6.52243930393765	-2.90272102993028	-11.8774497540788	9.46898979966094	1
X2910583	38.1429849451063	0.850788721026415	28.5173136165766	12.8483212652502	1
X2910584	22.8538791613108	-2.61201827667047	15.468389097159	8.72007533564973	1
X2910585	26.1703502969209	-1.2308077266993	12.6876254966367	4.65948587233575	1
X2910586	44.5081031883194	0.530595858723019	43.7091850886753	8.6204870840078	1
X2910587	6.87296909628785	-2.35433958240275	33.3801788960705	-3.16316776652829	1
X2910588	32.8695838500009	-2.9953780971349	23.8944087694093	10.0199424888013	1
X2910589	5.62072103712712	1.48103633992554	1.39772337318531	6.84064677681902	1
X2910590	39.7264469870199	-3.04361052770466	34.8759434751664	-2.85910252071488	1
X2910591	-18.6342700634846	0.292776533047452	-12.9927282827941	-4.23854518237302	1
X2910592	-44.5808880218203	-2.57458180822185	-54.6239226256416	-4.0577963688988	1
X2910593	-4.97180579059845	0.13156673185814	1.80421489926083	-5.69831054528628	1
X2910594	-18.3200112810717	-1.50695098547586	-14.2927064747613	2.1562574085937	1
X2910595	4.3463640481403	-2.47153360568832	6.1777919110303	1.71800171846952	1
X2910596	-17.6647555387268	-0.0298896863079372	-17.3543763238212	-3.48498836519361	1
X2910597	-5.44844554195832	-1.50313380706525	-7.21592126839868	2.19274710236466	1
X2910598	-8.66123832385198	-0.0170756159985649	10.2075702551302	-3.91044945648956	1
X2910599	-32.1156980940527	-1.28641973804324	-38.4232022955557	3.06221446544549	1
X2910600	0.773144181606149	-1.82825513046063	10.1431366232395	1.59137742752776	1
X2910601	-4.66959857682388	0.62536089544584	-10.3106843851085	6.51414161946305	1
X2910602	-3.06069637655235	-2.13095493825992	-8.49595968749922	2.95948561028925	1
X2910603	-17.5367938956675	1.43616265662445	-10.5100463416677	0.730432997430919	1
X2910604	10.1811529069374	1.0708446557115	12.0692388426141	-8.18807420525994	1
X2910605	-4.5571089660341	0.874731327267645	-14.9099016246522	-0.181656300835783	1
X2910606	-11.2976451991551	-0.00428975477707372	-16.4759157135418	5.49708694591849	1
X2910607	-38.4316803828646	3.21171361953792	-24.7780229472156	-2.13177349143994	1
X2910608	-10.3881132090628	-0.621364806103016	-8.48233584622409	-0.0101999513603762	1
X2910609	0.2654531542015	0.530848186915022	-5.25822417460204	-2.29710907041749	1
X2910610	10.1757501587912	2.92973674625902	12.8378471766134	0.460863098365534	1
X2910611	-18.6610236288815	-0.265639941740342	-17.3156046727399	-4.03800354012457	1
X2910612	-35.6535447016453	2.34736349364043	-35.3281890079133	-6.10418836538108	1
X2910613	0.882152895097791	-1.12106271374672	6.98726566575665	-0.883091683421311	1
X2910614	-21.2759652377827	-2.83318404342727	-25.7779830814626	3.58626448941288	1
X2910615	20.1771154707648	-0.653621158377243	16.9976957006841	-2.79589463168885	1
X2910616	-5.26605986587081	0.828135973224262	-3.59561372908421	-3.0290354372782	1
X2910617	-10.1779719240451	1.40419169615229	-11.6179838618872	-2.68586235116923	1
X2910618	-21.654863245729	-2.3128456755205	-17.2945444893578	13.3017715019491	1
X2910619	18.5623367366901	0.83965738032139	18.7440340569176	11.0898955004377	1
X2910620	18.2477385145902	0.81270069789451	12.8261126748771	6.75332057303767	1
X2910621	19.1175100466056	-2.80958764513957	13.4147400167841	14.9985670729963	1
X2910622	-8.44552404134279	-0.12379149720289	2.01050383899607	-4.43264917167131	1
X2910623	40.4352720656048	-2.39204294363815	26.6546128351165	15.2686804447095	1
X2910624	24.3454126318039	-2.58673332539839	7.83856294842457	10.404714254107	1
X2910625	24.6360947420618	0.00564935341729533	22.8487120095627	6.29068985032168	1
X2910626	16.137538301295	1.37249449646932	-2.04354671898519	9.24460213497657	1
X2910627	24.1630507019383	-2.96550598357984	20.1150571279834	12.2687195407734	1
X2910628	16.0765486176381	0.979733015376844	-6.2961555613064	8.80154275712476	1
X2910629	22.4110669368508	-1.35455887413083	9.53379138111427	14.9869817135624	1
X2910630	-5.10064673154087	0.914756253803259	4.84738699707918	1.23213920841284	1
X2910631	2.11977504094806	3.42643840602647	-12.838877812431	9.9879368318544	1
X2910632	-0.974063531291034	2.51230350849663	-19.0485892206133	9.00185571915727	1
X2910633	1.33698359097218	3.61566292590983	-13.6537904405857	6.65033633522709	1
X2910634	-18.2172897044353	1.4019174922481	-10.4465528145806	1.89692204874163	1
X2910635	-10.3583022549212	0.595938103727324	-30.5944490204565	7.81042145922737	1
X2910636	-38.0190084675312	1.47175297346804	-43.664165150286	4.16418251615958	1
X2910637	6.19128295551181	4.79288268123076	-16.4727723974678	1.63479530412508	1
X2910638	-38.175719564509	3.67956182886101	-26.3690358795786	4.94311687135319	1
X2910639	-20.2537842167095	4.89350863669202	-22.1461467913763	6.49991760750478	1
X2910640	13.1385246678665	-0.0395753823880807	0.377413315624424	10.5806770456381	1
X2910641	-21.5257572482441	2.14947208920561	-29.7496943279318	6.37773344054752	1
X2910642	21.6056607666647	1.80098732457629	19.1184251158785	2.35799920206061	1
X2910643	5.63165122830184	4.67882406265477	-6.19211218047684	10.2598467999132	1
X2910644	-25.0241754447791	-2.45218908703911	-35.7509382261738	0.137944397082233	1
X2910645	4.83820108664113	-2.75013279268661	12.6739146700371	1.84176670342931	1
X2910646	18.0472647680811	-2.24489883576112	10.2204438015919	-0.310963506411293	1
X2910647	23.7607374565607	-0.991847365029067	23.4477818709762	-5.69576228103805	1
X2910648	6.88411795273147	-2.58669412086912	3.30276851371626	-5.00778371611511	1
X2910649	-4.64956840758474	-2.96062953266463	1.57024773176902	-7.29296856357644	1
X2910650	-13.7753292785607	-0.455315944127936	-16.7986961555516	1.26401427042958	1
X2910651	19.4365000481545	0.882348231867219	17.0693007097583	-2.14690967398355	1
X2910652	-5.39510246766553	-0.0838841736907434	9.55610805776711	-5.00059731378859	1
X2910653	-18.2917342732744	-1.09971131614886	-16.2650203391292	-1.72214054760513	1
X2910654	-20.5845986109161	1.54501745578148	-14.4503139560816	-2.44983302371799	1
X2910655	8.39031575352919	-1.57337053836154	10.7039319738495	-3.29157206629359	1
X2910656	-10.0416863378388	-2.94502054655431	-12.9219185608918	-6.30759994880773	1
X2910657	10.643493819805	0.574117688734836	12.4516877242627	-3.54729150623385	1
X2910658	17.512570703971	-3.43539305060629	21.3697043678713	-4.25285276457244	1
X2910659	-12.4861999183758	-1.43072130166713	-3.28643757818649	-8.08636266324614	1
X2910660	2.38839458584743	-2.59504407111899	8.58284023291063	-6.71231533977193	1
X2910661	16.9464429722734	0.326059401957068	21.005898541969	1.02732753126994	1
X2910662	-4.00081940389635	-2.40744932174345	12.1136484986872	-2.14706104709164	1
X2910663	26.2883354318224	-1.09844724451263	17.6748686596878	4.48923660152099	1
X2910664	14.710141334325	-0.621789813323901	4.56383355671826	-2.55557873090494	1
X2910665	2.42580070968091	1.57514403957534	12.3623422243672	-1.02070722780363	1
X2910666	2.34401778048538	0.878300594855834	11.1128276636992	-5.21805329252812	1
X2910667	4.4949209878582	-1.49386170642638	18.281459003777	2.05548384315747	1
X2910668	-13.8862755264009	-1.66377536287427	-7.40270599074134	4.94270605036433	1
X2910669	-38.8225930882848	0.619087247789704	-31.9740588620401	-3.24157002113589	1
X2910670	-32.7565159853384	-3.06775108856982	-26.8714883637341	-5.22650630711668	1
X2910671	-25.234593891547	-0.157227347717238	-20.248870084308	2.19992338985338	1
X2910672	27.9296094087849	-1.72617978184566	5.54177897827061	6.4946795688446	1
X2910673	9.30530907706418	-1.86763382789983	10.2594495079444	-0.688184162030188	1
X2910674	-2.24822457508235	-1.86681856276153	-1.11806267314967	3.1139169563828	1
X2910675	-33.1178180123812	-3.04342661363127	-24.1881780274772	4.73633411435661	1
X2910676	-35.5097338126162	0.899343241913708	-30.2119723598288	0.0373978361967488	1
X2910677	-21.3874930357648	-2.23243303087516	-40.9513700254253	-0.213100441525341	1
X2910678	-25.301375170932	-1.89609075719824	-20.3219700345037	0.549143906208381	1
X2910679	-25.8260495103235	0.80729708759806	-29.0247676057008	2.23892090255644	1
X2910680	-21.0907866923326	0.167383240474912	-16.8254526976518	-3.7307411388696	1
X2910681	-54.0008274733899	-0.179756780201842	-51.8658399823713	-0.157113362901595	1
X2910682	-21.721466081416	0.374951675889664	-28.0195880335348	3.43312635366556	1
X2910683	-14.4676507331109	-1.94663752930777	-4.75772854801623	4.27580762827135	1
X2910684	-18.5779041730435	-2.12129913076225	-8.20489400646473	-12.5724120194948	1
X2910685	2.27421502397297	-2.13859342337477	5.32263412358391	-1.01041786245	1
X2910686	-8.90015533169308	-2.22154175878576	-4.4882740551776	-0.465753250784516	1
X2910687	-22.2509518348443	-1.57082001227837	3.31369902512628	-10.4970404045439	1
X2910688	-8.15208291691247	-1.80389183239568	7.20022166986714	1.23598753348743	1
X2910689	14.441132855736	1.60107669589239	10.72330546987	2.26937785701598	1
X2910690	-3.19857542892831	-2.1734706824844	-24.3165499987881	6.53319639748763	1
X2910691	12.4288624272853	-1.50563082112369	9.9447070951336	6.17194384536361	1
X2910692	-11.0623820499666	0.325983115557924	-0.439665977473769	-1.81960729387214	1
X2910693	-16.9563001087228	-0.115724821505245	-8.22814135469603	5.89256861468562	1
X2910694	0.540249173385242	-2.78541683430855	2.34244009469919	-0.254237800590522	1
X2910695	0.796669099443783	-2.73511291425791	19.9450381308325	-5.34438277154822	1
X2910696	24.9795235027773	1.65112982826112	18.3740419307252	2.50991367275994	1
X2910697	12.6781013338623	0.633609763939252	11.4949193984568	-0.547541315384525	1
X2910698	10.0569743500242	2.09642154777625	-1.90370526537955	1.31030890916831	1
X2910699	23.6748007361015	2.69476074053163	20.9568621658042	-3.76783545310233	1
X2910700	26.7333477606858	-0.850876748328461	29.3854984891513	-0.79596781105581	1
X2910701	-0.553510973634392	0.952815730930589	9.51626763274326	-7.79905810233086	1
X2910702	11.5331058427613	2.57142441330903	18.6695336733456	-6.10262809532707	1
X2910703	-3.16400128201603	2.46293066198134	2.31654110598976	-1.53515952488595	1
X2910704	-14.9162464662304	0.407750001795907	-4.69250988065164	1.67727427159623	1
X2910705	-5.87972845152073	3.1782736037546	18.1694419914163	-7.65755548242047	1
X2910706	-17.1921146618457	-2.48669005607714	-16.4405216719562	7.02575482139227	1
X2910707	-9.78852894628386	0.305607647325151	-7.74006541164233	9.11398852855683	1
X2910708	24.6370181067512	-0.824212576182541	28.7354595148644	3.74226921411629	1
X2910709	16.0898545220192	-2.06193128988592	13.5675510981097	-2.07767861283852	1
X2910710	22.5685431809436	-2.27150034848295	3.28076921308537	-0.867926095132633	1
X2910711	4.08119313312064	-1.95501658119553	-3.13253793561019	8.26980273367849	1
X2910712	10.9234169652601	-2.601230474566	24.2276679429367	0.355361540917785	1
X2910713	-3.33555603027994	-2.81519861780327	1.09082565660848	1.83156953465833	1
X2910714	8.18579095627738	-0.393239678106096	4.83730307978479	-4.34355673586764	1
X2910715	-6.53301892016321	0.829345801816213	3.1488795517858	5.20737873930398	1
X2910716	-24.3417129940715	0.630181797757769	-24.7998859662979	-5.64644910328903	1
X2910717	22.5410892728482	-1.10036170554623	2.21597395135003	2.85069209743212	1
X2910718	-13.8050219208726	-0.897573717424643	-18.1413166323722	5.71509558736339	1
X2910719	-14.2107153066498	-2.87475707915404	7.58337439250224	0.142799000729143	1
X2910720	-13.9839024154421	-1.72556805355464	-9.35331305701482	3.98473150762146	1
X2910721	-13.3327100109882	-1.11078632053534	-22.3280972251536	8.79584763467087	1
X2910722	-9.98550461118113	-1.12891305411769	-30.4821363536135	4.78214278970926	1
X2910723	-7.29559888623453	-0.730414856530302	-6.78609001159479	7.49065779202049	1
X2910724	-1.57666170427898	-1.46576912803687	-22.0432820678554	7.5071324264858	1
X2910725	-2.17250800197302	0.316426409414499	-9.41047021976035	-1.6856505089392	1
X2910726	2.50352101008798	1.60937573691085	-0.0902920901918747	2.91631866964812	1
X2910727	18.2969484642348	0.526315565239078	6.42810615084596	7.39402572235727	1
X2910728	11.6359959570048	3.03753037995727	-10.5721886391629	7.0710818663934	1
X2910729	4.00245712828882	2.00090587182392	-4.79948277987182	2.55193441152404	1
X2910730	-35.7077566236001	1.0727782781101	-31.8122409867005	-2.58013853552734	1
X2910731	-1.58019932459201	2.5074552363428	-7.94856702392741	0.708420861549668	1
X2910732	-24.5452859606061	4.13366533172762	-37.2965750076838	4.72242005167601	1
X2910733	18.2087172061557	0.912556063424887	-0.968002946004261	-0.0478597657815945	1
X2910734	-24.6262717398008	0.445169742236701	-37.9568508137889	1.83273674163795	1
X2910735	-7.5734064498681	0.757083506809759	-4.91904230396323	0.270100350960118	1
X2910736	29.7438608178913	0.697146473203675	21.3226264022894	2.94204458467152	1
X2910737	-6.70136438517159	2.13378257576333	7.33515877343385	-8.55596281733967	1
X2910738	4.64393522855165	1.27260649129117	9.12242024090068	-2.42882895010342	1
X2910739	33.1112561850373	1.0084610680419	44.71778329006	-7.76714473204119	1
X2910740	37.1478498249567	3.66483524787422	39.1790468638998	-3.25060370518077	1
X2910741	3.01642278025294	-0.860346168759927	0.927265042925844	3.94985964810107	1
X2910742	-14.6947599421727	-0.358400391593771	-12.505841332028	0.905021576419896	1
X2910743	-8.72632433106897	2.24663210141562	-14.1339760520184	-1.06968817161871	1
X2910744	19.8527912575969	3.59812303329887	9.62055906173176	5.29033262936049	1
X2910745	-6.80460810469629	0.946648033946599	-18.078871116675	2.89198163026004	1
X2910746	0.0385608983531451	2.12482897999183	-13.5681304662787	-7.31929370845189	1
X2910747	-33.499691476321	2.19052465574658	-31.4381730896893	5.65446744566687	1
X2910748	-17.9970627751485	0.0216512138524883	-17.6854920606271	1.30387399886849	1
X2910749	-6.7913547451155	3.66147023053026	-9.82265804041303	2.3110774819615	1
X2910750	-2.6827190947139	1.5575930736059	-5.27241749204492	-3.00027510182815	1
X2910751	15.8907813093002	-1.35284785687939	16.5937305215099	1.13932804137083	1
X2910752	-22.9570600835781	-0.10615193724754	-10.4550075027167	-2.51489436892042	1
X2910753	5.0175664421098	-1.73877230860663	0.776619639694428	-0.149400175627652	1
X2910754	3.84081918769121	1.40612606963675	23.9497896682722	-4.62394727837127	1
X2910755	9.23049272988296	0.0794115048901533	13.6180127130725	-2.28940192025444	1
X2910756	-34.2259169018233	-2.40304826013944	-31.5416922427801	-5.85214596689437	1
X2910757	6.69092701560936	-1.50022259469938	-15.4630770091969	7.11365967046498	1
X2910758	-17.4896097716695	0.660120042142864	-16.4156696929162	-6.36296436287749	1
X2910759	8.29758262799374	-0.294175984666895	5.16153865331817	-5.81358438356109	1
X2910760	1.11948866638683	-2.02631289108592	-10.9790636764853	1.18034358059048	1
X2910761	16.5539020604749	-2.06084929589702	18.4207453590189	4.75108123903375	1
X2910762	-8.96898333939674	-1.39171471279937	-16.6375749064746	-0.498078538723976	1
X2910763	12.0676806032151	1.09109183882491	-1.67297859656881	6.37260571766946	1
X2910764	-26.03072852193	0.378894080070838	-27.1598908892005	-1.4600631088741	1
X2910765	-7.61054979957399	-3.05218508335656	-7.06500769132685	-4.52785977464433	1
X2910766	-16.5454745076242	-3.16717045914407	-5.25662679652627	-0.126480302084539	1
X2910767	-1.74819883777902	-2.55190707138557	-9.88588149928671	10.9560672010679	1
X2910768	30.7964305361794	1.15634035798574	19.6894948791988	-1.46425039121461	1
X2910769	20.6890818233755	-1.84255394689096	12.6899268669212	6.86395030239427	1
X2910770	14.8135144178413	-0.461864288719245	1.09817414009995	-8.18475178643673	1
X2910771	4.29105314631299	0.0722840923829198	5.76267538994586	2.14958223214747	1
X2910772	12.2129019871073	-3.59756678843586	15.0889418431755	-6.01206589296169	1
X2910773	16.8693391887951	0.554038581594061	15.4616032795809	1.56968066394762	1
X2910774	-2.92866824984081	0.0939357526358893	-6.27301478836799	-3.37327352711435	1
X2910775	-26.5645123637147	0.0399568663922049	-31.9457425616046	-9.36586346595324	1
X2910776	14.3781908275332	0.83001047503565	11.4612481885615	-1.68014367203543	1
X2910777	-9.59948402890162	2.54975200197726	-17.5209663484575	-3.5341384601491	1
X2910778	-8.06964643608366	0.33879258995885	7.09943263664011	-11.352619617099	1
X2910779	0.472833782367518	1.13074653551986	2.53132120090127	-2.42754871760558	1
X2910780	-25.0195510859244	1.8396471643	-31.0107024876052	-0.809107762311448	1
X2910781	-4.5148916469727	2.48144249368667	15.450330984201	-2.88329996722637	1
X2910782	-3.38504149793457	0.856147266316759	13.7791566976427	-11.8047838155084	1
X2910783	-2.10787189273947	2.60094236007336	10.6095064344408	-5.9398357783316	1
X2910784	4.51152412919001	2.69276104624268	-3.13730214537579	-4.20396362068518	1
X2910785	10.6354530952942	0.393996504234202	28.1845751006901	-5.17371519799609	1
X2910786	-36.8140907689581	-0.13491635071008	-23.8626025093903	-1.27138233935689	1
X2910787	-17.2978480534192	1.30088694033256	-16.5116194610052	-3.40303348884364	1
X2910788	-7.55470944832208	0.638831641137875	-1.82176551122063	0.281170765751132	1
X2910789	2.80443997635366	1.27771647523735	-8.08372429905891	4.16072550147045	1
X2910790	5.26342626105943	-0.419124477111757	2.6916925342728	-1.0386776340079	1
X2910791	4.15144022239999	3.50384819199199	-16.9443525294565	-2.52722768528085	1
X2910792	0.759077082269628	0.330647852792146	2.70354286964156	-1.94079654671723	1
X2910793	-17.7159521147698	1.48492222477032	-21.2206368158806	-2.47268463797703	1
X2910794	13.898312936266	0.117631820190572	13.2265136396556	-9.13877088197492	1
X2910795	-11.8278017618655	-1.9082337738526	-4.74751340764285	-7.0198554290978	1
X2910796	-34.6937893242077	-1.80325591102965	-50.8986008031957	3.56837118701498	1
X2910797	-29.8686205627193	-1.6404656398979	-32.763757870297	2.35108587509847	1
X2910798	-17.4230317965681	-2.58738135404619	-7.06754860248919	-3.03946058764888	1
X2910799	-7.94653881398761	-1.98223437519537	-2.93305610424151	-1.5557086367482	1
X2910800	-21.0884646953291	-2.56523663063808	-7.50056990558465	-10.0987673521551	1
X2910801	-6.08810213637879	-2.30301953684206	23.4027672328885	-10.7759634325155	1
X2910802	-6.00384925934997	-1.6194465125569	-14.6799968061449	4.15785246336161	1
X2910803	-30.5675265295931	0.951065903614682	-9.87359625294359	-8.80663792197732	1
X2910804	-3.4518287160798	-2.20652233971632	-0.851161133215763	-9.23407913394132	1
X2910805	11.6784153471856	-1.88373727926127	7.01904743416733	5.42713700300965	1
X2910806	24.8332685079397	1.01104788701953	24.4970252754557	-3.51326283089584	1
X2910807	35.5299220211097	-2.05611863170438	16.9241697362246	6.3153637052526	1
X2910808	14.6095354589962	-2.1642173418757	-0.42413524023952	2.13253356129362	1
X2910809	-18.7515602281418	-2.82991335869793	-11.7937689813788	5.02420484068514	1
X2910810	-4.01987353890479	-0.925077767157186	-1.28333676702041	-4.29888638648083	1
X2910811	23.9983703435906	-1.7070833340707	24.9956388339867	0.0500800763784122	1
X2910812	-16.1343257797599	0.881733187150991	-11.5786739812043	6.91011014222446	1
X2910813	13.7790330580723	0.791523577062985	21.4298203893685	4.88453944869516	1
X2910814	-16.577093407227	1.0585907765888	-6.60098959200948	-7.84064376420789	1
X2910815	16.4109302716442	-1.63185060115479	3.01810101930624	0.191891751745177	1
X2910816	-18.1123546905539	-2.07929162239001	-11.5088509188501	-6.41189209918823	1
X2910817	2.86809969603816	0.774358075055469	-5.67496530947855	-4.28706059018666	1
X2910818	-5.23753005535196	-1.00344231704816	4.72769830056381	-13.2925415763873	1
X2910819	-2.75150627051971	-2.41616955904139	1.09892615321882	-12.0098668856696	1
X2910820	-23.9506581939423	-1.36703169572867	-22.9645876689649	-2.35381957149927	1
X2910821	1.86843517157977	1.36039514416011	5.88596324020362	-1.13689342865077	1
X2910822	-29.7032517831628	0.492988722933977	-26.5289858355161	-1.95593765517751	1
X2910823	-9.22629281134832	-2.9583323516187	7.36025258989306	-8.60001471312451	1
X2910824	-2.88111681850492	2.08570137453998	12.8038218639456	-9.06061607519287	1
X2910825	-2.19344175715357	-1.778764686497	-19.7195694611442	-1.15395385192469	1
X2910826	1.68324794171725	-2.6168432586873	8.81988120811918	-3.56234153627938	1
X2910827	-1.27161167489102	0.581223172767019	2.80694914917027	-11.853600015821	1
X2910828	-14.7752752870249	-1.74674097510132	-9.6992726786969	1.74265694709155	1
X2910829	17.5808161024674	0.90374858653326	13.2864793095328	-2.57288376376252	1
X2910830	4.01110778341363	-1.15728068729127	9.83683058050068	-0.544811684434064	1
X2910831	15.9452716654093	-0.0269429678478712	18.5161068359911	7.58857938134567	1
X2910832	0.617659623330189	-0.817948811707777	12.194915997922	-0.498790946974472	1
X2910833	17.3209857247029	0.821548955549227	10.8477781700724	4.26994936790947	1
X2910834	-3.88652564502901	1.70177172601945	-9.742163584761	5.13814159223492	1
X2910835	-6.64444000395764	0.601986435775161	-14.6946978461323	0.131629642011339	1
X2910836	-8.69964549993862	1.51581138799292	-7.77167737825802	2.88741039726189	1
X2910837	-14.5905383734058	3.45894017722732	-12.9646872835463	2.32886849373036	1
X2910838	-20.1134861640345	-1.0214872078141	-3.92266581128553	-6.54280399935019	1
X2910839	-9.71530261265537	1.43597711940699	-20.1629152072981	1.60867372586029	1
X2910840	-21.8403629649713	1.87313903116583	-18.5187626179616	-1.24318961108118	1
X2910841	-8.00944456833525	2.78999483189013	-0.439836509982246	-0.965157727315263	1
X2910842	-6.08131487683223	0.28231945100885	-4.7192744848575	-6.56874950595029	1
X2910843	16.4945783867779	-3.11627227260687	22.9675081591852	-0.564385740262771	1
X2910844	-20.6234717818222	-3.26746087255753	-24.060839837065	3.2693276576431	1
X2910845	25.6937321514382	-2.62279072843144	29.73236320663	1.00478989099043	1
X2910846	14.6772653106355	-1.39344371961523	34.6163331969495	-6.67681481193049	1
X2910847	-9.73205352576234	2.86787720709587	-12.6131846833372	8.92788937291994	1
X2910848	51.0096858157123	1.84787453708785	52.4921891247037	1.40575178377142	1
X2910849	43.8845039471263	2.15081887532841	28.7574544720315	10.8314390534723	1
X2910850	14.9811179820984	4.20618977108224	21.2427901040207	1.22616209586127	1
X2910851	8.73158941239017	3.94235421026716	9.42711555990361	-0.600474512709735	1
X2910852	-3.75681474885449	-2.59393706494082	5.57378175322874	-1.5032811435614	1
X2910853	14.8630173829817	-0.803657731084442	12.1356855448951	7.47700981991514	1
X2910854	4.54561156633026	0.578829022599914	-6.69331612430527	1.38755551849275	1
X2910855	-6.67909605464297	0.191706390971805	-4.23360193649833	2.8836621198966	1
X2910856	0.324851581490656	0.471545051582904	-8.78735743522142	1.35458351701712	1
X2910857	-20.5320874343476	0.937634080568833	-18.2320240129691	-2.67901505405932	1
X2910858	-22.2117217569905	-2.51668812106839	-33.2771085480164	2.60401703080996	1
X2910859	-27.5728281843572	1.35382544523837	-23.8973709967754	-4.5088599198153	1
X2910860	-5.63314198578226	-1.40944535311024	-10.8428280129014	0.773995296732296	1
X2910861	2.45185373580517	-2.10882475881829	5.48435970808481	0.732173574760418	1
X2910862	19.0913284403139	1.68787285447169	17.5457375545333	1.41646019088772	1
X2910863	-5.16430027251904	3.59054630984123	3.03018213846691	-4.97957250212315	1
X2910864	-12.8152414695688	3.18268162080189	-7.26470745985096	6.57313956313394	1
X2910865	1.27235677994795	-1.44241399416494	7.89927151299335	0.192772171185711	1
X2910866	7.72522977420447	-1.91785251435418	19.752071642983	-2.60777313162672	1
X2910867	-18.2089767204529	-1.63750599283303	-9.39612128585125	-3.80513766876199	1
X2910868	17.0521024394774	-1.28453910758115	28.9626706280181	-13.0223886139975	1
X2910869	12.6920103585322	1.73674844835494	31.1176625544896	-0.549677572425036	1
X2910870	3.7828709519112	1.55278220356396	-3.31891527590815	-1.49009856620973	1
X2910871	-29.5619014645668	-3.09241415722775	-26.4306852813537	-4.94709314011216	1
X2910872	-17.5893084776518	-1.71301985279959	-28.3861219119415	-3.57374731167836	1
X2910873	-25.0297914716388	-2.05109242700236	0.038653115222802	0.780199932073433	1
X2910874	1.04444490039451	0.372470451119581	13.0338257756916	-13.4339242697814	1
X2910875	24.2047887692732	0.739543236430162	35.1385580216585	-7.38321424963417	1
X2910876	-16.7800015247474	0.66626972814717	-2.44136945711478	-17.6339439409692	1
X2910877	-15.1400242581958	-2.9345346631259	-0.402598185428051	-4.13210402406706	1
X2910878	-14.6381282321413	0.58552882181381	-11.2218337974026	-7.47811262026635	1
X2910879	-24.3264710226873	1.78479299397883	-23.4620164086517	-6.86538795060498	1
X2910880	-28.3790097864171	1.50573431427926	-27.2972009120176	-3.41418588745912	1
X2910881	8.4855273734829	-1.65111226316804	18.5104185886561	-1.98822247563913	1
X2910882	9.01245300187828	-0.0375377810084632	25.8693618318107	-3.66397279892369	1
X2910883	20.1735121833769	-3.01564342489071	39.0729219228491	3.50550153458258	1
X2910884	-39.0128715770057	-3.11933633140515	-24.2969094598359	2.60520851671748	1
X2910885	-5.9134680210523	0.954851049884061	-5.61480902979188	2.82652369957992	1
X2910886	-2.07849927945552	-0.829907482623813	-15.8484398464819	12.217653173422	1
X2910887	1.12739503033912	1.56940712817208	2.32372536576676	0.934181882981548	1
X2910888	-8.04226290182495	2.15038712551034	-21.7322159955411	4.24530314261285	1
X2910889	-2.76625183446446	-1.53938553874386	4.25990541964211	0.631005135876581	1
X2910890	-28.0187047430926	0.537328271672583	-29.3555535965924	0.513334917786722	1
X2910891	6.87223185145826	-0.224555507475348	-5.93248344306738	10.0032351679281	1
X2910892	-3.07435249308	2.68181944858072	1.44769385549637	-15.8659044993732	1
X2910893	17.51402201761	0.876352307890073	23.1450948135112	-5.3848099934255	1
X2910894	8.07647645558382	2.82155484622544	1.14052953410382	-6.33294591379006	1
X2910895	-9.45046248760119	3.30260085926259	-14.302398420019	-2.85861456527664	1
X2910896	4.52605217038418	2.29612885891598	24.738218062157	-11.9144145909375	1
X2910897	1.90372284579132	1.8680597966227	16.3697849738778	-14.7526774114376	1
X2910898	-6.29199392765907	1.26367765199381	6.32642893797593	-11.1271636981261	1
X2910899	33.5881752178775	-0.630122208978918	35.3046012895206	4.79909254577545	1
X2910900	18.2538979956288	1.54550161475806	13.1223409487405	3.94566748573998	1
X2910901	-4.44534935677178	1.81616101170412	10.0202558443624	-8.91328786510396	1
X2910902	-2.05938093712923	3.4712817918518	-2.81751009734083	-2.38333578108291	1
X2910903	2.50243956377554	4.3940733117585	-1.25385828484586	-6.60887213050506	1
X2910904	-12.2530359454439	2.80312211685946	5.51379792356236	-12.1511763354635	1
X2910905	11.9751483955625	0.316190987845694	7.92684976337242	3.48996461443772	1
X2910906	-8.34466259735481	-0.484387915717111	1.09504077595003	-3.70312831444519	1
X2910907	-2.5663939178051	-2.13918394966555	-6.5583726285692	7.9081571417264	1
X2910908	8.9997286045849	-1.23828305538601	12.1452232561313	3.69667509067303	1
X2910909	-16.2307103378742	0.692167993380138	-5.04454976167346	-1.73570650579682	1
X2910910	-6.88877911211427	2.77894821080963	12.3667400241602	-4.26185221784862	1
X2910911	8.72966695980867	2.19439248472997	7.11453142489625	-2.05201262180198	1
X2910912	-4.40658288693651	0.254494643655199	-6.4201055831799	-0.90857048109339	1
X2910913	3.90533843724141	3.50953984395603	9.09934440645206	-4.74055854291665	1
X2910914	-12.2126372812111	2.97029355763831	-1.85718298903225	-3.71476732913222	1
X2910915	-11.8660732483305	1.4264217901729	-9.04056522855383	3.92706523369062	1
X2910916	-2.1240967595856	0.521875474163008	4.62376113963805	-8.02246724975666	1
X2910917	-0.897405465025631	3.34370554224802	-0.237526587566484	2.57114038632776	1
X2910918	35.3267341126099	-0.216470788363732	36.0951495504033	5.81555048010814	1
X2910919	19.8432111208684	2.15542088443315	13.0674153552387	13.6130961645235	1
X2910920	16.2186698964583	3.79151368791072	27.8827175257348	2.72971118091377	1
X2910921	-4.84070952230494	4.05872433325166	-4.66704676994806	2.76998823410411	1
X2910922	16.6092326197914	0.788888050964419	15.5142225465345	-0.607411086405088	1
X2910923	18.1106206500096	1.12141443032971	20.8703093704654	-2.05410357796773	1
X2910924	24.6548828079874	1.46746871669392	21.3361225357729	-6.39789589351863	1
X2910925	13.4746818015984	-0.97448119600313	16.3900259846133	-9.67545158388762	1
X2910926	-18.7742003610095	-2.21111266788774	-0.529350013019007	-9.14660849719594	1
X2910927	-2.6090490942814	-2.34501418523149	-1.88774546843381	-0.709636059503299	1
X2910928	37.3100274825684	-0.104186491235451	46.9445164598268	-8.15807953424751	1
X2910929	-10.0783953891658	1.93323804053187	-18.0063372740739	-0.654127117162221	1
X2910930	-47.8115315493999	4.34758389283474	-42.7460494818768	-12.0714439272344	1
