<Trait>	Trait_1_H2_1	Trait_2_H2_1	Trait_3_H2_1	Trait_4_H2_1	Rep
X2903091	2.79955015668364	-0.512502179740475	7.88780234960276	-4.57575001317868	1
X2903092	-31.5630924141331	-0.666195549198537	-35.2045775383787	4.30768067344411	1
X2903093	-36.6433930112869	0.119242947546501	-36.7901927003295	0.0275567414961204	1
X2903094	21.5081488246543	3.68660666945785	18.7336700258471	-0.912127870650593	1
X2903095	6.65100111884441	0.381202121183149	7.11771276259282	-0.847913764931547	1
X2903096	38.1587636875573	2.4647900884983	29.4278737789903	6.26609982006863	1
X2903097	-69.9313240979743	-0.218129819944709	-69.6873612337585	-0.0258330442711698	1
X2903098	-43.9153270365051	-1.8911149336597	-35.125474478577	-6.89873762426849	1
X2903099	-1.43118620344627	-0.53172119771812	4.39145218453126	-5.29091719025951	1
X2903100	-65.5263169009447	1.47258362988987	-61.9702335914582	-5.028666939376	1
X2903101	29.2108277310601	0.226794197109547	30.7235721566412	-1.73953862269073	1
X2903102	27.9399696633696	0.759922652337656	23.9925268965937	3.18752011443824	1
X2903103	-52.6878983251076	-0.218129819944709	-48.4385662694684	-4.03120223569446	1
X2903104	-49.5398953968364	-4.06522367733231	-38.9145369659925	-6.5601347535116	1
X2903105	11.7301900947574	0.226794197109547	12.3850355958271	-0.881639698179242	1
X2903106	-78.4555641145893	0.288979592173869	-75.4241884777726	-3.32035522899059	1
X2903107	18.6738144032034	-0.103555299823855	19.2489312530172	-0.471561549989991	1
X2903108	18.782394071764	-0.666195549198537	18.3745802610117	1.07400935995083	1
X2903109	-33.4119067331543	2.74166661926571	-40.49255152287	4.33897817045002	1
X2903110	-44.7715542150929	3.77467970443983	-52.5801108402355	4.03387692070278	1
X2903111	-72.1898286026879	-0.218129819944709	-64.110948513854	-7.86075026888903	1
X2903112	-8.97607373610325	0.451334040910024	-9.33277930041815	-0.094628476595124	1
X2903113	11.7538935755519	1.27288251157774	1.79087913084023	8.6901319331339	1
X2903114	5.03422776760051	0.186308684782946	4.54577986315558	0.302139219661995	1
X2903115	33.4233784030257	4.11281098844706	17.9173057634381	11.3932616511406	1
X2903116	30.6272939231217	0.319259094905436	29.8376730503645	0.470361777851826	1
X2903117	31.0939778675245	4.37226956448552	14.6082447685554	12.1134635344835	1
X2903118	64.9850411909402	3.68743581096493	57.8981094051191	3.39949597485612	1
X2903119	28.3063735299712	-1.17685084735347	25.6023489219075	3.88087545541726	1
X2903120	7.89949334296495	-0.666195549198537	2.90900545620471	5.65668343595879	1
X2903121	50.227912916154	-1.17685084735347	53.0770420224889	-1.67227825898139	1
X2903122	16.5710750362747	0.0533582746604553	20.7063373087169	-4.18862054710265	1
X2903123	30.9588694820146	2.95915218580312	23.450494628761	4.54922266745049	1
X2903124	118.848108764165	1.24297350753875	106.783251009054	10.821884247572	1
X2903125	61.788984822763	2.9950343406179	54.5075223154925	4.28642816665248	1
X2903126	53.1099815756978	0.907337182928545	56.3063598635944	-4.10371547082511	1
X2903127	34.0557634730326	3.68660666945785	22.6165108446985	7.75264595887619	1
X2903128	14.9936720181076	2.99301297050676	5.98900781410325	6.0116512334976	1
X2903129	32.5967879335823	0.0533582746604553	33.940587607533	-1.39715794861123	1
X2903130	128.234886236141	2.34595052856255	117.83622927918	8.05270642839824	1
X2903131	9.08620874529253	2.34928302521321	9.26533282499845	-2.52840710491912	1
X2903132	16.6216423343018	2.59450840095374	10.1606954760891	3.86643845725901	1
X2903133	18.1613884836071	0.759922652337656	15.9251702273398	1.47629560392966	1
X2903134	24.4759467310889	1.04829170536821	18.0182150622618	5.40943996345891	1
X2903135	3.90179523566883	0.452544768465938	-1.51396116777049	4.96321163497336	1
X2903136	48.8265982357998	3.38194432364504	40.7168011659488	4.72785274620586	1
X2903137	66.5003225651384	2.50610966661958	58.0711221398301	5.92309075868861	1
X2903138	31.7933436021344	-1.17685084735347	38.6454995002066	-5.67530505071874	1
X2903139	-88.7783300921569	-4.22523922536779	-84.0753785858271	-0.477712280962313	1
X2903140	-68.3354175782442	-4.28694637907278	-64.9151246155926	0.866653416421174	1
X2903141	41.3288091793018	2.4111784388303	37.1698500848568	1.74778065561468	1
X2903142	-90.1976778202389	0.560925692473818	-86.7338840904254	-4.02471942228727	1
X2903143	1.32375450702138	1.93324468436583	-5.26127587841837	4.65178570107391	1
X2903144	-73.8331541346206	0.560925692473818	-74.3566934347111	-0.0373863923832483	1
X2903145	32.0854573845807	1.93324468436583	24.558088833998	5.59412386621682	1
X2903146	48.9044280511367	0.0533582746604553	48.1787191827895	0.672350593686838	1
X2903147	-93.3889004177385	-4.22523922536779	-85.5886390023712	-3.57502218999945	1
X2903148	22.7553650795646	3.33821056186094	13.7272355273268	5.68991899037674	1
X2903149	-2.61515189913941	0.548576947354244	-4.10762452436005	0.943895677866401	1
X2903150	-87.4315646485586	-3.17792625915513	-80.3043843998721	-3.94925398953133	1
X2903151	-41.9295191315915	0.974280092087207	-38.236303612891	-4.66749561078769	1
X2903152	-43.9783117888414	1.91282303820995	-40.1218910601878	-5.76924376686347	1
X2903153	-98.1635830076	3.77467970443983	-92.6932356983547	-9.24502701368526	1
X2903154	-49.6776888522953	-1.17685084735347	-50.0485213007771	1.54768329583525	1
X2903155	-84.8079959470734	-0.997185332363236	-79.2463008538864	-4.5645097608238	1
X2903156	-76.0682559728275	3.25246467789011	-77.9052212289147	-1.41549942180281	1
X2903157	-51.9525097304852	-4.22523922536779	-44.059125505659	-3.66814499945849	1
X2903158	-81.6462796960789	0.628436110505363	-82.2914137802854	0.0166979737010551	1
X2903159	10.5033061461163	1.59507031375999	3.66472250621659	5.24351332613982	1
X2903160	-35.7729155692157	0.628436110505363	-36.9131849290899	0.511833249368843	1
X2903161	-106.291448163202	-0.997185332363236	-105.963426041275	0.669163210436313	1
X2903162	19.1410698460009	-0.997185332363236	21.0216606970195	-0.883405518655292	1
X2903163	4.89542707487156	-0.997185332363236	10.7065422707749	-4.81392986354011	1
X2903164	-58.7454895622073	-4.22523922536779	-42.7354909633366	-11.784759373503	1
X2903165	-31.9507447561153	-0.0188797193465867	-33.7379826376439	1.80611760087527	1
X2903166	-5.82402622498503	-3.23598176675777	3.75351422477216	-6.34155868299938	1
X2903167	8.57698594370731	-0.512502179740475	17.3087355963179	-8.21924747287012	1
X2903168	90.9371498798678	2.89242644735152	79.7260974531689	8.31862597934728	1
X2903169	56.0381686585786	2.8103497147219	45.2608535522651	7.96696539159163	1
X2903170	7.14705400081915	-0.0897418899242745	12.9881104250934	-5.75131453434998	1
X2903171	32.787407311773	2.8103497147219	28.8539440985834	1.12311349846766	1
X2903172	6.25047948744142	-2.27101930675094	26.4095240989891	-17.8880253047967	1
X2903173	31.311771145423	0.211027368649715	30.0479149017133	1.05282887505991	1
X2903174	36.7660498937132	-0.512502179740475	41.4713018484363	-4.19274977498259	1
X2903175	78.419535112148	-0.467958780202695	82.6820975782262	-3.79460368587543	1
X2903176	12.6472044025322	-2.05532296842956	25.1221675897054	-10.4196402187436	1
X2903177	41.4599190900871	2.15440808531706	37.7338581167758	1.57165288799429	1
X2903178	-96.445727148282	-4.22523922536779	-91.277997900844	-0.942490022070178	1
X2903179	41.1129149105723	-1.5421734222123	39.5690391438439	3.08604918894081	1
X2903180	-57.9375362209633	-3.17792625915513	-48.8821939960498	-5.87741596575839	1
X2903181	-75.5306130750395	-3.37597000055412	-74.3283470329294	2.17370395844398	1
X2903182	27.4677212521881	0.226794197109547	27.8069309344579	-0.566003879379301	1
X2903183	-98.7055879193108	-4.22523922536779	-93.136266164299	-1.34408252964409	1
X2903184	17.4419196985883	0.381202121183149	17.9467197290494	-0.886002151644195	1
X2903185	-80.2201379471477	-2.13061329294247	-76.8651035627755	-1.22442109142979	1
X2903186	-45.5091969268736	-3.17792625915513	-35.2213932458352	-7.10987742188322	1
X2903187	-40.657172276458	0.560925692473818	-40.3014058848527	-0.916692084079112	1
X2903188	-59.4219622220939	-2.16676136478254	-57.5172969567594	0.262096099447979	1
X2903189	-75.5789409195931	-3.37597000055412	-79.9855070464409	7.78253612740203	1
X2903190	-80.9067515995094	-3.37597000055412	-79.2758111636723	1.74502956471707	1
X2903191	-73.4213781345929	-4.2915432842002	-71.6041581095773	2.47432325918452	1
X2903192	-75.6073555756971	-4.2915432842002	-73.3919108420077	2.07609855051096	1
X2903193	-7.32130344977296	-4.22523922536779	7.50381716215873	-10.599881386564	1
X2903194	-57.1958233490617	-0.997185332363236	-53.6988672369774	-2.49977077972106	1
X2903195	9.41044224664459	0.759922652337656	14.2996629398014	-5.64914334549445	1
X2903196	-67.3976488859965	-4.22523922536779	-63.5344069847152	0.361997324086821	1
X2903197	-70.3931975834417	-3.17792625915513	-61.8049572633108	-5.4103140609758	1
X2903198	-60.5070843085084	-2.13061329294247	-61.095922110797	2.71945109523092	1
X2903199	-40.3250553165064	-0.218129819944709	-38.4061196902808	-1.70080580628097	1
X2903200	-37.2961867794531	-2.09110085919057	-28.6079973213533	-6.59708859890926	1
X2903201	-25.7265155852547	0.226794197109547	-23.0829278323345	-2.87038195002974	1
X2903202	19.2492385936313	1.11625314111376	12.3624971536502	5.77048829886734	1
X2903203	-56.2848663899092	-4.06522367733231	-38.1916843244488	-14.0279583881283	1
X2903204	-53.2862389415869	-1.97220254436098	-50.4383914350448	-0.875644962181184	1
X2903205	-51.9849045664344	-4.22523922536779	-45.9091541093202	-1.85051123174654	1
X2903206	-61.7126105294101	-3.17792625915513	-48.7976890304198	-9.73699523983539	1
X2903207	-49.2959795157109	-3.88145643566622	-40.2982570870967	-5.11626599294809	1
X2903208	-4.25784722077165	-2.05532296842956	-1.84719036471864	-0.355333887623445	1
X2903209	-64.068769039917	-3.17792625915513	-66.1291897287272	5.23834694796535	1
X2903210	-6.2422111412608	0.0533582746604553	0.557445517590365	-6.85301493351158	1
X2903211	100.513862536524	3.27196538972321	91.8354871858731	5.40640996092821	1
X2903212	5.51202100563768	-0.087076421253493	8.97526792633639	-3.37617049944522	1
X2903213	98.9220436333262	2.15810117502789	94.7253053570002	2.03863710129804	1
X2903214	118.268919145604	1.31222834952682	119.904661062734	-2.94797026665632	1
X2903215	-5.9603701913534	-0.072320311628124	-6.67349269648749	0.785442816762276	1
X2903216	-0.38232823720997	-0.072320311628124	-0.397711058598436	0.0877031330165874	1
X2903217	23.6863655458474	0.226794197109547	25.2935259138519	-1.83395456511407	1
X2903218	17.7966100654318	0.461692749767734	20.3611971869594	-3.02627987129531	1
X2903219	18.59744112127	0.226794197109547	25.1236155230744	-6.75296859891399	1
X2903220	7.11899232901785	-0.087076421253493	12.7241554366951	-5.5180866864238	1
X2903221	17.8511404327423	2.4111784388303	12.1930419252876	3.2469200686244	1
X2903222	13.6152135098748	-0.072320311628124	18.2749052870277	-4.58737146552475	1
X2903223	98.147040367044	2.28557727398178	91.9391003702524	3.9223627228097	1
X2903224	24.0344449593973	3.26199471363868	20.9733137874774	-0.200863541718807	1
X2903225	12.1310729154878	0.420047472294272	11.7034468895474	0.00757855364614146	1
X2903226	91.9750622394473	3.26199471363868	90.2809798421896	-1.56791231638103	1
X2903227	15.810202281457	0.381202121183149	14.8914733272796	0.537526832994259	1
X2903228	19.3396169782773	3.16111208601564	11.0803019237862	5.09820296847551	1
X2903229	19.4436371876692	0.381202121183149	20.9975040579009	-1.93506899141488	1
X2903230	45.5234967681934	0.226794197109547	46.8307238375319	-1.53402126644805	1
X2903231	4.32330863755577	-2.16676136478254	8.81857025958689	-2.32850025724855	1
X2903232	9.26735938763839	-0.997185332363236	17.1669099252247	-6.90236520522304	1
X2903233	26.1419646641655	-0.218129819944709	19.4288589748482	6.93123550926196	1
X2903234	4.96771555889919	-3.17792625915513	9.18019056499223	-1.03454874693792	1
X2903235	21.8278244465008	-4.22523922536779	24.1562257279893	1.89683794387921	1
X2903236	49.9037586406398	3.77467970443983	45.2902830349047	0.838795901295222	1
X2903237	94.3154155437006	-0.666195549198537	92.1450214052445	2.83658968765451	1
X2903238	-4.59276293531108	-0.997185332363236	-11.3758382057039	7.78026060275605	1
X2903239	93.5635392680332	1.88117012592257	93.3936556277321	-1.71128648562158	1
X2903240	8.14570762190778	-0.218129819944709	5.85185120154415	2.51198624030836	1
X2903241	90.8187456805916	4.05682399686996	83.6398787021784	3.12204298154353	1
X2903242	6.24783410281083	-3.17792625915513	14.2865377591643	-4.86077739719836	1
X2903243	39.6166005000275	2.51703063703855	31.3669154677293	5.7326543952597	1
X2903244	48.5707755922197	-2.16676136478254	48.4373397077296	2.30019724927272	1
X2903245	35.2409824641745	-0.53172119771812	30.2105289388751	5.56217472301764	1
X2903246	6.54616053849169	1.12159047721876	4.28175944070284	1.14281062057015	1
X2903247	39.9067449011433	-1.69184031913369	39.3029244835768	2.29566073670026	1
X2903248	121.761110058805	0.759922652337656	119.789379943344	1.21180746312336	1
X2903249	32.0641857042113	3.68660666945785	19.9189164622748	8.45866257247864	1
X2903250	-8.07781559780518	-3.64878826949718	1.01193019071778	-5.44095751902584	1
X2903251	-104.740028262181	-3.36571868688329	-89.2962546882342	-12.0780548870637	1
X2903252	52.3025593523254	-0.512502179740475	60.6293671060909	-7.81430557402508	1
X2903253	50.60195094888	-0.331349209843581	46.848411634683	4.08488852404061	1
X2903254	-54.4501600463359	-0.00267755134814746	-47.7086690166833	-6.73881347830449	1
X2903255	13.0329016321103	0.449541041259021	14.871348789236	-2.28798819838474	1
X2903256	-70.1320552006807	-0.997185332363236	-73.3426997711313	4.20782990281383	1
X2903257	57.6699777762773	3.27196538972321	49.1246897166799	5.27332266987423	1
X2903258	5.57253741457895	-1.88420392550562	10.1195587784152	-2.66281743833066	1
X2903259	-41.3510963919236	-1.4463057284243	-34.505218737759	-5.39957192574032	1
X2903260	-78.6713267365218	-1.17685084735347	-86.102600227834	8.60812433866573	1
X2903261	0.47958478134578	-0.708730548052815	3.95371618009384	-2.76540085069519	1
X2903262	-59.0471098505675	-1.56264323573288	-50.242350333585	-7.24211628124965	1
X2903263	-18.0062310961856	2.75741129218439	-17.6252602229038	-3.1383821654661	1
X2903264	-62.1731311345	-3.36024324640173	-51.0127570350596	-7.80013085303875	1
X2903265	-58.3896045694549	-3.43323347327161	-49.2246113256607	-5.73175977052244	1
X2903266	0.561372298422548	-1.35242198761011	8.64439849549696	-6.73060420946437	1
X2903267	98.3795144426981	3.26199471363868	82.6983695207374	12.4191502083219	1
X2903268	23.8660513619519	-0.218129819944709	24.1370013401727	-0.0528201582760868	1
X2903269	80.5552123893648	-0.072320311628124	86.8129187945013	-6.18538609350849	1
X2903270	-14.0732045658366	-0.997185332363236	-17.152226628687	4.07620739521362	1
X2903271	92.1283693023986	2.34595052856255	88.8573935820298	0.925025191806097	1
X2903272	37.828399184134	2.44203549377384	36.5379862118647	-1.15162252150455	1
X2903273	-16.8812420748253	0.151846487872524	-13.3737756456396	-3.65931291705823	1
X2903274	25.1668911201483	-1.35242198761011	25.8959480431744	0.623365064584118	1
X2903275	27.9765329335126	2.59450840095374	18.1609411233457	7.2210834092132	1
X2903276	116.075616131153	1.36037970211209	103.159545334687	11.5556910943539	1
X2903277	18.946062453106	2.23086856064131	3.63738314882636	13.0778107436384	1
X2903278	105.413908725467	4.37226956448552	96.5208056379523	4.52083352302897	1
X2903279	9.09274694880931	-0.072320311628124	15.1929816221731	-6.02791436173568	1
X2903280	83.2099923831852	2.48850731870252	73.6859327622656	7.03555230221696	1
X2903281	69.0136196320537	-0.512502179740475	66.6957208417984	2.8304009699958	1
X2903282	-4.68359731718264	4.37226956448552	-8.26032530498681	-0.795541576681265	1
X2903283	-14.1006248936082	0.319259094905436	-10.0740762286534	-4.34580775986032	1
X2903284	4.40065998087874	1.04829170536821	2.87241982147023	0.479948454040284	1
X2903285	7.11314373713332	4.37226956448552	-4.27164587168771	7.01252004433559	1
X2903286	-26.2071336407988	-0.666195549198537	-14.0783099596877	-11.4626281319126	1
X2903287	-3.05322115386253	1.27288251157774	-10.0569012470192	5.73079758157891	1
X2903288	-9.75336173040163	4.32860291690092	-24.0096848920648	9.92772024476225	1
X2903289	-23.3460403763234	-0.666195549198537	-21.8215351076885	-0.858309719436448	1
X2903290	55.3807440509965	5.78538694316791	42.4082048860533	7.18715222177519	1
X2903291	29.1107791082069	0.186308684782946	30.0763119594423	-1.15184153601834	1
X2903292	94.9969092767478	4.11281098844706	80.7167865898707	10.1673116984299	1
X2903293	91.5956719707097	5.78538694316791	72.6068997224474	13.2033853050942	1
X2903294	81.8858829583248	3.5252785927375	72.6722943323778	5.68831003320949	1
X2903295	5.97804885280663	-0.666195549198537	10.4815042560899	-3.83725985408471	1
X2903296	1.57875230853779	-3.87581761797725	6.31505230135837	-0.860482374843332	1
X2903297	-3.47152141609021	-2.98456995275134	5.47176653233293	-5.95871799567184	1
X2903298	24.8976452501959	-3.12284312283825	30.9738526907943	-2.95336431776006	1
X2903299	-14.7218756402427	-2.54938571357224	-1.80624102720113	-10.3662488994692	1
X2903300	93.8596993267595	-0.227511117167441	92.6571270557741	1.43008338815276	1
X2903301	88.2543051430443	0.934556917039906	86.6740304557706	0.645717770233725	1
X2903302	18.064642277484	-2.16676136478254	20.2790783426745	-0.0476747004080047	1
X2903303	-14.4111601558284	0.0533582746604553	-12.7840410927438	-1.6804773377451	1
X2903304	35.097372356738	-0.101832530878862	48.8130017071538	-13.6137968195369	1
X2903305	12.6778963852362	-2.98456995275134	22.1115405613769	-6.44907422338933	1
X2903306	-3.25094587370411	-0.853226699777828	10.0825477986491	-12.4802669725754	1
X2903307	12.0894427547482	-0.407415204621189	19.6709447198845	-7.17408676051507	1
X2903308	91.8829716010395	1.04829170536821	88.5546589087852	2.28002098688603	1
X2903309	73.0117678054512	0.401246436823491	78.1829106715007	-5.57238930287299	1
X2903310	5.72218660224716	-3.12284312283825	16.1886250254769	-7.3435953003915	1
X2903311	74.1521912147272	-0.512502179740475	81.0043010840227	-6.33960768955487	1
X2903312	-3.93930943316161	-2.15451302052346	7.85662899740698	-9.64142541004519	1
X2903313	53.3546212006264	-0.072320311628124	56.1439196380163	-2.71697812576167	1
X2903314	-45.7993752289618	-4.35784734303261	-47.7554612004038	6.31393331447444	1
X2903315	-29.9135906552805	-4.28694637907278	-30.3401678936142	4.71352361740664	1
X2903316	-80.3332819492613	-3.17792625915513	-76.9251908457687	-0.230164844337464	1
X2903317	27.1665020545831	-0.997185332363236	28.5766117631	-0.412924376153757	1
X2903318	27.0600355928909	0.381202121183149	31.8367780926974	-5.15794462098967	1
X2903319	28.1308139103504	1.04829170536821	23.2796296431394	3.80289256184275	1
X2903320	-83.3436845073793	-4.2915432842002	-77.5713338378137	-1.48080738536548	1
X2903321	-104.816908854696	-4.2915432842002	-100.531745214592	0.00637964409609437	1
X2903322	-63.1079910800994	-4.22523922536779	-51.0403064660056	-7.84244538872604	1
X2903323	28.5473942094846	-0.072320311628124	35.4431669302965	-6.82345240918369	1
X2903324	17.4112078335364	-0.072320311628124	23.6685797825053	-6.18505163734081	1
X2903325	-22.5158275615961	-4.35784734303261	-18.5532073564667	0.395227137903242	1
X2903326	-48.6567569947303	-3.37597000055412	-40.3291042460547	-4.95168274812137	1
X2903327	-12.2911466220318	-0.335205766033838	-11.991291565657	0.0353507096590142	1
X2903328	12.5092652165196	-0.087076421253493	23.3350545751959	-10.7387129374229	1
X2903329	-77.7136877596021	-3.37597000055412	-74.4353568119396	0.0976390528917081	1
X2903330	-34.4131094145191	-2.97626543364619	-23.7397181693945	-7.6971258114785	1
X2903331	-64.6554210752491	-4.11412460183527	-59.2376596420863	-1.3036368313277	1
X2903332	-87.3683927534067	-4.22523922536779	-75.4287192527204	-7.71443427531818	1
X2903333	-58.5072449000334	-4.2915432842002	-47.1346418733441	-7.08105974248918	1
X2903334	-53.2304952358371	-4.2915432842002	-47.8737561799561	-1.06519577168064	1
X2903335	-20.0179915475775	3.68660666945785	-11.3375996605398	-12.3669985564955	1
X2903336	-21.4708219635081	-0.53172119771812	-21.4307986766658	0.49169791087586	1
X2903337	-4.0421407925707	3.33821056186094	-0.282489256670997	-7.0978620977606	1
X2903338	-51.5487375340318	1.11625314111376	-53.8190875533002	1.15409687815466	1
X2903339	14.4264230319133	1.36037970211209	12.9829412263572	0.083102103443979	1
X2903340	-65.9620235740304	-0.218129819944709	-62.5960410624016	-3.14785269168404	1
X2903341	-41.7421040059684	-0.666195549198537	-49.2649214927875	8.18901303601751	1
X2903342	24.1030105028415	3.33821056186094	18.6741609407167	2.09063900026385	1
X2903343	17.4563768267421	3.68660666945785	14.7409131432538	-0.97114298596956	1
X2903344	10.4570384873979	3.77467970443983	8.33390885022287	-1.65155006726479	1
X2903345	-65.8527318454138	-0.997185332363236	-59.0683127921268	-5.78723372092367	1
X2903346	-70.1434847851291	0.560925692473818	-63.2988413992894	-7.40556907831345	1
X2903347	-57.8578934682438	-1.35242198761011	-44.9425806856724	-11.5628907949613	1
X2903348	-69.1093069654713	0.628436110505363	-75.0691753100806	5.33143223410394	1
X2903349	-35.9952867941878	-0.997185332363236	-32.0409385547868	-2.95716290703778	1
X2903350	11.1818703182851	1.88117012592257	9.75680975840041	-0.456109566037855	1
X2903351	-47.2242394202689	-0.218129819944709	-38.8350959108189	-8.17101368950519	1
X2903352	-40.1503454904847	2.74166661926571	-41.361861265852	-1.53015084389828	1
X2903353	-43.410056086848	2.74166661926571	-34.4553731073978	-11.6963495987158	1
X2903354	-65.5664130746013	-0.0188797193465867	-66.5136631025253	0.966129747270568	1
X2903355	12.4562319196924	1.04829170536821	6.92393253745826	4.48400767686586	1
X2903356	-59.660378117515	-4.2915432842002	-58.5497036844525	3.18086885113776	1
X2903357	-4.34540245452456	-0.072320311628124	-3.70245195008629	-0.570630192810143	1
X2903358	29.3559814141698	-0.666195549198537	23.3405685535797	6.6816084097888	1
X2903359	-49.006145912715	-3.17792625915513	-44.1394642267182	-1.6887554268417	1
X2903360	-27.2639512054886	0.834724553994422	-25.3354847935297	-2.76319096595338	1
X2903361	-40.8084285852075	-0.666195549198537	-44.8560342285572	4.71380119254811	1
X2903362	-42.4843091578452	-4.2915432842002	-37.9588454222678	-0.233920451377267	1
X2903363	16.758983592103	0.211027368649715	10.3332078047576	6.21474841869569	1
X2903364	-5.0597507661941	0.381202121183149	-7.61615601313198	2.17520312575473	1
X2903365	-27.3470132384738	-0.53172119771812	-36.4290191462528	9.61372710549724	1
X2903366	-63.6583247710061	-0.997185332363236	-67.7882013603573	5.1270619217147	1
X2903367	-59.9906224967553	-3.37597000055412	-54.5588177311211	-2.05583476507997	1
X2903368	28.3594632716896	-0.666195549198537	28.0008478149861	1.024811005902	1
X2903369	6.04536546596622	-0.997185332363236	-2.2157688682013	9.25831966653073	1
X2903370	-84.2732299122348	-4.50866908081326	-78.0448481890129	-1.71971264240862	1
X2903371	7.89386236992919	-3.23598176675777	12.277628633063	-1.1477844963761	1
X2903372	5.59712555630822	-2.16676136478254	3.98443606992915	3.77945085116163	1
X2903373	46.2290669390982	-0.335205766033838	44.0815270560398	2.48274564909232	1
X2903374	59.1824629978252	0.211027368649715	61.5777877824907	-2.60635215331513	1
X2903375	84.1092860071871	4.03548210857484	76.5326549073799	3.54114899123229	1
X2903376	17.1956494665436	1.11625314111376	15.8257462248579	0.253650100571933	1
X2903377	65.727369065225	3.68743581096493	54.9358580810069	7.10407517325302	1
X2903378	75.5635466505574	4.54444751885542	60.5115918091212	10.5075073225808	1
X2903379	14.2855036148251	-0.666195549198537	16.1090678767795	-1.15736871275588	1
X2903380	91.8553925772643	0.381202121183149	88.1131036627153	3.36108679336579	1
X2903381	14.5040492957751	1.54946821691937	6.86811678270917	6.08646429614654	1
X2903382	71.1629063222413	0.381202121183149	70.1623585489525	0.619345652105614	1
X2903383	-9.11661994458058	4.37226956448552	-15.3817037904537	1.89281428138759	1
X2903384	-4.99706936370327	-4.06522367733231	3.87026730200967	-4.80211298838066	1
X2903385	93.1687630667412	4.37226956448552	84.9452178101327	3.85127569212305	1
X2903386	75.7979688347702	2.76277895993496	62.0367600309288	10.9984298439065	1
X2903387	33.2789391582432	0.759922652337656	26.0756350089694	6.44338149693616	1
X2903388	45.4132158727567	2.95915218580312	39.721234254007	2.73282943294658	1
X2903389	75.4551079657263	-0.666195549198537	67.9180563689311	8.20324714599374	1
X2903390	22.3193917293461	-2.35807353917739	19.1504473779211	5.52701789060229	1
X2903391	38.0940659461958	2.76277895993496	25.7081687593496	9.62311822691127	1
X2903392	-66.2975099242573	-1.17685084735347	-57.0597464136825	-8.06091266322147	1
X2903393	-58.879322286308	-2.16676136478254	-50.1808282561588	-6.53173266536666	1
X2903394	-52.1734705611817	-0.997185332363236	-50.8829940239762	-0.293291204842279	1
X2903395	-81.6958852469224	0.759922652337656	-79.4621713675098	-2.99363653175013	1
X2903396	-23.5441920402633	2.45063610217224	-27.7956266389562	1.8007984965208	1
X2903397	-10.2086168103184	3.77467970443983	-22.0207311004948	8.03743458573648	1
X2903398	43.4510920685626	0.759922652337656	38.8747138471321	3.81645556909286	1
X2903399	-30.3950243869901	-4.22523922536779	-14.605362790833	-11.5644223707892	1
X2903400	-31.2943464411645	-0.997185332363236	-30.5691596675678	0.271998558766537	1
X2903401	29.8891583207108	-0.666195549198537	35.3271416722948	-4.77178780238551	1
X2903402	-26.1919499151173	-1.78283789374543	-20.5655364209043	-3.84357560046766	1
X2903403	-33.0872594680799	1.1118557403461	-34.0859767178642	-0.113138490561818	1
X2903404	-57.8053432822088	0.759922652337656	-62.5413525059009	3.97608657135463	1
X2903405	36.5737627632757	1.04515768932654	43.0478470155182	-7.51924194156911	1
X2903406	33.5686121867926	2.76277895993496	28.6691618383699	2.13667138848773	1
X2903407	36.1921976826443	0.509131158552924	35.1145180278522	0.568548496239203	1
X2903408	-30.5998902067551	0.119242947546501	-29.9123905837846	-0.806742570516897	1
X2903409	-22.0208942048444	1.99262472596182	-20.6749345945496	-3.33858433625662	1
X2903410	23.1908655327849	-1.17685084735347	23.2800505472051	1.08766583293328	1
X2903411	-42.2567675657977	1.93324468436583	-36.8957406589777	-7.29427159118581	1
X2903412	-57.2662185554054	-0.331349209843581	-60.7763329029702	3.84146355740845	1
X2903413	-64.4680114337817	-1.68750614550841	-52.4689679287507	-10.3115373595226	1
X2903414	15.6662075765491	0.186308684782946	10.6948429972483	4.78505589451783	1
X2903415	12.8068276039605	-0.649723351194169	7.99669670898176	5.45985424617289	1
X2903416	-37.5834503152691	-1.54135941306419	-26.9292685317866	-9.11282237041828	1
X2903417	62.0302597004551	2.50610966661958	59.0735614695074	0.450588564328196	1
X2903418	4.27721639213927	0.509131158552924	4.91836158990766	-1.15027635632133	1
X2903419	-49.6716990328095	-1.17685084735347	-47.636246678708	-0.858601506748071	1
X2903420	-54.7698482489654	-3.37597000055412	-52.0095531933718	0.615674944960643	1
X2903421	-37.482406039622	-3.74833005547884	-29.739622475715	-3.99445350842811	1
X2903422	37.4689458368395	-0.101832530878862	34.7794718296641	2.79130653805427	1
X2903423	36.3197329833287	-0.666195549198537	30.245944728972	6.7399838035553	1
X2903424	57.8334355564684	0.211027368649715	58.7605044241449	-1.13809623632619	1
X2903425	-43.3225363103303	-1.17685084735347	-42.1678448658169	0.0221594028400425	1
X2903426	52.4578270189239	1.04829170536821	46.9948170898575	4.41471822369822	1
X2903427	-24.952645204051	0.451334040910024	-25.0077419532786	-0.396237291682497	1
X2903428	73.4029837668434	-0.666195549198537	67.3553728373402	6.7138064787017	1
X2903429	-40.1493690254779	-4.28694637907278	-34.242729801739	-1.61969284466597	1
X2903430	-45.637971208322	-0.487889740028062	-42.6321970020114	-2.51788446628256	1
X2903431	43.395742616494	0.381202121183149	41.1509872979279	1.86355319738298	1
X2903432	-34.0230281270945	-3.00013159800385	-29.6683830719389	-1.35451345715185	1
X2903433	-58.4027023483199	-3.32972781795324	-52.2265539236427	-2.84642060672409	1
X2903434	-44.8934637014083	-3.37597000055412	-45.5616145507275	4.04412084987339	1
X2903435	27.7798607137423	1.04829170536821	30.5909999837808	-3.85943097540671	1
X2903436	-16.5176606235563	-0.997185332363236	-9.58962924432875	-5.93084604686431	1
X2903437	-29.9438520415208	-4.35784734303261	-22.4365552503657	-3.14944944812259	1
X2903438	-38.8632091848948	-2.62241697105201	-40.9931503945813	4.75235818073846	1
X2903439	-34.6906314878028	-4.06522367733231	-27.0055096539904	-3.61989815648012	1
X2903440	6.06204459395223	2.57656775782289	0.0101668648623061	3.47530997126704	1
X2903441	43.1623441147123	0.354723234479322	43.4254750921112	-0.617854211878287	1
X2903442	103.414228427881	4.03548210857484	100.329114577029	-0.950368257723457	1
X2903443	59.8042884628597	2.57656775782289	55.4650518688086	1.76266883622819	1
X2903444	2.32822280130584	1.27288251157774	-4.06932086750766	5.12466115723573	1
X2903445	-26.8717978518515	-0.666195549198537	-25.5485915361153	-0.657010766537726	1
X2903446	-8.76118410355291	-0.0188797193465867	-9.09695698885965	0.35465260465336	1
X2903447	11.3926316412199	0.420047472294272	13.9452715708917	-2.97268740196604	1
X2903448	96.7957766805119	4.84367765324908	77.5594080085362	14.3926910187266	1
X2903449	30.0767881061706	0.420047472294272	25.0553475451031	4.60139308877318	1
X2903450	84.2587174795436	5.05793245951318	81.1657471453319	-1.96496212530153	1
X2903451	71.8615272786474	4.37226956448552	62.7796125181739	4.70964519598813	1
X2903452	65.8096968565523	2.57656775782289	61.1682548885474	2.06487421018202	1
X2903453	72.3740279815147	3.01865218670893	69.9764314199804	-0.621055625174508	1
X2903454	-0.696083746632926	-0.693655149637369	3.09919487400807	-3.10162347100359	1
X2903455	109.187832671181	1.94063086378749	106.994386825918	0.252814981475546	1
X2903456	76.988065490012	1.94063086378749	80.1352128859335	-5.08777825970897	1
X2903457	105.595204184741	3.6515043320949	99.6601764473396	2.28352340530615	1
X2903458	41.0694552667584	-1.17685084735347	45.5231625334563	-3.27685641934454	1
X2903459	19.9614336834172	2.57656775782289	21.7973172058656	-4.41245128027135	1
X2903460	120.211705495822	1.94063086378749	113.277208941308	4.99386569072627	1
X2903461	0.705942406550619	-1.68750614550841	7.55470832659802	-5.16125977453902	1
X2903462	69.0098082420318	3.26199471363868	66.8107030497247	-1.0628895213316	1
X2903463	68.952327682489	2.9950343406179	61.5548758850653	4.40241745680573	1
X2903464	25.61027088318	1.42951188204172	22.1512861912196	2.02947280991866	1
X2903465	-43.9565470036071	0.759922652337656	-47.4275659996832	2.71109634373842	1
X2903466	-61.761867148502	-0.218129819944709	-60.0411898238544	-1.50254750470285	1
X2903467	-8.91939193308582	0.679073857270842	-3.94128981836467	-5.65717597199203	1
X2903468	-69.2220688507688	-4.22523922536779	-65.0868990285578	0.0900694031569556	1
X2903469	-8.44828826590814	-0.108283504197292	-8.34539054953869	0.00538578782790022	1
X2903470	-54.8386615089871	-2.16676136478254	-56.6478343550309	3.97593421082659	1
X2903471	-23.0140748343066	2.45063610217224	-31.8209481679181	6.35623723143923	1
X2903472	-79.0216494199416	-0.917585479642063	-82.5059315514933	4.40186761119388	1
X2903473	-72.1463638648672	-0.917585479642063	-74.1109525637209	2.88217417849575	1
X2903474	-11.0689509163945	1.47258362988987	-6.55307465748512	-5.98845988879922	1
X2903475	-90.7159673745365	-3.37597000055412	-83.4227531660204	-3.91724420796179	1
X2903476	-48.8884663660575	-4.22523922536779	-44.85033514091	0.187108000220232	1
X2903477	-83.0108544989018	-3.1749032556647	-82.8130952976203	2.97714405438335	1
X2903478	-75.82653000685	-3.17792625915513	-66.6949303532723	-5.95367339442259	1
X2903479	-15.7275087293585	-0.467958780202695	-14.825848997284	-0.433700951871744	1
X2903480	-77.4990047081184	-4.2915432842002	-70.9059068085402	-2.30155461537774	1
X2903481	33.4770903698673	-0.0188797193465867	24.6967567752138	8.79921331400006	1
X2903482	7.91661163602583	-0.0897418899242745	9.20100281672293	-1.19464929077282	1
X2903483	-69.2306526636083	-0.666195549198537	-81.9315271475377	13.367070033128	1
X2903484	11.9722471095439	1.95367245833958	3.65533591636936	6.36323873483496	1
X2903485	4.51831674187366	-1.35242198761011	12.5069220294875	-6.63618330000382	1
X2903486	-95.2576647286694	0.560925692473818	-103.723552204019	7.90496178287585	1
X2903487	6.3805453508047	2.59450840095374	1.03136726544878	2.75466968440222	1
X2903488	-55.7456362896938	0.560925692473818	-57.5819073088349	1.2753453266674	1
X2903489	-67.9100360546245	3.25246467789011	-72.1211111214772	0.958610388962471	1
X2903490	-68.12568317772	0.560925692473818	-75.8108276479301	7.12421877773623	1
X2903491	-48.8557685919015	-3.32972781795324	-36.9016384143362	-8.62440235961216	1
X2903492	-4.55840613025347	1.04829170536821	-17.8906549706557	12.283957135034	1
X2903493	35.7830373890551	2.57656775782289	30.9060823587577	2.30038727247452	1
X2903494	-68.1141972584899	0.55919376037694	-69.0639088837922	0.390517864925302	1
X2903495	-55.4034606238468	-0.0188797193465867	-62.7441796666301	7.35959876212987	1
X2903496	-43.4077459252047	-2.97626543364619	-31.973067900111	-8.45841259144769	1
X2903497	-54.5140918423384	0.560925692473818	-59.9721254722563	4.89710793744419	1
X2903498	-54.6153798282446	-0.53172119771812	-56.4484835138034	2.36482488327688	1
X2903499	-16.613353484499	-0.0188797193465867	-22.4654203820033	5.87094661685078	1
X2903500	3.20527936241257	-0.693655149637369	5.76230379017806	-1.86336927812808	1
X2903501	103.708628729762	2.95915218580312	90.3389591548105	10.4105173891485	1
X2903502	55.9700227219152	1.93324468436583	48.2056843634159	5.83109367413351	1
X2903503	63.092159438088	2.9950343406179	63.5577561416202	-3.46063104415002	1
X2903504	32.6768703871176	-1.00127970709684	30.5221851193569	3.15596497485759	1
X2903505	104.079153877981	2.57656775782289	103.749464191588	-2.24687807143002	1
X2903506	10.119365182311	-1.17685084735347	13.361701093631	-2.06548506396652	1
X2903507	31.7137384113324	-1.68750614550841	36.045721212684	-2.64447665584327	1
X2903508	47.3575065803999	1.88117012592257	41.0435790039464	4.43275745053094	1
X2903509	66.267392656315	3.68743581096493	49.6864420307346	12.8935148146156	1
X2903510	39.0284858718455	-0.666195549198537	41.9875237415196	-2.29284232047561	1
X2903511	89.2997299901227	1.93324468436583	87.001403241769	0.365082063987956	1
X2903512	41.3648044118856	2.95915218580312	35.6048364000018	2.80081582608071	1
X2903513	70.0018451582818	2.23086856064131	53.1600398292836	14.610936768357	1
X2903514	90.7488972860297	2.9950343406179	83.3353963308989	4.41846661451309	1
X2903515	-0.0436707199056432	-0.0188797193465867	-0.451548516343715	0.426757515784639	1
X2903516	18.5714648613626	0.452544768465938	20.1224626108191	-2.00354251792251	1
X2903517	33.8426761747316	-0.087076421253493	42.788702779162	-8.85895018317705	1
X2903518	-38.8283210193018	-3.90520812929683	-21.2126333209445	-13.7104795690606	1
X2903519	-56.8672242102422	-4.22523922536779	-42.0493558587892	-10.592629126085	1
X2903520	-56.5109623261255	-3.32972781795324	-53.0896851390841	-0.0915493690881326	1
X2903521	6.03131553964929	-2.55581906208654	14.5734125452407	-5.98627794350489	1
X2903522	14.1303940418882	0.0533582746604553	10.9691312696971	3.10790449753064	1
X2903523	20.5164011510751	-0.087076421253493	20.8571939062359	-0.253716333907276	1
X2903524	-6.25264176036284	-4.06522367733231	11.8440729518329	-14.0314910348634	1
X2903525	2.16094937199881	-0.653206103016746	15.0362558964493	-12.2221004214338	1
X2903526	-58.8942878162041	-3.88145643566622	-45.7868131501469	-9.22601823039112	1
X2903527	-36.0386774402593	-3.17792625915513	-30.6971166507707	-2.1636345303334	1
X2903528	-48.3754132933653	-0.53172119771812	-40.1347501822721	-7.70894191337497	1
X2903529	14.6087085599855	-0.087076421253493	19.1026318727273	-4.40684689148832	1
X2903530	-11.4670270043453	-1.17685084735347	-6.33238324975512	-3.95779290723679	1
X2903531	-62.6702516549839	-4.2915432842002	-43.4818534734357	-14.8968548973481	1
X2903532	-54.8975330295245	-2.97626543364619	-37.4614870501548	-14.4597805457234	1
X2903533	-66.8064539231511	-0.487889740028062	-69.4418793626093	3.12331517948633	1
X2903534	-53.9414428154174	-4.28234947394537	-32.2537674767409	-17.4053258647313	1
X2903535	2.90385371757786	-1.17685084735347	6.8521832558131	-2.77147869088174	1
X2903536	-30.7773270884931	-4.28694637907278	-21.0604213015085	-5.4299594079119	1
X2903537	9.64591283555478	-0.666195549198537	12.9581542166974	-2.646045831944	1
X2903538	16.8212612509574	-4.35784734303261	14.0834623749519	7.09564621903802	1
X2903539	92.6028489648747	4.03548210857484	82.9471291931794	5.62023766312022	1
X2903540	31.4268780636658	-2.16676136478254	27.6012255498812	5.99241387856719	1
X2903541	77.5390957815384	2.32826105057202	76.0387500816408	-0.827915350674406	1
X2903542	0.580509047556495	-1.35242198761011	5.50143369153877	-3.56850265637218	1
X2903543	5.75398336534504	0.452544768465938	7.56075710027712	-2.25931850339804	1
X2903544	-1.12140391046939	0.974280092087207	-3.07478686711735	0.97910286456077	1
X2903545	84.6080122843109	3.5252785927375	75.2484431811091	5.83429051046436	1
X2903546	43.7245495033219	0.452544768465938	41.8378582654824	1.43414646937351	1
X2903547	66.7100155559345	0.211027368649715	67.6704963816513	-1.17150819436648	1
X2903548	-1.54762282978039	-3.17792625915513	-0.401408629606362	2.03171205898113	1
X2903549	99.978928404632	1.04515768932654	100.089222550459	-1.1554518351534	1
X2903550	49.8815953052195	-1.17685084735347	50.888050294718	0.170395857855089	1
X2903551	41.8975808038183	-2.16676136478254	42.2135662475063	1.85077592109448	1
X2903552	21.5541519373535	4.37226956448552	12.2045004381002	4.97738193476778	1
X2903553	101.527260812259	0.211027368649715	104.301800601613	-2.98556715800381	1
X2903554	54.2300992707941	-0.997185332363236	56.1795493055938	-0.952264702436414	1
X2903555	-46.6290526761641	-0.53172119771812	-45.0149211761342	-1.0824103023117	1
X2903556	9.38193240483233	-0.101832530878862	18.5807653354988	-9.09700039978762	1
X2903557	-34.3790692123309	-4.28694637907278	-34.1054219810146	4.0132991477564	1
X2903558	9.01288435769167	-0.56026803597292	10.3124043250255	-0.739251931360856	1
X2903559	5.87440868604394	-0.072320311628124	3.98485890305955	1.96187009461247	1
X2903560	-45.519851813407	-1.35242198761011	-44.2158037405983	0.0483739148013815	1
X2903561	16.3815211228206	3.26199471363868	5.32706326692793	7.79246314225406	1
X2903562	8.22571074368755	2.15171986279184	7.1945402143258	-1.12054933343009	1
X2903563	11.801778416794	2.9950343406179	2.19091819684785	6.61582587932827	1
X2903564	16.8856904315856	1.99262472596182	13.7718934528002	1.12117225282366	1
X2903565	-52.2200023693056	3.53558637826748	-57.2978138363207	1.5422250887476	1
X2903566	31.7844104269866	3.26199471363868	28.152493376779	0.369922336568931	1
X2903567	-74.6175687313079	-0.335205766033838	-77.9784918139046	3.69612884863059	1
X2903568	-60.6547870055315	-0.512502179740475	-54.8881770770525	-5.25410774873854	1
X2903569	-46.3450202324705	-0.087076421253493	-42.2438413806216	-4.0141024305955	1
X2903570	-39.5898034994687	-1.17685084735347	-40.8188993349168	2.40594668280154	1
X2903571	-11.3334528496354	-0.53172119771812	-7.31252475971081	-3.48920689220642	1
X2903572	-56.8732231906183	-2.46039671690804	-62.6319369643744	8.21911049066391	1
X2903573	23.0671516430856	-1.98844709955474	26.5908248892976	-1.53522614665726	1
X2903574	-38.3026613828125	-3.17792625915513	-29.0576973262932	-6.06703779736429	1
X2903575	20.8223091881773	2.35394833789712	19.9683000400179	-1.49993918973777	1
X2903576	-15.5570859577983	0.560925692473818	-12.5762189386626	-3.54179271160949	1
X2903577	13.9382787155244	3.33821056186094	4.69770711032049	5.90236104334296	1
X2903578	13.2941361711674	2.59450840095374	-2.29599429079628	12.99562206101	1
X2903579	1.31831090588468	-1.02560709908999	2.02347557231502	0.320442432659619	1
X2903580	-70.8527577091733	3.25246467789011	-80.4492602438073	6.34403785674389	1
X2903581	24.4029947500062	4.32860291690092	13.2543249918253	6.82006684128002	1
X2903582	-12.1416996646047	-0.666195549198537	-4.4103064022225	-7.06519771318363	1
X2903583	-75.5419646002	-0.218129819944709	-77.0439366606615	1.7201018804062	1
X2903584	-29.2826266200117	-1.35242198761011	-21.0513805851515	-6.87882404725009	1
X2903585	-36.9234035100793	-0.218129819944709	-35.2327371823551	-1.47253650777956	1
X2903586	-50.5573778028099	-0.218129819944709	-46.1981961884296	-4.14105179443564	1
X2903587	-44.9118090407068	-0.53172119771812	-40.1660699504698	-4.21401789251886	1
X2903588	7.64573114311171	3.33821056186094	-2.13756489236519	6.44508547361593	1
X2903589	-32.4325222373299	1.91282303820995	-37.7104549513808	3.36510967584103	1
X2903590	-33.2256384009109	0.560925692473818	-35.7256962616443	1.93913216825956	1
X2903591	-10.0261789788492	-4.2915432842002	-5.81108875906059	0.0764530644116437	1
X2903592	120.966952465944	1.94063086378749	117.071160343796	1.95516125836131	1
X2903593	33.0782017271914	2.73328052093466	30.9553686957613	-0.61044748950461	1
X2903594	37.3583047597131	1.59507031375999	38.7822339784718	-3.01899953251866	1
X2903595	83.5437375211447	2.34595052856255	83.7662829174098	-2.56849592482765	1
X2903596	17.2124898689562	1.59507031375999	11.0138694442027	4.60355011099352	1
X2903597	20.227791116461	-0.101832530878862	31.4942184133169	-11.164594765977	1
X2903598	107.35043810617	1.31222834952682	96.8074419493724	9.23076780727028	1
X2903599	69.8655272171733	2.16448248726394	72.2948105282783	-4.59376579836893	1
X2903600	87.4342429818051	1.59507031375999	77.7771586283655	8.06201403967952	1
X2903601	27.7201941234547	-1.18979831258279	36.1206215581771	-7.21062912213959	1
X2903602	75.8922297529808	-0.426715258385471	82.4421697971784	-6.12322478581225	1
X2903603	51.3993664919651	-0.467958780202695	59.5738273088105	-7.70650203664264	1
X2903604	18.1080173623082	-0.072320311628124	22.7614654541652	-4.58112778022889	1
X2903605	33.3117563344546	-1.18979831258279	40.4854410014659	-5.98388635442854	1
X2903606	22.5798070065032	0.548576947354244	22.7350996098252	-0.703869550676239	1
X2903607	30.2839947171439	-0.0897418899242745	32.2330364926139	-1.85929988554572	1
X2903608	51.5853904986623	2.34595052856255	55.5092249610468	-6.26978499094706	1
X2903609	25.4999658626575	1.45605939200367	22.1342238208972	1.90968264975661	1
X2903610	54.3251209675514	-2.27568615374909	54.1219328638744	2.47887425742611	1
X2903611	-35.2976274311078	-3.74833005547884	-26.5281006216304	-5.02119675399837	1
X2903612	-43.3704498581859	-3.74833005547884	-38.0613894042514	-1.56073039845561	1
X2903613	-62.1998305438799	-0.482023367865913	-58.3351308289513	-3.38267634706286	1
X2903614	-65.783336956832	1.04829170536821	-75.6491658501719	8.81753718797184	1
X2903615	-6.31889246287378	-4.06522367733231	7.26744894985229	-9.52111773539375	1
X2903616	11.3830368045822	0.461692749767734	11.1595832045251	-0.23823914971067	1
X2903617	-62.755661477146	-4.22523922536779	-49.5614248325997	-8.96899741917882	1
X2903618	-62.1414411214988	-0.219582511451957	-56.8650097604703	-5.05684884957649	1
X2903619	19.8809474003557	0.551787154860849	18.2307800422745	1.0983802032204	1
X2903620	20.051823978519	-0.087076421253493	20.6695016273381	-0.530601227565608	1
X2903621	-48.9331709915982	-3.37597000055412	-47.1521077693687	1.59490677832462	1
X2903622	16.7369440432363	-0.708730548052815	16.2567620119414	1.18891257934763	1
X2903623	-37.4205818463401	-1.35242198761011	-34.8726605756713	-1.19549928305868	1
X2903624	3.64563686720455	-0.666195549198537	6.07993532657139	-1.76810291016831	1
X2903625	-34.9095696483071	-4.28694637907278	-25.8154098044944	-4.80721346473992	1
X2903626	-44.5346851588278	-0.0970498618053829	-39.6814030787629	-4.75623221825953	1
X2903627	-5.54968727703719	-0.642139051913798	-4.99334725658758	0.0857990314642099	1
X2903628	-30.6110464842002	-3.36024324640173	-25.2308569582225	-2.01994627957596	1
X2903629	29.3814220113691	0.461692749767734	28.6910058364604	0.228723425140966	1
X2903630	-10.0734836163576	-0.666195549198537	-15.5584870951042	6.15119902794519	1
X2903631	-16.1247946243589	-2.16676136478254	-8.01049033827848	-5.94754292129786	1
X2903632	-66.4470417400048	-3.17792625915513	-59.9363594845535	-3.33275599629612	1
X2903633	-96.8950780008689	-4.22523922536779	-89.6744756683655	-2.99536310713557	1
X2903634	-49.5676432685008	-4.22523922536779	-41.8027552315751	-3.53964881155793	1
X2903635	-67.1539685193095	-4.22523922536779	-61.5979389334259	-1.33079036051553	1
X2903636	-111.660752310433	-4.22523922536779	-99.7027944547856	-7.73271863028013	1
X2903637	-90.21900872806	-4.2915432842002	-87.2611854924523	1.33372004859235	1
X2903638	-63.7532251096181	-4.22523922536779	-60.6697192542801	1.1417333700298	1
X2903639	-44.522296857294	-3.88145643566622	-32.8278711730546	-7.81296924857319	1
X2903640	-70.1439776775791	-3.17792625915513	-57.2529783361805	-9.71307308224333	1
X2903641	13.0299267922856	-0.997185332363236	14.173873530617	-0.146761405968139	1
X2903642	-5.7025211586521	-0.997185332363236	-3.85459515181796	-0.85074067447086	1
X2903643	-73.7236019587579	-0.218129819944709	-76.9094733394389	3.40400120062581	1
X2903644	-57.1338941895373	-3.88145643566622	-48.0545829028746	-5.19785485099659	1
X2903645	22.1995003171102	-0.072320311628124	24.6722758374775	-2.40045520873919	1
X2903646	-50.0770332308241	1.11625314111376	-56.3297354574772	5.13644908553931	1
X2903647	-80.6992677691987	-4.22523922536779	-70.3007957367177	-6.17323280711303	1
X2903648	14.66419205192	-0.997185332363236	21.4719015437721	-5.81052415948882	1
X2903649	-40.5127202151704	-0.53172119771812	-36.792934737627	-3.18806427982519	1
X2903650	-53.2073609859927	-4.2915432842002	-54.1258891530577	5.21007145126517	1
X2903651	-33.6190367072505	-3.37597000055412	-36.3904070905635	6.1473403838671	1
X2903652	38.1971590310642	1.33666075839877	25.4779637310894	11.382534541576	1
X2903653	-8.28645559645968	0.548576947354244	-9.11740207362903	0.282369529815112	1
X2903654	7.40394899120377	-4.35784734303261	9.29934537511969	2.46245095911675	1
X2903655	9.159859259334	0.180370381251536	2.10033146833882	6.87915740974361	1
X2903656	-50.5327614562342	-3.1749032556647	-52.2301633237133	4.87230512314389	1
X2903657	-41.1954233035189	-0.666195549198537	-42.2130819010072	1.68385414668685	1
X2903658	50.7220290604622	0.548576947354244	46.6116575798763	3.56179453323166	1
X2903659	-25.1304650457775	1.42951188204172	-37.6646419107029	11.1046649828837	1
X2903660	96.3618053068062	1.1227005822406	99.03787357708	-3.79876885251452	1
X2903661	17.6173426069858	-1.98844709955474	24.9070312028259	-5.30124149628534	1
X2903662	-0.146288578356881	2.44203549377384	-2.39031432612855	-0.198009746002178	1
X2903663	18.1458153786944	2.44203549377384	15.4272776064113	0.27650227850932	1
X2903664	35.284760629372	0.842772495936692	34.4463570773666	-0.00436894393131593	1
X2903665	-9.92117051650845	-1.55482687477258	-5.83529348699	-2.5310501547459	1
X2903666	78.2951409978664	0.489951410248517	72.1383632939195	5.66682629369848	1
X2903667	87.4246854138377	-0.100990822389336	97.5948960448667	-10.0692198086397	1
X2903668	-3.24078931941047	0.420047472294272	-2.53113042212715	-1.12970636957759	1
X2903669	67.4354712579682	1.31222834952682	73.0844942746973	-6.96125136625591	1
X2903670	7.82079653865333	-2.05532296842956	14.0284838466463	-4.15236433956345	1
X2903671	103.487060476984	4.05682399686996	90.1786746714169	9.2515618086977	1
X2903672	64.6665968514718	2.57656775782289	53.9370418836109	8.152987210038	1
X2903673	3.63013028186485	1.20070919453234	3.5538116070993	-1.12439051976675	1
X2903674	26.5887181301309	-1.00127970709684	28.2602564159644	-0.670258578736663	1
X2903675	-2.89681409922603	0.319259094905436	-1.5440822332476	-1.67199096088387	1
X2903676	21.7843761511415	0.381202121183149	20.1939576456854	1.20921638427304	1
X2903677	75.1445852912379	3.26199471363868	74.3506652407965	-2.46807466319736	1
X2903678	45.889230078403	3.96564851832173	32.7515521261496	9.17202943393171	1
X2903679	16.5526910535457	0.186308684782946	14.9257185191016	1.44066384966118	1
X2903680	-21.2325625910305	-0.317397692037846	-20.8734518023878	-0.0417130966047918	1
X2903681	126.849349725726	1.1227005822406	124.949949005716	0.776700137769131	1
X2903682	42.520673522255	-0.666195549198537	42.8808129690221	0.306056102431281	1
X2903683	88.0342264380066	3.26199471363868	72.1001119889865	12.6721197353814	1
X2903684	45.355334609851	2.95915218580312	36.0021565863871	6.39402583766074	1
X2903685	28.1459369127786	1.33666075839877	20.4327306709612	6.37654548341874	1
X2903686	-1.96570713901359	1.27288251157774	-10.5757973748445	7.33720772425302	1
X2903687	52.1372914410764	4.37226956448552	40.06308250883	7.70193936776086	1
X2903688	-0.299018949839066	3.33821056186094	-12.4456222909239	8.80839277922383	1
X2903689	25.1103161284012	-0.0188797193465867	17.0662820381728	8.06291380957494	1
X2903690	17.7324998605974	-0.487889740028062	11.0195589419448	7.20083065868066	1
X2903691	47.7228075099373	3.68743581096493	31.3447182927238	12.6906534062485	1
X2903692	18.243366545886	-0.666195549198537	15.1687145872052	3.74084750787934	1
X2903693	4.61410227311429	0.180370381251536	0.227763139006994	4.20596875285577	1
X2903694	37.4702444657028	-0.666195549198537	38.7792584869373	-0.642818472035888	1
X2903695	31.5773155886699	3.33821056186094	29.3411874172903	-1.10208239048131	1
X2903696	51.2069252642765	2.95915218580312	35.6686576341022	12.5791154443712	1
X2903697	61.648472913444	0.381202121183149	61.8511609368316	-0.583890144570773	1
X2903698	-46.0914751311172	-0.103555299823855	-43.9339834464482	-2.05393638484519	1
X2903699	-42.5538312906103	-0.512502179740475	-38.2383717698653	-3.80295734100443	1
X2903700	-31.7493503641009	-0.997185332363236	-32.088901806285	1.33673677454732	1
X2903701	-58.0230362927181	2.48850731870252	-61.814520257386	1.30297664596546	1
X2903702	-12.4326985686887	2.35394833789712	-22.5644561328789	7.77780922629311	1
X2903703	-13.980054321198	0.288307789727696	-7.82273271064195	-6.44562940028376	1
X2903704	-43.2985859822387	-0.53172119771812	-36.1144726573615	-6.65239212715899	1
X2903705	-37.4940890723579	0.288475000354146	-22.4682097289194	-15.3143543437926	1
X2903706	-49.8223689625785	-0.853226699777828	-41.5575281447067	-7.41161411809374	1
X2903707	-55.5008473725314	-0.853226699777828	-39.2390935130128	-15.4085271597408	1
X2903708	-49.0288047258566	-0.444058282338004	-53.4778891998568	4.8931427563383	1
X2903709	6.52614982010054	1.89114080200711	8.1339729769061	-3.49896395881267	1
X2903710	-62.7706532995519	0.0880120409080564	-51.361966908014	-11.496698432446	1
X2903711	-49.2782473365894	-0.218129819944709	-47.4297764770634	-1.63034103958137	1
X2903712	-47.233808252917	-0.512502179740475	-41.6931155571392	-5.02819051603727	1
X2903713	-41.2956853535746	3.33821056186094	-51.1756707699419	6.54177485450644	1
X2903714	26.0158870211528	2.15440808531706	21.0806790046765	2.78079993115929	1
X2903715	-34.3336987162655	-0.666195549198537	-33.1123452023668	-0.555157964700254	1
X2903716	-3.35214150274384	0.759922652337656	-1.52787208567123	-2.58419206941026	1
X2903717	33.6744279461348	1.04829170536821	27.2796918884197	5.34644435234695	1
X2903718	20.6964735112895	0.0533582746604553	23.9230486814523	-3.27993344482325	1
X2903719	31.4181826419048	-2.16676136478254	35.3240025731525	-1.73905856646507	1
X2903720	12.7992460816623	0.0533582746604553	1.16964642805337	11.5762413789484	1
X2903721	22.0781647045869	0.759922652337656	17.2822792430683	4.03596280918097	1
X2903722	26.4291266812193	-1.78283789374543	28.6886461339653	-0.476681559000639	1
X2903723	38.0968410925441	-1.5421734222123	43.0608362642643	-3.42182174950779	1
X2903724	17.7818450854799	-1.69184031913369	23.0538473788322	-3.5801619742186	1
X2903725	34.8243700336567	1.11625314111376	42.8744438052021	-9.16632691265918	1
X2903726	51.2249258764113	2.51703063703855	48.643487374725	0.0644078646477626	1
X2903727	10.9691005997375	-2.16676136478254	6.66384232233076	6.47201964218932	1
X2903728	14.5979286686254	1.27288251157774	10.9848558117664	2.34019034528126	1
X2903729	6.60553310788739	0.759922652337656	8.84603390419196	-3.00042344864224	1
X2903730	-1.1388462178912	0.759922652337656	-1.71591206864513	-0.182856801583747	1
X2903731	49.5539519223255	2.34595052856255	53.4607473673995	-6.25274597363651	1
X2903732	52.1722150570173	0.226794197109547	54.6717311676567	-2.72631030774896	1
X2903733	-11.9402788960743	-1.75257239768173	0.938643220481604	-11.1263497188742	1
X2903734	27.7670701942338	1.04515768932654	27.4520270277347	-0.730114522827481	1
X2903735	7.65521108801267	1.04829170536821	5.93970299375343	0.667216388891021	1
X2903736	55.479212524243	1.1118557403461	50.3682062284185	3.9991505554784	1
X2903737	41.5345701241899	0.226794197109547	44.535882375565	-3.22810644848467	1
X2903738	68.4910827950683	2.43058355204033	61.5123033249791	4.54819591804901	1
X2903739	34.747074095734	-2.16676136478254	40.2919761038661	-3.37814064334953	1
X2903740	19.9828040097987	-2.05532296842956	21.0221263463529	1.01600063187536	1
X2903741	51.6704343571561	-2.49959047127238	49.0523665343765	5.11765829405196	1
X2903742	9.5499052635078	1.04829170536821	8.24951194872049	0.252101609419114	1
X2903743	-24.2693912808666	-4.22523922536779	-16.968939853634	-3.07521220186499	1
X2903744	-86.8365460351212	-3.17792625915513	-88.3277615239514	4.66914174798539	1
X2903745	-45.0144010419478	-4.06522367733231	-36.4842597593793	-4.46491760523609	1
X2903746	-72.374274928364	0.759922652337656	-77.4382539482952	4.30405636759357	1
X2903747	-60.1216070341894	-3.17792625915513	-50.3525683439812	-6.59111243105306	1
X2903748	-76.7481384611203	-1.97220254436098	-69.4991710684779	-5.27676484828162	1
X2903749	22.0993972538611	-0.218129819944709	19.3300713298979	2.98745574390802	1
X2903750	-26.360515144692	-0.666195549198537	-19.385388831445	-6.30893076404845	1
X2903751	-58.0540610526759	-3.1749032556647	-54.88906157135	0.00990377433870715	1
X2903752	-43.9600330394563	-2.46835007566318	-37.7434916075813	-3.74819135621173	1
X2903753	-27.5525735937376	-1.28998963374177	-30.1433957019268	3.88081174193098	1
X2903754	-58.0278429417439	-3.17792625915513	-41.5813140934994	-13.2686025890894	1
X2903755	-27.6694584376962	-1.5421734222123	-29.0802837306934	2.95299871520954	1
X2903756	-52.5580971702604	-3.32972781795324	-47.6101234649745	-1.6182458873329	1
X2903757	26.9096540391535	2.44203549377384	18.8256282934116	5.641990251968	1
X2903758	93.3141165759845	2.34595052856255	85.4136776335393	5.55448841388263	1
X2903759	70.5702275308991	3.27196538972321	63.478279801137	3.81998234003894	1
X2903760	82.3329663025283	3.26199471363868	70.4989780834427	8.57199350544693	1
X2903761	72.8194861253044	4.84367765324908	62.6208806054934	5.35492786656189	1
X2903762	18.64250547167	0.25368336495764	20.7112357534685	-2.32241364675607	1
X2903763	54.3007212242404	3.01865218670893	48.3792926149499	2.9027764225817	1
X2903764	29.2894480424397	2.44203549377384	21.0544209154253	5.79299163324065	1
X2903765	70.2906762164285	1.94063086378749	67.9155875372246	0.434457815416406	1
X2903766	14.8329920173245	0.548576947354244	12.4644604047056	1.81995466526456	1
X2903767	47.7957426067092	0.87035969759894	48.5056908854878	-1.58030797637759	1
X2903768	67.8157170833923	0.319645617160446	71.3820206692781	-3.88594920304626	1
X2903769	-2.97150771292664	-0.072320311628124	1.58111594459889	-4.48030334589743	1
X2903770	-12.9551609820882	2.4111784388303	-16.4837845442377	1.11744512331917	1
X2903771	115.498181917807	1.31222834952682	116.809084890925	-2.62313132264414	1
X2903772	30.9087543724933	-0.072320311628124	34.8628509552927	-3.88177627117128	1
X2903773	86.7425349443136	2.34595052856255	84.5312111266153	-0.134626710864229	1
X2903774	-50.9471561486148	-0.218129819944709	-51.9832307143477	1.25420438567752	1
X2903775	-3.03657150909903	-0.997185332363236	-13.2205536759224	11.1811674991866	1
X2903776	-45.2358313362699	-0.997185332363236	-48.620136091736	4.38149008782925	1
X2903777	20.0971630052576	1.04829170536821	16.7405224034236	2.30834889646578	1
X2903778	-84.0706056520413	-4.2915432842002	-77.7648094062534	-2.01425296158755	1
X2903779	-10.1834430823936	0.759922652337656	-13.8205283173864	2.8771625826551	1
X2903780	-41.7151039839521	0.120898034169547	-41.5398519901681	-0.296150027953492	1
X2903781	-84.3085562871785	-4.22523922536779	-77.1677681359326	-2.91554892587812	1
X2903782	-51.6960377403136	-0.218129819944709	-54.1228164892122	2.64490856884332	1
X2903783	42.961900622526	2.9950343406179	37.6035516454419	2.3633146364662	1
X2903784	-31.7941619606065	0.0533582746604553	-27.3240584937053	-4.5234617415617	1
X2903785	18.0940952235713	2.95915218580312	7.37397663445537	7.76096640331279	1
X2903786	-37.0228314834429	-1.35242198761011	-36.1923093946981	0.521899898865305	1
X2903787	23.4635317410325	3.68660666945785	11.6830926044614	8.09383246711323	1
X2903788	16.4007433087683	-1.17685084735347	24.5228211212773	-6.94522696515551	1
X2903789	25.689164631094	2.4111784388303	22.2770331205277	1.00095307173596	1
X2903790	-74.8443872180843	3.41669932400379	-79.3771830544424	1.11609651235434	1
X2903791	2.3485888425666	3.26199471363868	-1.30735409525635	0.393948224184201	1
X2903792	-58.3738871885417	3.58673759641706	-65.2809651709762	3.32034038601743	1
X2903793	-34.2616203804265	3.25246467789011	-37.3561902364394	-0.157894821877112	1
X2903794	-47.8013662358598	-0.218129819944709	-44.2633019174013	-3.31993449851382	1
X2903795	17.9194010987068	2.99301297050676	11.1660264741604	3.76036165403968	1
X2903796	15.8359104959344	2.44203549377384	7.18087171532691	6.21300328683371	1
X2903797	-43.8153435264079	1.27288251157774	-52.0449229940082	6.95669695602261	1
X2903798	-72.1506064949086	-0.0188797193465867	-72.1536022905364	0.0218755149744367	1
X2903799	32.4878608843069	1.04829170536821	34.5244737363166	-3.08490455737788	1
X2903800	32.352141102754	1.04829170536821	29.7929126053469	1.51093679203889	1
X2903801	-58.0759788079472	-4.22523922536779	-48.705909366983	-5.14483021559648	1
X2903802	-35.2191647242323	-4.22523922536779	-32.4564147081207	1.4624892092562	1
X2903803	13.9963470925136	-1.17685084735347	16.1895223206204	-1.01632438075326	1
X2903804	-60.4103967782601	-4.22523922536779	-50.7141940240795	-5.47096352881323	1
X2903805	-29.3302457828337	-3.17792625915513	-19.7101774503487	-6.44214207332991	1
X2903806	-16.5984011859981	0.120898034169547	-20.9809513851644	4.26165216499678	1
X2903807	-28.8462673183693	-4.22523922536779	-14.0940085887635	-10.5270195042382	1
X2903808	72.0046692911326	2.34595052856255	74.0398665421616	-4.38114777959145	1
X2903809	61.8020843527588	2.57656775782289	52.7951646900124	6.43035190492361	1
X2903810	58.5219486457054	3.26199471363868	48.3367145348958	6.92323939717097	1
X2903811	-6.53602206956964	-1.35242198761011	8.37368283579658	-13.5572829177561	1
X2903812	97.9365523278612	3.26199471363868	100.867147289298	-6.19258967507539	1
X2903813	40.9715297006128	3.26199471363868	31.3308148951702	6.378720091804	1
X2903814	-17.5838921781026	0.548576947354244	-13.2568947711019	-4.87557435435498	1
X2903815	31.7023982910338	-0.072320311628124	37.2871756258967	-5.51245702323484	1
X2903816	76.543309894272	2.01786245160191	75.8021327701486	-1.27668532747846	1
X2903817	31.2873721208808	0.0533582746604553	27.3750924576276	3.85892138859269	1
X2903818	-96.3216246814748	-0.997185332363236	-98.8899704822902	3.56553113317873	1
X2903819	-46.5791397946894	-0.997185332363236	-43.8568008530218	-1.72515360930433	1
X2903820	34.4359575526737	-0.072320311628124	32.8429272523813	1.66535061192056	1
X2903821	-91.2770770618253	-4.22523922536779	-84.6342744803522	-2.41756335610516	1
X2903822	-25.7412291887975	-4.22523922536779	-23.7201109738077	2.20412101037787	1
X2903823	-32.1896038900838	-0.53172119771812	-37.9107882461592	6.25290555379349	1
X2903824	15.293118936883	0.0533582746604553	12.7342898595547	2.5054708026679	1
X2903825	-38.5997008291778	-4.22523922536779	-23.9479261259431	-10.4265354778667	1
X2903826	27.1884954886649	-0.997185332363236	28.5483000533404	-0.362619232312282	1
X2903827	-9.83997920701464	-4.06522367733231	-3.22532292795782	-2.54943260172452	1
X2903828	-46.017311797532	-3.17792625915513	-44.823167294886	1.98378175650925	1
X2903829	-4.04044697351671	-0.997185332363236	-5.10822263009124	2.06496098893779	1
X2903830	-33.7803102165127	-4.22523922536779	-21.4631964998774	-8.09187449126753	1
X2903831	-40.7694543177278	-4.2915432842002	-31.5393131075038	-4.93859792602399	1
X2903832	-63.7631090828868	-0.997185332363236	-68.9840797304219	6.21815597989847	1
X2903833	-67.83512941774	-4.22523922536779	-57.691593937684	-5.9182962546879	1
X2903834	19.5910033028218	0.0533582746604553	16.5595357614899	2.97810926667147	1
X2903835	23.274797370734	2.95915218580312	2.33003257163397	17.9856126132969	1
X2903836	-21.5069907727269	0.186308684782946	-25.3324681061468	3.63916864863689	1
X2903837	-52.7724177497726	-0.0188797193465867	-59.430672015049	6.67713398462299	1
X2903838	-7.48593601281515	1.91282303820995	-14.3029154671389	4.9041564161138	1
X2903839	-63.938937593449	-0.0188797193465867	-71.6445615173809	7.72450364327852	1
X2903840	32.0560647941299	2.23086856064131	25.0777722297709	4.74742400371774	1
X2903841	-25.5392009292425	1.36037970211209	-27.8826414573885	0.983060826033984	1
X2903842	1.61075849103025	2.23086856064131	-6.70629422080589	6.08618415119486	1
X2903843	-31.9451520252654	2.23086856064131	-46.07060230876	11.8945817228532	1
X2903844	34.1628958361061	2.4647900884983	32.2602465405733	-0.562140792965508	1
X2903845	73.1223521821677	2.99872743032873	61.1024014628306	9.02122328900832	1
X2903846	5.20133583603793	0.0533582746604553	2.93175618610544	2.21622137527204	1
X2903847	18.4886714205512	0.226794197109547	16.3313539943253	1.93052322911636	1
X2903848	20.9646320737518	1.88117012592257	23.738423790672	-4.65496184284273	1
X2903849	42.1128037758011	0.679073857270842	44.3704780754943	-2.93674815696406	1
X2903850	-13.2675838750164	0.451334040910024	-21.8332374608928	8.11431954496631	1
X2903851	-5.45091705221915	-0.072320311628124	-0.923731983227233	-4.45486475736379	1
X2903852	73.044914777706	1.88117012592257	63.3718164549893	7.79192819679407	1
X2903853	-69.4881376555577	-3.17792625915513	-58.3496405460516	-7.96057085035103	1
X2903854	-77.0884287090991	-0.218129819944709	-76.7218709733176	-0.148427915836798	1
X2903855	-46.8052653449759	-3.37597000055412	-43.8775610036459	0.448265659224215	1
X2903856	-99.4887952571873	-3.88145643566622	-90.8642963857026	-4.7430424358185	1
X2903857	9.13655997764527	2.4647900884983	12.7550995256935	-6.08332963654654	1
X2903858	-33.7916277146448	-3.37597000055412	-36.720339623557	6.30468190946633	1
X2903859	14.3234907088905	-1.35242198761011	17.2498214889125	-1.5739087924119	1
X2903860	-60.4750891805853	2.74166661926571	-57.0495282225438	-6.16722757730715	1
X2903861	-25.4042447985751	2.15440808531706	-29.4572638465316	1.89861096263938	1
X2903862	-67.1772805365867	1.11625314111376	-71.1708602275432	2.8773265498428	1
X2903863	-18.1955277417757	-0.997185332363236	-15.7824029599655	-1.41593944944691	1
X2903864	-9.82612253409547	-1.35242198761011	-4.60217337316557	-3.87152717331987	1
X2903865	-63.4227964413361	2.74166661926571	-68.2316705004309	2.06720743982901	1
X2903866	-38.7807233523141	3.41669932400379	-46.2029751535874	4.00555247726949	1
X2903867	-26.8157293868719	0.288979592173869	-24.5187821654789	-2.58592681356676	1
X2903868	-43.7179330281333	-0.218129819944709	-35.8272323129959	-7.67257089519272	1
X2903869	-43.3997896284268	1.11625314111376	-48.9940885129501	4.47804574340957	1
X2903870	-24.2068017542677	-3.17792625915513	-17.9359329955787	-3.09294249953378	1
X2903871	10.8005124530796	0.452544768465938	8.61439578310623	1.73357190150742	1
X2903872	23.3625257281681	-0.218129819944709	18.8591521267621	4.72150342135073	1
X2903873	-36.5311897547963	-2.46039671690804	-38.4774888078724	4.40669576998408	1
X2903874	22.2266041086972	2.74166661926571	23.3150610318288	-3.83012354239718	1
X2903875	-9.04364808624807	3.71872804917154	-13.9414227031616	1.17904656774196	1
X2903876	-53.0548924409799	-0.218129819944709	-50.5512166865503	-2.285545934485	1
X2903877	-35.4760967127117	-4.35784734303261	-38.8726445037054	7.75439513402617	1
X2903878	-64.1399822149471	-1.78283789374543	-70.2856450177466	7.92850069654481	1
X2903879	39.4307684381561	2.50996776760011	40.8852376506531	-3.96443698009719	1
X2903880	-17.4855020892981	-3.88145643566622	-6.38094934029578	-7.22309631333601	1
X2903881	-67.2907106296439	-2.02350236527856	-72.7251544560624	7.45794619169698	1
X2903882	26.4014375286042	0.759922652337656	25.3549117768546	0.286603099411944	1
X2903883	-62.7483246703282	0.120898034169547	-66.1176499348263	3.24842723032844	1
X2903884	-21.1678476408762	-4.22523922536779	-15.7512296069825	-1.19137880852597	1
X2903885	-55.700656671534	2.43058355204033	-58.1000354846051	-0.031204738968885	1
X2903886	-53.5546296051146	-3.88145643566622	-47.2825840510639	-2.39058911838448	1
X2903887	-2.74915088578793	0.186308684782946	-3.52812427277428	0.592664702203434	1
X2903888	34.8858708834467	1.35116181301485	38.6929367948705	-5.15822772443862	1
X2903889	28.8821704179383	-1.17685084735347	25.856065320516	4.20295594477573	1
X2903890	6.99876055635272	-0.69031648221281	13.3530497720313	-5.66397273346574	1
X2903891	11.7674574975063	1.93324468436583	10.5806152302773	-0.74640241713682	1
X2903892	82.9924542547653	1.99605617149463	80.0186518529398	0.977746230330796	1
X2903893	-49.2614851175699	-3.17792625915513	-44.4365765559379	-1.646982302477	1
X2903894	-45.5520987565341	-0.997185332363236	-51.9029930820988	7.3480796579279	1
X2903895	11.1898930029341	0.759922652337656	8.03552987406741	2.39444047652905	1
X2903896	-40.2357865718079	-3.17792625915513	-37.1702196745997	0.112359361946901	1
X2903897	29.2137898703768	0.451334040910024	25.5610732369095	3.20138259255726	1
X2903898	-0.56515291819187	-0.218129819944709	0.335420302030043	-0.682443400277173	1
X2903899	18.9580076063799	0.25368336495764	24.782046327915	-6.07772208649273	1
X2903900	-39.0302432097555	2.74166661926571	-39.5496242715099	-2.22228555751132	1
X2903901	-57.9929460431684	-4.22523922536779	-45.7177592535119	-8.04994756428888	1
X2903902	-25.8186546458771	-1.78283789374543	-24.9226802714047	0.886863519273111	1
X2903903	-29.4692547794906	-0.53172119771812	-23.6874666780092	-5.25006690376332	1
X2903904	-1.05912941570935	-2.13061329294247	7.26181870918804	-6.19033483195495	1
X2903905	-16.1983541080373	-0.0188797193465867	-18.8995703313298	2.72009594263911	1
X2903906	-51.8557022904077	-3.17792625915513	-42.4747729868705	-6.20300304438219	1
X2903907	-20.0952008245996	1.91282303820995	-20.7894844665561	-1.21853939625336	1
X2903908	-28.9406523143011	-0.917585479642063	-31.0975153497492	3.07444851509031	1
X2903909	-26.7858319187136	-3.32972781795324	-22.0911137447607	-1.36499035599945	1
X2903910	22.6127709450598	-0.0188797193465867	18.0580749025112	4.57357576189514	1
X2903911	71.614007790783	5.78538694316791	58.3346409064705	7.49397994114458	1
X2903912	21.354786816688	-1.17685084735347	22.5144080067926	0.0172296572487716	1
X2903913	55.9654054312838	-0.666195549198537	50.4337854471433	6.19781553333883	1
X2903914	16.2433403455619	-1.00127970709684	24.1703792085229	-6.92575915586422	1
X2903915	31.5780733369114	-0.335205766033838	32.2382631402682	-0.324984037322835	1
X2903916	34.3418046472192	5.31899527194089	16.1144850287869	12.9083243464914	1
X2903917	74.6991932117933	6.42842910806143	55.0470010975083	13.2237630062235	1
X2903918	26.8806191032913	4.88252612936201	9.33830143031142	12.6597915436178	1
X2903919	36.2962757398624	4.37226956448552	22.8562555834292	9.06775059194773	1
X2903920	64.0450140840712	3.33821056186094	48.3709191126145	12.3358844095957	1
X2903921	24.2741180213008	1.04829170536821	19.9165640593179	3.30926225661471	1
X2903922	28.963954942982	0.186308684782946	26.334750026788	2.44289623141113	1
X2903923	15.5246153939919	4.32860291690092	5.06716291564838	6.12884956144251	1
X2903924	64.4959992141601	2.9950343406179	50.1527865464378	11.3481783271043	1
X2903925	86.8418938040173	2.34595052856255	80.0476831139104	4.44826016154448	1
X2903926	42.4951859737236	1.04515768932654	41.737023225211	-0.286994940813971	1
X2903927	34.9006543692998	0.759922652337656	38.5428026444701	-4.40207092750803	1
X2903928	49.0287958792098	2.9950343406179	41.9126113412896	4.12115019730225	1
X2903929	59.4073533313867	2.99301297050676	47.6939597632397	8.72038059764014	1
X2903930	56.7393994877338	4.37226956448552	41.8541033071931	10.5130266160552	1
X2903931	19.5892184009161	1.42951188204172	9.6112632359242	8.54844328295012	1
X2903932	99.1601171853842	3.56920047488451	83.3738815044451	12.2170352060546	1
X2903933	-1.4042479469984	1.65742302411261	-4.31616934326106	1.25449837215004	1
X2903934	27.4345258023675	1.27288251157774	20.7932201396978	5.36842315109209	1
X2903935	28.1501856631709	1.04829170536821	14.3221358053271	12.7797581524756	1
X2903936	22.8048375025021	3.68660666945785	10.8689646972044	8.2492661358398	1
X2903937	69.4364042094384	2.99872743032873	58.6539704546516	7.7837063244581	1
X2903938	-32.2638959328085	-3.17792625915513	-26.1830611436501	-2.90290853000317	1
X2903939	-44.0477776329768	-2.08792343357488	-42.6317761510043	0.671921951602432	1
X2903940	-4.33807130867748	-3.1749032556647	1.42344265923856	-2.58661071225135	1
X2903941	-35.4695945708536	-2.38460517220583	-25.0545986924038	-8.03039070624396	1
X2903942	38.3293522312693	0.226794197109547	44.337341583156	-6.23478354899639	1
X2903943	11.8555609964455	0.452544768465938	9.73339152072719	1.66962470725234	1
X2903944	-68.8177813097499	-2.27568615374909	-60.9656341719373	-5.57646098406351	1
X2903945	-20.1185082009785	-1.78283789374543	-17.2814386920871	-1.05423161514597	1
X2903946	55.6840564410801	0.420047472294272	58.5512391661861	-3.28723019740036	1
X2903947	-50.3297848121815	-4.28694637907278	-39.605209108737	-6.43762932437185	1
X2903948	-61.0123703160547	1.11625314111376	-53.8006512516462	-8.32797220552234	1
X2903949	-17.0184948498579	-0.0188797193465867	-19.2658397928165	2.26622466230511	1
X2903950	-48.0903347970964	-1.28998963374177	-50.1300818273613	3.3297366640068	1
X2903951	-15.6897098381077	1.11625314111376	-12.9621782358161	-3.84378474340534	1
X2903952	-36.6768092132449	-0.0188797193465867	-29.361686407092	-7.29624308680627	1
X2903953	1.49517498696203	2.15516891352946	-6.97638300572457	6.31638907915705	1
X2903954	-55.686096261053	2.46526637430781	-60.2578695422661	2.10650690690527	1
X2903955	3.19362409323523	3.33821056186094	-0.418392738209375	0.273806269583662	1
X2903956	-40.5882906931759	-1.78283789374543	-41.1999812706212	2.3945284711907	1
X2903957	44.3988512902902	3.68660666945785	30.0510770330572	10.6611675877752	1
X2903958	25.8815379115288	2.95915218580312	11.072743647659	11.8496420780666	1
X2903959	67.4744470173878	2.95915218580312	54.9220410953208	9.59325373626381	1
X2903960	70.678227518162	3.68743581096493	58.8303103567218	8.16048135047516	1
X2903961	37.7388701283012	2.74166661926571	32.4609075123364	2.53629599669915	1
X2903962	12.3950746022425	-0.335205766033838	9.60374614473055	3.12653422354577	1
X2903963	56.3096039409396	2.4111784388303	54.6555007415804	-0.757075239471069	1
X2903964	34.2290018482655	-1.35242198761011	38.9612158233703	-3.37979198749472	1
X2903965	17.4566281772174	0.226794197109547	24.9948964400636	-7.76506245995578	1
X2903966	-49.6997532703661	-4.22523922536779	-39.692960823393	-5.78155322160525	1
X2903967	-38.4303302908094	3.24666105159053	-45.4073467541948	3.73035541179488	1
X2903968	19.7756066676816	2.95915218580312	15.3771071622405	1.43934731963799	1
X2903969	-47.558238164732	0.120898034169547	-40.8156996583113	-6.86343654059033	1
X2903970	-0.314629116089357	-0.087076421253493	3.01426985972866	-3.24182255456461	1
X2903971	-68.4168387249049	-0.997185332363236	-62.2727641057246	-5.14688928681731	1
X2903972	-60.4341502123575	0.759922652337656	-55.0024510286716	-6.19162183602327	1
X2903973	-17.2781261169871	-4.22523922536779	-9.20201239413941	-3.85087449747994	1
X2903974	-30.0392341733527	1.49747331778727	-34.7949895337618	3.25828204262184	1
X2903975	-59.6022259375696	-2.97626543364619	-48.8309764469012	-7.7949840570222	1
X2903976	-54.671050338201	-3.12284312283825	-44.7851911644379	-6.76301605092466	1
X2903977	-49.7300517435359	-3.12284312283825	-41.0917274698952	-5.51548115080226	1
X2903978	54.3316323166682	2.15440808531706	44.6741318084367	7.50309242291453	1
X2903979	-11.4251811626877	-1.00127970709684	-9.26240812572791	-1.16149332986292	1
X2903980	-40.5205129665021	-2.97626543364619	-41.2782602354067	3.73401270255083	1
X2903981	-32.010674597082	-4.06522367733231	-24.2498305805503	-3.69562033919926	1
X2903982	1.74760967848978	-0.853226699777828	-0.0876515543176915	2.68848793258534	1
X2903983	-46.0296052350878	-3.12284312283825	-31.4014093147434	-11.5053527975061	1
X2903984	26.2016560174483	-1.17685084735347	18.0481988152609	9.33030804954089	1
X2903985	-12.2969528683446	-0.101832530878862	-10.025058903597	-2.17006143386873	1
X2903986	35.0196836930867	3.2272865639006	18.7264801522041	13.065916976982	1
X2903987	106.117404969587	1.31222834952682	110.331394417908	-5.52621779784772	1
X2903988	16.7360945366839	0.381202121183149	15.7040692826895	0.65082313281127	1
X2903989	126.194937976829	2.15171986279184	123.320525935745	0.72269217829146	1
X2903990	52.3789738664048	2.83541859520172	42.6532405346094	6.89031473659378	1
X2903991	92.1729290731979	2.4111784388303	92.0233800282557	-2.26162939388812	1
X2903992	4.18470318847427	-0.072320311628124	6.68066682934021	-2.42364332923788	1
X2903993	21.2712011743463	1.88117012592257	21.0280511256318	-1.63802007720811	1
X2903994	-22.4174993248398	0.461692749767734	-21.8371952301725	-1.04199684443502	1
X2903995	-2.2807570858846	0.211027368649715	1.11960138928555	-3.61138584381987	1
X2903996	63.0574535168661	2.34595052856255	60.173607284531	0.537895703772497	1
X2903997	9.11762514394992	0.381202121183149	13.5127279460202	-4.77630492325339	1
X2903998	20.0025391530621	3.68660666945785	5.44310963737551	10.8728228462288	1
X2903999	-29.782738069999	0.759922652337656	-31.9430725426771	1.40041182034032	1
X2904000	17.9327176802507	3.68660666945785	9.67735870607862	4.56875230471429	1
X2904001	-29.1294325415804	3.41669932400379	-32.7919818685683	0.245850002984191	1
X2904002	14.6272875343502	4.99460870190289	2.15677636062028	7.47590247182701	1
X2904003	30.2197709937787	2.95915218580312	19.7670374785829	7.49358132939263	1
X2904004	27.5813785629243	2.4111784388303	19.4864058933082	5.68379423078584	1
X2904005	48.4287369552744	3.56920047488451	40.7182699959823	4.14126648440764	1
X2904006	110.829448495518	3.2272865639006	104.468565480147	3.13359645147008	1
X2904007	26.9789388932519	1.99572783733714	21.1988288243191	3.7843822315956	1
X2904008	65.9433769668697	3.2272865639006	60.9093769248267	1.80671347814246	1
X2904009	0.291667666974263	1.27288251157774	1.32312316972459	-2.30433801432807	1
X2904010	40.8089640764968	2.83541859520172	31.3287026111677	6.6448428701273	1
X2904011	-1.2239617661899	0.381202121183149	-7.27550124899242	5.67033736161938	1
X2904012	12.3784982450143	0.759922652337656	6.91912033055806	4.69945526211862	1
X2904013	54.436008491052	2.99872743032873	48.5488038446311	2.8884772160922	1
X2904014	90.1677014802266	3.26199471363868	78.2199593943117	8.68574737227629	1
X2904015	-53.225377242819	-4.28694637907278	-38.6573656945837	-10.2810651691626	1
X2904016	-58.1324167077955	-1.84150721605508	-47.9409198757593	-8.34998961598096	1
X2904017	-49.6976466195026	-4.06522367733231	-33.2571911953356	-12.3752317468347	1
X2904018	5.55163371766189	0.381202121183149	2.66598765457446	2.50444394190427	1
X2904019	-47.0714698129577	-3.90520812929683	-31.5903420632003	-11.5759196204605	1
X2904020	-45.4235861389757	-4.22523922536779	-25.7108633678477	-15.4874835457602	1
X2904021	-38.9529885033493	-2.62241697105201	-34.4940827954583	-1.8364887368389	1
X2904022	-26.0166997389113	-1.17685084735347	-18.8225188176128	-6.01733007394501	1
X2904023	23.1142523253388	-1.17685084735347	24.1841372325732	0.10696594011914	1
X2904024	-81.6459210067304	-3.1749032556647	-73.2235335081049	-5.24748424296083	1
X2904025	30.0475198098575	-0.218129819944709	28.4987366918737	1.76691293792854	1
X2904026	-20.9562486928184	3.33821056186094	-32.6196364498683	8.32517719518905	1
X2904027	-64.1681216855261	-3.32972781795324	-61.4180146161461	0.579620748572958	1
X2904028	-41.2938692629655	-0.218129819944709	-48.4438654638801	7.36812602085935	1
X2904029	40.975212496209	2.04865239234595	34.8967836683193	4.02977643554368	1
X2904030	-35.0799986853626	-0.0188797193465867	-36.5486126749737	1.48749370895767	1
X2904031	-8.48267597991689	-4.28694637907278	-0.220743658757351	-3.97498594208677	1
X2904032	-59.4015535207478	-4.2915432842002	-56.3536721207558	1.24366188420825	1
X2904033	-70.0391294603276	-0.666195549198537	-72.975375080608	3.60244116947901	1
X2904034	-53.4660679893069	-3.88145643566622	-45.3733252740016	-4.21128627963921	1
X2904035	-66.3218017380978	-4.2915432842002	-57.6825142007139	-4.3477442531835	1
X2904036	-51.575095051295	1.27288251157774	-57.9863013236004	5.13832376072765	1
X2904037	-0.812645463163513	-0.666195549198537	1.2247473970589	-1.37119731102383	1
X2904038	-55.7710391708067	-4.2915432842002	-50.1861228042602	-1.29337308234617	1
X2904039	-22.4203527916789	-0.487889740028062	-17.7642107539427	-4.16825229770806	1
X2904040	6.49780580275033	0.509131158552924	6.41633263153802	-0.427657987340616	1
X2904041	16.0473048532076	-2.97626543364619	20.2076297755146	-1.18405948866084	1
X2904042	16.1838783194506	-0.512502179740475	27.1028354592962	-10.4064549601051	1
X2904043	-22.1938977835679	-0.487889740028062	-22.9482593691048	1.24225132556489	1
X2904044	-65.2053044230348	-4.06522367733231	-44.4930722531098	-16.6470084925926	1
X2904045	-3.8264529433362	0.420047472294272	-4.91746140314898	0.670960987518517	1
X2904046	34.0746419318839	-0.072320311628124	36.0277756099541	-1.88081336644214	1
X2904047	75.1738845274134	2.4111784388303	72.9697020375839	-0.206995949000779	1
X2904048	8.19500135217865	2.44203549377384	-1.03875933215586	6.7917251905607	1
X2904049	80.859518608193	4.03548210857484	66.296093272917	10.5279432267011	1
X2904050	26.2602011810682	-0.072320311628124	30.3587891631743	-4.02626767047804	1
X2904051	83.6547755159586	1.13575020820274	76.2844153339225	6.2346099738336	1
X2904052	12.7234339223075	-0.087076421253493	19.2445968051206	-6.43408646155966	1
X2904053	31.1235857488624	2.4111784388303	24.0933112694796	4.61909604055254	1
X2904054	33.212681559627	0.92154717442179	29.452540104835	2.83859428037022	1
X2904055	12.1277690203724	0.679073857270842	14.0232590575912	-2.57456389448973	1
X2904056	-41.604067620876	-2.48400654801608	-40.1351686008226	1.01510752796269	1
X2904057	-53.7855477876519	-3.17792625915513	-54.5653671957941	3.95774566729706	1
X2904058	-15.2241274435995	-2.27568615374909	-16.6121363502992	3.66369506044886	1
X2904059	51.1739672541027	2.51703063703855	38.7932900331852	9.86364658387883	1
X2904060	-35.4021027845572	1.04829170536821	-39.2774560363317	2.82706154640614	1
X2904061	-49.1605203011731	1.04829170536821	-50.4237320543308	0.21492004778952	1
X2904062	-69.3146629213116	-3.1749032556647	-53.9243455544329	-12.2154141112141	1
X2904063	-45.7132450887603	0.628436110505363	-51.657873128653	5.31619192938735	1
X2904064	-31.8279868173809	-3.37597000055412	-29.6039855121271	1.15196869530033	1
X2904065	-55.6780737889534	-0.0188797193465867	-61.2709481056165	5.61175403600971	1
X2904066	-62.6468126498343	-0.218129819944709	-63.4297603756206	1.00107754573108	1
X2904067	71.0979491926805	2.95915218580312	64.2660540998652	3.87274290701214	1
X2904068	87.0104373649423	2.89242644735152	84.3750681739765	-0.257057256385769	1
X2904069	81.4770946395874	1.93324468436583	81.9303283573719	-2.38647840215031	1
X2904070	35.7991449093858	-0.666195549198537	36.0548249604225	0.41051549816186	1
X2904071	16.7302800325068	2.35394833789712	13.8686404602992	0.507691234310453	1
X2904072	30.503974063885	4.32860291690092	20.3045715370179	5.8707996099662	1
X2904073	30.1164146880901	-1.17685084735347	32.5472280700063	-1.2539625345626	1
X2904074	6.08407836933922	-1.17685084735347	11.9589061032816	-4.69797688658887	1
X2904075	-17.3177080457545	2.9950343406179	-23.3167278044441	3.00398541807159	1
X2904076	63.6582124122306	1.88117012592257	64.8474016763732	-3.07035939006517	1
X2904077	60.274097211633	4.32860291690092	54.7982024420752	1.14729185265692	1
X2904078	-9.2752901289122	0.226794197109547	-12.57998256544	3.07789823941816	1
X2904079	-74.9154863742292	-4.2915432842002	-61.6084549765054	-9.01548811352349	1
X2904080	-64.8151116340644	-3.32972781795324	-56.0737775102729	-5.4116063058384	1
X2904081	-29.7635917582087	-2.13061329294247	-24.9179098772195	-2.71506858804674	1
X2904082	42.9508176003623	-0.0188797193465867	46.9454989421914	-3.97580162248257	1
X2904083	-46.0731551680494	-4.2915432842002	-36.8888731304574	-4.89273875339187	1
X2904084	-19.5711830705361	-4.2915432842002	-4.1161249795224	-11.1635148068135	1
X2904085	9.67522297675327	0.226794197109547	11.7787703817859	-2.33034160214215	1
X2904086	-39.9784463649248	0.288979592173869	-39.4829502796365	-0.784475677462109	1
X2904087	-13.4524149616192	-0.0188797193465867	-7.11598784617383	-6.31754739609873	1
X2904088	8.65265530291019	0.226794197109547	10.0850652557917	-1.65920414999107	1
X2904089	-25.3744072789706	0.451334040910024	-26.2991249052614	0.473383585380778	1
X2904090	-28.2263647307217	-0.53172119771812	-29.0655972186918	1.37095368568825	1
X2904091	29.3178308446805	1.27288251157774	20.0419501323385	8.00299820076431	1
X2904092	2.68427899980385	1.91282303820995	-4.41991826283477	5.19137422442868	1
X2904093	-44.2925070212996	-2.08792343357488	-43.3949145471914	1.19033095946662	1
X2904094	33.5406823653738	3.27619376369753	29.5494051963595	0.715083405316838	1
X2904095	-27.4143377055689	-3.32972781795324	-22.137889006851	-1.94672088076463	1
X2904096	3.09432088322906	4.10628715429599	-10.8113549048441	9.79938863377717	1
X2904097	-16.1891030602664	2.48850731870252	-21.8723544341755	3.19474405520661	1
X2904098	-59.5529353524182	0.260358492228898	-60.1857864839249	0.372492639277679	1
X2904099	39.3647962968578	3.68743581096493	39.6739378298377	-3.99657734394475	1
X2904100	-88.7646914318958	-3.17792625915513	-85.7865809766356	0.199815803894975	1
X2904101	45.195358431769	1.04829170536821	40.8777918914093	3.26927483499148	1
X2904102	2.50151385362786	-2.97626543364619	11.1475615440548	-5.66978225678073	1
X2904103	-43.0771770148619	-0.997185332363236	-39.0103738729768	-3.06961780952192	1
X2904104	47.3177210247743	2.89922668296181	38.2411543543202	6.17733998749228	1
X2904105	75.8325277453571	2.95915218580312	73.8045353451295	-0.931159785575441	1
X2904106	7.7233352422677	-1.18979831258279	11.7312120663279	-2.81807851147746	1
X2904107	72.9045671506233	4.03548210857484	64.444630354463	4.42445468758535	1
X2904108	28.8655552016817	2.48850731870252	19.3354415547154	7.04160632826376	1
X2904109	43.1726892958454	3.77467970443983	30.2195788505349	9.1784307408707	1
X2904110	2.53736131588654	0.381202121183149	1.76195780572686	0.394201388976544	1
X2904111	-56.1339917295214	-3.17792625915513	-48.0356673985306	-4.92039807183556	1
X2904112	67.8548144912566	-0.666195549198537	72.254159305627	-3.73314926517194	1
X2904113	-57.6849316276486	0.759922652337656	-57.5773254355247	-0.867528844461293	1
X2904114	-36.8821329433896	-0.997185332363236	-29.0652744709389	-6.8196731400874	1
X2904115	-56.9565159350308	-0.997185332363236	-52.2025604991311	-3.75677010353634	1
X2904116	-22.4559467939274	-0.0188797193465867	-26.3786806288805	3.94161355429966	1
X2904117	-2.89408616577217	0.381202121183149	3.22291185234941	-6.49820013930472	1
X2904118	40.9409147059983	2.74166661926571	30.7105424270512	7.48870565968129	1
X2904119	68.5491873582886	1.36037970211209	62.5378180759713	4.65098958020534	1
X2904120	21.5682742033537	0.548576947354244	22.1579264030156	-1.13822914701618	1
X2904121	85.1999986630746	1.93324468436583	74.8685683496005	8.3981856291083	1
X2904122	9.32615064474033	1.27288251157774	10.7358737389945	-2.68260560583197	1
X2904123	55.0556984519242	1.12159047721876	53.0209722566188	0.913135718086604	1
X2904124	-39.4949036157221	-0.53172119771812	-35.3299554991621	-3.63322691884177	1
X2904125	-42.4557848172184	-3.37597000055412	-39.427775805992	0.347960989327676	1
X2904126	-54.4413280396414	-4.2915432842002	-45.9888145503212	-4.16097020511992	1
X2904127	13.6674407975447	3.41669932400379	3.53113816279321	6.71960331074766	1
X2904128	-7.52401183253703	3.80858056941571	-17.1954659436284	5.86287354167561	1
X2904129	10.9803619221363	0.0687197498639445	10.3801477015698	0.531494470702551	1
X2904130	-27.3874677885937	-0.317397692037846	-27.6407590009192	0.570688904363412	1
X2904131	32.3028821048114	0.362831492255837	33.5679325254641	-1.62788191290846	1
X2904132	13.0067509806913	-1.4463057284243	18.4812121303787	-4.0281554212631	1
X2904133	49.8818554934882	0.226794197109547	48.6824377793476	0.972623517031146	1
X2904134	12.5502950635602	3.26199471363868	12.5903616942087	-3.30206134428712	1
X2904135	63.3674030462539	2.4111784388303	59.2593261106055	1.69689849681811	1
X2904136	29.9821080797335	-0.072320311628124	29.5694989412921	0.484929450069604	1
X2904137	54.3366126203914	0.211027368649715	53.7221809136786	0.403404338063175	1
X2904138	18.8023286131016	-0.087076421253493	15.6988491036321	3.190555930723	1
X2904139	26.3933861790992	0.312990025215145	26.7346671397279	-0.65427098584383	1
X2904140	4.43479685288635	-0.101832530878862	1.94247504451327	2.59415433925192	1
X2904141	-15.6815404388246	-1.80943556977455	-10.837028251118	-3.03507661793208	1
X2904142	-66.2277363253182	-2.3725092568337	-66.8838949302097	3.02866786172536	1
X2904143	-80.3799729815481	0.153784027431038	-87.8586429247761	7.32488591579696	1
X2904144	-48.8304304027835	-3.17792625915513	-39.2853045101518	-6.36719963347649	1
X2904145	14.2021754671108	0.396245189469978	12.9294909186825	0.876439358958333	1
X2904146	-54.0988224650522	-2.97626543364619	-41.3045379186649	-9.81801911274109	1
X2904147	-53.6568917620231	-2.13061329294247	-44.8913133200278	-6.63496514905281	1
X2904148	-79.21097907504	-3.90520812929683	-57.7659504470497	-17.5398204986936	1
X2904149	-53.5602757783379	-4.06522367733231	-44.3033022796024	-5.19174982140331	1
X2904150	36.2678207611167	2.8103497147219	35.113402542839	-1.65593149644419	1
X2904151	79.4029995603827	4.37226956448552	77.1359082587813	-2.10517826288401	1
X2904152	-35.9018523332817	-1.88730718996007	-35.0110356446352	0.996490501313559	1
X2904153	13.9563345687617	-0.218129819944709	13.3003934425887	0.874070946117799	1
X2904154	19.4241260529592	0.451334040910024	22.3866842795	-3.41389226745084	1
X2904155	-6.87482103163557	-2.97626543364619	2.91243755982245	-6.81099315781189	1
X2904156	47.2944055362832	0.420047472294272	45.424222838181	1.45013522580794	1
X2904157	-22.6103453574712	-1.5421734222123	-15.831783668203	-5.23638826705591	1
X2904158	-6.24570135828669	3.8627527394218	-13.993225440014	3.8847713423054	1
X2904159	-31.6490605580467	1.1118557403461	-34.8405843765086	2.07966807811567	1
X2904160	-53.1967879499818	-0.218129819944709	-50.2156928385471	-2.76296529149001	1
X2904161	-56.0182807773835	3.33821056186094	-62.3954066927178	3.03891535347337	1
X2904162	-41.4532776244291	0.628436110505363	-47.646458035244	5.5647443003096	1
X2904163	-39.5197926694618	-4.22523922536779	-32.3315000075785	-2.96305343651529	1
X2904164	-26.1154447372996	2.46526637430781	-34.4949351646113	5.91422405300399	1
X2904165	-58.0157423366916	0.560925692473818	-67.2775493558394	8.70088132667399	1
X2904166	37.5468369360069	2.44203549377384	31.7793747636475	3.32542667858551	1
X2904167	15.5946276226063	2.74166661926571	6.61275466031206	6.2402063430285	1
X2904168	16.8417114251874	0.759922652337656	15.7169175900487	0.364871182801045	1
X2904169	78.2989613132086	1.93324468436583	70.206640543969	6.15907608487389	1
X2904170	33.0646973666065	-0.666195549198537	32.3152278308137	1.41566508499137	1
X2904171	113.694756470429	2.4111784388303	115.440403576133	-4.15682554453466	1
X2904172	17.8677470161389	3.26199471363868	14.5689519614471	0.0368003410532209	1
X2904173	84.5507251576452	4.54444751885542	71.0221061868571	8.98417145193273	1
X2904174	5.38397053643073	0.381202121183149	12.0229321133731	-7.02016369812556	1
X2904175	11.632694964403	0.319259094905436	11.4614824198406	-0.148046550343064	1
X2904176	12.7564145710206	2.9950343406179	14.7240566782191	-4.96267644781636	1
X2904177	39.5694658567896	0.0533582746604553	42.443539831112	-2.9274322489828	1
X2904178	10.7321613594241	-0.698142568587894	11.4590044010258	-0.0287004730137916	1
X2904179	66.2171449761074	3.8712532882218	59.3506318624447	2.99525982544092	1
X2904180	9.80208362693847	2.51703063703855	2.77905448890224	4.50599850099764	1
X2904181	7.15911707300964	0.180370381251536	1.73323306783701	5.24551362392113	1
X2904182	-53.6729749711509	-0.0188797193465867	-65.3029739719635	11.6488787201592	1
X2904183	14.9255261466893	0.186308684782946	15.0252391320631	-0.286021670156684	1
X2904184	65.7731339546216	1.27288251157774	56.9316975159164	7.56855392712739	1
X2904185	-19.55775231449	-4.28694637907278	-5.30206225010714	-9.96874368531	1
X2904186	1.12767798954173	-3.17792625915513	7.79912835600322	-3.4935241073064	1
X2904187	9.34826482836707	1.59507031375999	5.95903402792849	1.79416048667851	1
X2904188	-39.1515363275913	1.27288251157774	-45.8130666512425	5.38864781207337	1
X2904189	5.72520756697963	-0.213585059293714	12.6500788992849	-6.71128627301162	1
X2904190	-58.6144631761311	3.41669932400379	-67.4659789426785	5.43481644254394	1
X2904191	-25.5061819139852	-4.06522367733231	-6.47395110813443	-14.9670071285184	1
X2904192	5.93294795136625	-0.666195549198537	8.59071079455144	-1.99156729398666	1
X2904193	-41.548566445896	-2.16676136478254	-34.0411140534427	-5.34069102767082	1
X2904194	-29.0381128644996	3.68660666945785	-37.5720343963251	4.84731486236764	1
X2904195	-11.6808380467307	-0.072320311628124	-6.75090662568761	-4.85761110941495	1
X2904196	-31.577482873391	0.0533582746604553	-25.1806545978574	-6.45018655019405	1
X2904197	-44.4994794432187	-2.97626543364619	-38.7625424725116	-2.76067153706084	1
X2904198	74.4548390861736	2.48850731870252	67.2189412854862	4.74739048198484	1
X2904199	39.124111538446	-1.18979831258279	44.3174162190432	-4.00350636801436	1
X2904200	49.4261729498592	2.48850731870252	47.1987667553689	-0.261101124212309	1
X2904201	-25.4716285936527	-4.22523922536779	-17.3722286109408	-3.87416075734415	1
X2904202	-36.8710328629325	-4.28234947394537	-19.4921433137646	-13.0965400752224	1
X2904203	-80.8457769379059	2.23086856064131	-76.0459848202424	-7.03066067830468	1
X2904204	-70.6217248399233	-4.22523922536779	-52.4670646939725	-13.9294209205832	1
X2904205	-27.445057691056	-0.53172119771812	-27.0270561471982	0.113719653860297	1
X2904206	-48.305583653039	-1.35242198761011	-37.1457587750922	-9.80740289033679	1
X2904207	-41.8465446235656	-1.17685084735347	-37.4074383598163	-3.26225541639578	1
X2904208	-47.5979857788656	-4.06522367733231	-38.5770317456582	-4.95573035587511	1
X2904209	22.7857996447492	-1.17685084735347	28.2882123630249	-4.3255618709223	1
X2904210	40.4696692961467	1.43438927953817	31.2067068867907	7.82857312981771	1
