<Trait>	Trait_1_H2_1	Trait_2_H2_1	Trait_3_H2_1	Trait_4_H2_1	Rep
X2900851	4.96782929061921	-3.5086719305909	18.7484263525014	-10.2719251312913	1
X2900852	25.3582959797156	-0.16446553269105	23.5365971569791	1.98616435542745	1
X2900853	11.5008805122715	-2.13256493322516	18.6776134637947	-5.04416801829801	1
X2900854	71.6802300621654	0.43968752732628	68.502943811859	2.73759872298031	1
X2900855	9.74796265193139	-3.70128491081045	29.6004564916673	-16.1512089289256	1
X2900856	49.4363939964033	0.842238468007534	54.049866820502	-5.45571129210621	1
X2900857	2.32772106664514	-3.22343689360201	23.9713464931272	-18.4201885328801	1
X2900858	-10.8876454654605	-3.32015332510495	0.25405051939196	-7.82154265974752	1
X2900859	31.9454801727257	-2.16953379393573	40.8636110977558	-6.74859713109446	1
X2900860	-9.18544462960962	-0.301011166406201	-10.1106956629669	1.22626219976348	1
X2900861	23.7794317404735	-3.67129560561822	28.2500561290587	-0.799328782966974	1
X2900862	-3.98352159474221	-1.90581917593196	2.00569255294152	-4.08339497175164	1
X2900863	45.3491873921056	-0.033296344026333	50.5061075913701	-5.12362385523823	1
X2900864	-0.586907485283106	-1.63979976073727	9.57804782681719	-8.52515555136325	1
X2900865	13.900102253051	-1.2705819126399	20.0536447223049	-4.88296055661395	1
X2900866	27.2172340141615	-0.0606775257760663	27.546116384075	-0.268204844137374	1
X2900867	21.4585646851262	-2.65407938404195	36.4512686704323	-12.3386246012641	1
X2900868	-3.96516188666777	-3.01252876764548	5.10041628700508	-6.0530494060273	1
X2900869	-42.0329352974051	0.257694139814785	-35.1534956984217	-7.13713373879819	1
X2900870	46.3936342287654	2.73905884150507	36.2986028050096	7.35597258225082	1
X2900871	28.4379651903659	0.187236048611471	32.3885614911424	-4.13783234938783	1
X2900872	-9.45487618990924	-2.54638473517555	-2.55208875537423	-4.35640269935946	1
X2900873	21.8078568604825	1.79393737043895	21.8863280582925	-1.8724085682489	1
X2900874	39.8110504843456	0.640278567795015	36.3885140285098	2.78225788804086	1
X2900875	13.2485667546955	0.169633700694407	20.641055613406	-7.56212255940503	1
X2900876	40.3816975125616	-1.48414906401369	40.051728486507	1.81411809006829	1
X2900877	-25.5798749154216	2.05339594647741	-29.5016834146098	1.86841255271051	1
X2900878	26.2727147106037	0.94312109563057	37.7210184422344	-12.3914248272613	1
X2900879	-0.619885388739249	1.20640497472939	-5.18585329960738	3.3595629361389	1
X2900880	24.8646612928094	0.640278567795015	31.2334714821531	-7.00908875713886	1
X2900881	49.1645873289474	-3.5086719305909	50.701866796089	1.97139246344911	1
X2900882	-6.77449816427109	-0.902483894725514	4.25991449890139	-10.1319287684471	1
X2900883	-3.70884770027933	0.94312109563057	6.43532781934123	-11.0872966152512	1
X2900884	26.1052210643399	0.422793001257601	28.3754137474486	-2.69298568436623	1
X2900885	3.94694349162141	0.94312109563057	-2.53450777318356	5.53833016917435	1
X2900886	17.9578634120787	0.0923048208221864	14.4332291212061	3.43232947005035	1
X2900887	-6.0550322518132	-0.437703492085534	-8.86074878542873	3.2434200257011	1
X2900888	22.0342856350885	2.05339594647741	8.47615394335694	11.5047357452542	1
X2900889	30.1431578774834	0.0923048208221864	38.8701044661079	-8.81925140944679	1
X2900890	31.8677945636685	-3.17210031778594	45.9075942409414	-10.8676993594871	1
X2900891	20.6478978152655	0.640278567795015	9.76186323770603	10.2457560097643	1
X2900892	21.9804786886375	0.640278567795015	16.1910589948859	5.14914112595664	1
X2900893	5.67204456794286	0.0923048208221864	-4.81619543451983	10.3959351816404	1
X2900894	-8.1523281753127	0.94312109563057	-7.09028786910474	-2.00516140183853	1
X2900895	32.4523832645364	1.36773305144974	27.6586909843398	3.42595922874669	1
X2900896	-34.2973888786772	0.169633700694407	-33.1747657853032	-1.29225679406838	1
X2900897	-3.42019035968089	1.36856219295682	-9.02392136534207	4.23516881270437	1
X2900898	-19.1559774148687	0.187236048611471	-15.7355152797685	-3.60769818371164	1
X2900899	2.76061502696261	0.0923048208221864	8.46026138666232	-5.79195118052204	1
X2900900	25.4270150487467	0.0923048208221864	29.4131776164403	-4.07846738851591	1
X2900901	17.2436122489667	-0.033296344026333	9.53276596044973	7.74414263254312	1
X2900902	13.0304489129308	-0.167153755216267	20.2784361272017	-7.08083345905473	1
X2900903	30.3809920200209	0.94312109563057	26.0480863445451	3.38978457984508	1
X2900904	36.6763107538718	-1.00664526848129	46.7350273452271	-9.05207132287399	1
X2900905	4.5126384671138	0.0923048208221864	8.82487373997795	-4.40454009368646	1
X2900906	23.2031895650344	-0.378242754220614	25.5478589741652	-1.96642665491023	1
X2900907	46.6563628409437	-1.00664526848129	52.3398079802549	-4.67679987082991	1
X2900908	13.1817604041809	-1.18312340980537	16.5586365828046	-2.19375276881855	1
X2900909	40.7969527282193	-1.00664526848129	39.7701785252231	2.03341947147737	1
X2900910	-13.2953318609821	-0.16077244298022	-5.84537826226963	-7.28918115573221	1
X2900911	-10.5245855558847	0.94312109563057	-13.1369363657456	1.66922971423026	1
X2900912	-11.5859894918215	-1.19617303576751	-10.5596316413439	0.169815185290025	1
X2900913	56.5269215370125	-1.18312340980537	58.3113261576142	-0.60128121079653	1
X2900914	56.8463254826372	-2.35735039392725	71.1325924074043	-11.9289165308402	1
X2900915	13.6139585716145	-1.19617303576751	17.3193232033662	-2.50919159598439	1
X2900916	21.9043388605055	0.908412945892494	23.7337388748567	-2.73781296024363	1
X2900917	-6.2974757503885	0.0923048208221864	0.0856743101994368	-6.47545488141013	1
X2900918	-27.281337229921	-1.27371592868157	-17.9268400786001	-8.08078122263938	1
X2900919	-9.6292890078214	-3.22343689360201	4.94464316083633	-11.3504952750554	1
X2900920	-1.00413401180363	0.908412945892494	-0.157617814216394	-1.75492914347988	1
X2900921	0.0766530739289948	1.71660849056673	-0.396593664789613	-1.24336175184823	1
X2900922	13.9159682409441	-1.02132345466126	17.8954389392901	-2.95814724368485	1
X2900923	15.378056972484	-1.18312340980537	15.3887796019352	1.17240078035392	1
X2900924	1.80709283095963	-1.19617303576751	-1.71135194919646	4.71461781592354	1
X2900925	23.4561986977213	0.257694139814785	24.083182829346	-0.884678271439487	1
X2900926	18.7833868089595	-2.49177315625377	21.46298252897	-0.187822563756884	1
X2900927	-36.3923128438893	0.0923048208221864	-44.7081392967689	8.22352163205748	1
X2900928	14.3254412625562	-1.35960155112945	14.6392777438784	1.04576506980728	1
X2900929	24.6844065059915	-2.41986444039744	28.4697715283429	-1.36550058195407	1
X2900930	27.1502789175441	-0.033296344026333	26.4981708462376	0.685404415332671	1
X2900931	10.8253210998059	-0.846473873555008	12.6287889949629	-0.956994021602193	1
X2900932	0.719970790567288	-1.00664526848129	-6.983226237131	8.70984229617957	1
X2900933	19.6874750187903	0.0923048208221864	24.4174968237061	-4.82232662573802	1
X2900934	-0.840124973677135	-1.08312812216763	-5.11436604596469	5.35736919445517	1
X2900935	6.95325952881321	-1.19617303576751	4.42431205480738	3.72512050977327	1
X2900936	30.0133261304761	-0.033296344026333	36.2450599106994	-6.19843743619713	1
X2900937	-38.2262773700695	1.71660849056673	-46.5525042204157	6.60961835977937	1
X2900938	6.56923518937117	2.52480403524097	5.83888013964532	-1.79444898551489	1
X2900939	38.2666802091135	0.940052580428625	43.8750978376593	-6.54847020897454	1
X2900940	32.6884768224477	-0.033296344026333	43.7065633254321	-10.9847901589583	1
X2900941	12.3859286775255	-2.54638473517555	28.5046781690244	-13.5723647563234	1
X2900942	-15.7165994960602	0.0923048208221864	-7.4612695304345	-8.34763478644787	1
X2900943	8.59466048236216	-0.033296344026333	19.5051580292801	-10.8772012028918	1
X2900944	6.33712234999003	-0.167153755216267	14.3365386797472	-7.83226257454103	1
X2900945	7.09098158158064	-0.965060369085769	13.9564724877355	-5.9004305370692	1
X2900946	14.4950392434373	1.79393737043895	16.5774578646591	-3.87635599166079	1
X2900947	3.33026743260959	1.71660849056673	5.43852606968645	-3.82486712764351	1
X2900948	25.1821634722786	0.0923048208221864	30.8600236988657	-5.77016504740931	1
X2900949	-41.1746179093319	1.71660849056673	-36.6336791186702	-6.25754728122844	1
X2900950	5.78671171509609	-0.437703492085534	16.8697656745472	-10.6453504673656	1
X2900951	9.33081902279876	-2.16953379393573	24.5684225280669	-13.0680697113325	1
X2900952	-8.52909694750002	-1.63979976073727	1.38742249646948	-8.27671968323216	1
X2900953	2.45308216148628	0.640278567795015	-6.39750289935603	8.21030649304723	1
X2900954	-15.1240182547714	0.67616072260979	-20.0806703579852	4.28049138060401	1
X2900955	-19.0725364893168	-0.16446553269105	-19.9064409008396	0.998369944213999	1
X2900956	26.8204447925011	0.0923048208221864	22.7374317358328	3.99070823584622	1
X2900957	-1.39296841107894	-2.39119392963623	-1.29985423045693	2.29807974901409	1
X2900958	-6.17417178275923	0.640278567795015	-13.834495491408	7.02004514085391	1
X2900959	6.43822480382529	1.79393737043895	7.25145033839038	-2.6071629050039	1
X2900960	3.34683274622806	0.405425252086059	1.32633321458923	1.61507427955273	1
X2900961	36.376476090111	-0.385628933642274	33.0205476931588	3.74155733059445	1
X2900962	4.37387669804781	0.145916470490189	-1.17698142167503	5.40494164923266	1
X2900963	7.15097132180469	1.79393737043895	6.54178987307244	-1.18475592170705	1
X2900964	-42.6733031108662	0.257694139814785	-45.4757834588408	2.54478620815986	1
X2900965	16.2469131826235	2.05339594647741	1.05784782800153	13.1356694081443	1
X2900966	41.2929628583213	-0.385628933642274	36.580207521815	5.09838427014862	1
X2900967	29.5851805173851	1.20640497472939	23.2120540875915	5.16672145506425	1
X2900968	7.70905347086796	-0.498564766076508	8.49357379145084	-0.285955554506323	1
X2900969	-16.6520760228697	0.257694139814785	-16.2851833001214	-0.624586862563027	1
X2900970	23.4464049810938	0.169633700694407	21.2218377797487	2.05493350065073	1
X2900971	43.2811349283291	-2.26551534334765	48.1830312147032	-2.63638094302641	1
X2900972	2.88139496417087	2.52480403524097	-9.86096228746901	10.2175532163989	1
X2900973	-11.4982836372066	0.67616072260979	-11.7260953976958	-0.448348962120547	1
X2900974	48.0903837869221	2.73905884150507	48.9455504364434	-3.59422549102623	1
X2900975	13.1993074385451	1.71660849056673	14.6477247744058	-3.16502582642746	1
X2900976	23.6181979116213	0.953091771715104	26.839007442893	-4.17390130298686	1
X2900977	33.5925061239399	1.79393737043895	41.3293509139032	-9.53078216040226	1
X2900978	20.8213594301739	4.10955549005332	9.29633582830494	7.41546811181575	1
X2900979	-12.0929623388929	-4.81846408928049	0.0313647289786871	-7.30586297859098	1
X2900980	7.35233905892655	-0.167153755216267	13.1284526788779	-5.60895986473507	1
X2900981	11.753050742197	-0.16077244298022	14.4024552289036	-2.48863204372641	1
X2900982	10.3437987550667	-2.16953379393573	18.2523428280599	-5.73901027905749	1
X2900983	19.0776760543207	2.05339594647741	24.0861440602475	-7.06186395240425	1
X2900984	-7.99062508358361	0.198157019030439	-9.6922045107222	1.50342240810813	1
X2900985	-21.9238057337611	-6.29354055693367	-6.6988552637232	-8.93140991310416	1
X2900986	9.20372430566297	-1.93767149682496	13.4772843800961	-2.33588857760819	1
X2900987	28.9867281617069	-2.10784624935839	38.6125836223686	-7.5180092113033	1
X2900988	10.3536777896047	-1.2705819126399	20.7863320332528	-9.16207233100828	1
X2900989	3.13903285789024	-2.83137579774858	12.7621479146828	-6.79173925904398	1
X2900990	-6.28220044116942	1.06307070563693	-8.58992527233023	1.24465412552394	1
X2900991	29.2273076476307	1.36856219295682	32.446610273912	-4.58786481923783	1
X2900992	27.4686669813581	0.640278567795015	26.3169245791964	0.511463834366915	1
X2900993	39.0136627982211	0.257694139814785	47.7149333279019	-8.95896466949571	1
X2900994	-0.750596642683917	0.257694139814785	5.03337212010505	-6.04166290260397	1
X2900995	-1.68071500152388	2.05339594647741	-11.4242409822577	7.69013003425649	1
X2900996	14.7103789757325	-1.93767149682496	23.1760022594502	-6.5279517868929	1
X2900997	19.8203481890912	1.36856219295682	21.019972603158	-2.56818660702373	1
X2900998	-1.22855239862052	0.257694139814785	-5.15213349198529	3.66588695355001	1
X2900999	33.1761523060771	1.01933694385283	32.2842020913869	-0.127386729162437	1
X2901000	-15.8383362133634	0.169633700694407	-10.8985927288199	-5.10937718523788	1
X2901001	4.69688096072981	0.169633700694407	3.9197966406583	0.60745061937706	1
X2901002	-1.89509078323908	-1.2705819126399	-0.898440448863809	0.273931578264521	1
X2901003	28.1875717837097	0.953091771715104	24.2785289942523	2.9559510177422	1
X2901004	15.1597809110144	2.05339594647741	16.9943930272626	-3.88800806272549	1
X2901005	-14.2981549919463	0.640278567795015	-24.3252791679485	9.38684560820722	1
X2901006	19.1245943500713	0.94312109563057	22.5786937097682	-4.39722045532741	1
X2901007	28.1853084268558	0.953091771715104	23.1905413339442	4.04167532119646	1
X2901008	10.6767885500896	0.169633700694407	15.8474715962591	-5.34031674686388	1
X2901009	27.6108577287972	-2.65407938404195	30.4986469093094	-0.23370979647009	1
X2901010	25.9488069173343	1.36856219295682	26.5681117677369	-1.98786704335911	1
X2901011	60.8784812690273	2.52480403524097	58.6448958705274	-0.291218636741243	1
X2901012	-0.100822448758294	-1.00664526848129	-3.5616026652181	4.46742548494072	1
X2901013	16.6922403390334	0.169633700694407	17.0309075062242	-0.508300867885239	1
X2901014	-9.66693822397637	-1.18312340980537	-1.04944623950202	-7.43436857466888	1
X2901015	8.13792504147048	0.169633700694407	7.06343942541636	0.90485191535977	1
X2901016	38.4629162220169	0.94312109563057	40.965503004142	-3.44570787775583	1
X2901017	-17.8553102823473	-0.088005057366795	-13.310940707291	-4.45636451768957	1
X2901018	9.09101182781889	-1.02132345466126	17.7343108906947	-7.62197560821459	1
X2901019	36.0059921818719	-0.033296344026333	33.3808077624909	2.65848076340723	1
X2901020	36.1047366490518	-0.088005057366795	39.2399478437505	-3.04720613733189	1
X2901021	32.2041339709426	-1.93767149682496	41.0327585079895	-6.8909530402219	1
X2901022	30.5953995135851	0.94312109563057	29.2307765887046	0.421501829249817	1
X2901023	-10.1340119913092	-1.00664526848129	-13.9460435562086	4.81867683338073	1
X2901024	27.2205664945275	1.36856219295682	22.6993315887792	3.1526727127916	1
X2901025	-16.0830525723116	0.257694139814785	-12.5954425231882	-3.74530418893819	1
X2901026	2.90471282734511	0.94312109563057	4.13103705987729	-2.1694453281629	1
X2901027	12.1900186618456	-0.167153755216267	13.3578976095718	-1.00072519250996	1
X2901028	-2.40335184846427	0.257694139814785	1.49030228849492	-4.15134827677404	1
X2901029	-29.1294469581625	1.79393737043895	-32.3088002584771	1.38541592987565	1
X2901030	15.2334529926092	-2.10784624935839	17.5161186171069	-0.174819375139358	1
X2901031	12.6268018857129	0.94312109563057	13.6885933624296	-2.00491257234741	1
X2901032	-1.10169580606788	-0.115454821833299	-1.18232547710439	0.196084492869808	1
X2901033	8.70014538970503	0.848815899372835	10.8241065772159	-2.97277708688372	1
X2901034	23.058714969941	1.79393737043895	24.0027950696185	-2.73801747011652	1
X2901035	33.5152508892673	2.05339594647741	28.0254007833852	3.43645415940453	1
X2901036	32.0181440522555	-2.51638560470006	34.9378132092393	-0.403283552283685	1
X2901037	-36.2869594543297	2.73905884150507	-37.5926121308137	-1.43340616502114	1
X2901038	8.99245710622687	2.05339594647741	-2.77087699302657	9.70993815277598	1
X2901039	-25.4671697552696	-0.033296344026333	-35.2614069448706	9.82753353362733	1
X2901040	-37.3355147019862	1.06307070563693	-41.3877433028941	2.98915789527103	1
X2901041	5.45355768509161	0.187236048611471	-2.26602097167051	7.53234260815083	1
X2901042	-6.10555532615258	-0.167153755216267	-5.56267337293622	-0.375728197999955	1
X2901043	-17.3325081208482	-0.437703492085534	-16.8338029783491	-0.0610016504135607	1
X2901044	-13.7075971907203	1.71660849056673	-18.4429917564394	3.01878607515244	1
X2901045	34.4807261771951	0.94312109563057	26.5242804586564	7.01332462290815	1
X2901046	-5.88881763802291	-0.385628933642274	-2.07728951648581	-3.42589918789476	1
X2901047	35.4493232181016	1.71660849056673	20.995347852182	12.7373668753528	1
X2901048	-18.4486476223647	-0.378242754220614	-18.7293670964362	0.658962228292109	1
X2901049	-12.4085307233881	-0.16077244298022	-19.1715570067923	6.92379872638441	1
X2901050	48.874783687147	0.679853812320621	35.8953049764146	12.2996248984118	1
X2901051	7.65419146028603	-2.16953379393573	6.02243986903869	3.80128538518296	1
X2901052	43.9957591889879	-0.326248892046291	42.2548648035184	2.06714327751607	1
X2901053	-8.3825728665334	3.4665133251598	-22.3304773358671	10.4813911441738	1
X2901054	-14.2258423980489	-0.167153755216267	-19.930716283896	5.87202764106343	1
X2901055	7.93547134789309	0.187236048611471	0.226205489539119	7.52202980974249	1
X2901056	-4.02363375600722	2.05339594647741	-10.220949201947	4.14391949946245	1
X2901057	-5.61758899472532	0.640278567795015	-16.2375181932539	9.97965063073349	1
X2901058	13.5841817166013	0.257694139814785	14.2006785573735	-0.874190980587018	1
X2901059	29.2789293312647	1.36856219295682	25.2423874718174	2.66797966649047	1
X2901060	5.7441114330889	0.94312109563057	-6.13214598908326	10.9331363265415	1
X2901061	8.04013571666441	0.169633700694407	1.58050621599173	6.28999579997826	1
X2901062	32.7184602285206	0.257694139814785	28.3546850375573	4.10608105114851	1
X2901063	4.7629999025972	-1.57002254276573	5.78108830361189	0.551934141750944	1
X2901064	35.0601047053809	1.36856219295682	35.1276167204239	-1.43607420799959	1
X2901065	14.1575842696263	1.21671276025938	9.79508823557916	3.14578327378767	1
X2901066	-30.5881539884168	0.257694139814785	-29.9715227579728	-0.874325370258768	1
X2901067	-5.13017755812963	0.640278567795015	-15.0232111049721	9.2527549790475	1
X2901068	43.2340777151381	1.36856219295682	42.7492898901689	-0.883774367987541	1
X2901069	-1.99593036751466	2.05339594647741	-16.1271806437069	12.0778543297148	1
X2901070	29.5954688356358	0.169633700694407	25.8021992969846	3.62363583795678	1
X2901071	25.4511599754426	0.169633700694407	19.7669998841471	5.51452639060109	1
X2901072	21.9472597821753	0.187236048611471	24.5740049605269	-2.81398122696309	1
X2901073	23.2513796019811	1.36856219295682	13.4849425178858	8.3978748911386	1
X2901074	30.991188101786	-1.93767149682496	34.4254482594991	-1.49658866088815	1
X2901075	-2.34150306921715	-1.22258858022698	-4.20280134944514	3.08388686045502	1
X2901076	5.66384668070799	0.640278567795015	6.3734597080425	-1.34989159512948	1
X2901077	32.0464065010588	2.73905884150507	28.0048704249387	1.30247723461512	1
X2901078	-13.0842585613012	-1.27371592868157	-11.0005118205874	-0.810030812032244	1
X2901079	10.354548105363	-2.39119392963623	18.4195566744631	-5.67381463946428	1
X2901080	0.842111637171797	-1.27371592868157	3.67143769758317	-1.55561013172978	1
X2901081	-16.7173086154448	-3.31605895037134	-13.7021414006946	0.30089173562127	1
X2901082	3.06696109405431	1.71660849056673	2.73385151166446	-1.38349890817686	1
X2901083	4.33094520614036	-0.385628933642274	10.0295140762617	-5.31293993647907	1
X2901084	0.211086063126061	-0.385628933642274	5.30190599130975	-4.70519099454151	1
X2901085	42.8020611476962	0.908412945892494	44.7199721484686	-2.82632394666513	1
X2901086	-26.1841637234131	-4.485277447971	-22.2599816822675	0.561095406825377	1
X2901087	-1.97790449484343	-3.49572446536158	6.37387081737028	-4.85605084685218	1
X2901088	-17.6883968855151	0.679853812320621	-24.1096071804729	5.74135648263716	1
X2901089	9.93333293830285	-1.93767149682496	15.5177605021803	-3.64675606705253	1
X2901090	46.3610120354595	1.36856219295682	45.4268512463994	-0.434401403896707	1
X2901091	8.47780843229332	-1.27371592868157	13.0294320669209	-3.27790770594605	1
X2901092	20.7581207652716	0.94312109563057	20.8551395588021	-1.04013988916123	1
X2901093	8.86171934894324	-1.2705819126399	6.25680774910234	3.87549351248082	1
X2901094	9.66882653045624	-0.769405401088743	15.2292768942235	-4.79104496267834	1
X2901095	15.0366237008795	-0.301011166406201	17.9826430082519	-2.64500814096623	1
X2901096	25.8697938577682	-1.94765941880604	30.3751059750027	-2.55765269842868	1
X2901097	8.85039895084796	0.848815899372835	17.1016320957532	-9.10004904427803	1
X2901098	24.7163725421137	0.0923048208221864	17.4004713130643	7.22359640822718	1
X2901099	-4.91609772096774	0.169633700694407	1.27057331613859	-6.35630473780082	1
X2901100	10.5425091279792	-0.033296344026333	18.6075411888644	-8.03173571685904	1
X2901101	16.2353538341785	-0.16077244298022	21.4839830020736	-5.08785672491495	1
X2901102	5.36768404337495	0.169633700694407	-1.57951320670841	6.77756354938897	1
X2901103	12.8906005231675	-0.301011166406201	20.6225601948886	-7.43094850531499	1
X2901104	-27.8566656379866	0.199022140801796	-27.6332862678864	-0.422401510901982	1
X2901105	39.191598345682	-0.033296344026333	43.1230688990463	-3.89817420933807	1
X2901106	24.7827646207036	1.71660849056673	20.919210244849	2.14694588528779	1
X2901107	1.25328959404361	-0.437703492085534	1.38422031821798	0.306772767911217	1
X2901108	-33.7128868536155	1.71660849056673	-31.5693528295687	-3.86014251461358	1
X2901109	-17.3659288022361	0.0923048208221864	-17.9147233266416	0.456489703583421	1
X2901110	27.3837278639579	-0.033296344026333	36.1042218449256	-8.68719763694161	1
X2901111	10.4952672199746	1.06307070563693	13.4183117455612	-3.98611523122346	1
X2901112	55.7630328142556	-0.033296344026333	71.2410506726245	-15.4447215143425	1
X2901113	-1.5013543976888	-0.16077244298022	-4.53502840764529	3.19444645293696	1
X2901114	-12.9019532872412	-0.723803304248121	-14.8064887348828	2.6283387518898	1
X2901115	-29.9606747681901	-0.16077244298022	-33.8655533173644	4.06565099215453	1
X2901116	27.4519555924775	0.94312109563057	27.9783569184339	-1.46952242158698	1
X2901117	49.8842433991468	0.94312109563057	50.3800509630749	-1.4389286595588	1
X2901118	7.15089205857015	-0.115454821833299	-1.09715259822168	8.36349947862494	1
X2901119	26.8509570431124	0.405425252086059	27.4760205164408	-1.03048872541458	1
X2901120	50.6826144363305	-2.49177315625377	58.4419787992752	-5.2675912066911	1
X2901121	13.9855923832559	-0.282401935391136	24.2767999030112	-10.0088055843646	1
X2901122	-0.37641316089082	-1.57002254276573	3.87296583148643	-2.67935644961146	1
X2901123	19.8394250325471	-1.77029667065387	25.5559519031605	-3.94623019995962	1
X2901124	-5.69672555363659	-1.38698216963898	-5.36146183211455	1.05171844811703	1
X2901125	-2.51008957126361	1.06307070563693	-4.18869546152643	0.615535184625933	1
X2901126	-9.04812458593699	-1.93767149682496	-13.1497398595698	6.03928677045777	1
X2901127	4.56495868588509	-1.57002254276573	5.97493279248288	0.160048436167894	1
X2901128	-16.0646860798307	-1.62470520557159	-10.9663884352404	-3.47359243901858	1
X2901129	-6.23927987102456	1.06307070563693	-18.5663875409348	11.2640369642733	1
X2901130	-52.6097398538533	-4.81846408928049	-38.2651246185584	-9.52615114601439	1
X2901131	-3.20071608489667	0.0923048208221864	-5.8382799128461	2.54525900712726	1
X2901132	-19.7011462862881	-0.498564766076508	-12.6877909359414	-6.51479058427026	1
X2901133	19.4829493657022	-0.967711804993255	20.4353601442993	0.0153010263962241	1
X2901134	-30.1736046983582	0.94312109563057	-34.6319958691989	3.51527007521004	1
X2901135	30.6298579241938	-1.35960155112945	29.6901829115202	2.2992765638029	1
X2901136	20.200866317009	-1.35960155112945	16.9534243606322	4.60704350750606	1
X2901137	-8.34862667231736	0.257694139814785	-15.6641206508722	7.05779983874006	1
X2901138	-2.42512044352782	0.0566978682601735	-2.29105069622911	-0.190767615558838	1
X2901139	-7.60892647901665	0.0923048208221864	-6.15704229323078	-1.54418900660793	1
X2901140	-17.8801882670925	0.257694139814785	-19.0742027726268	0.936320365719573	1
X2901141	-1.91769526136218	-0.902483894725514	-1.09440003455888	0.0791886679223095	1
X2901142	-11.6306426282931	-0.427732816001	-12.2319855696894	1.02907575739727	1
X2901143	-18.5340928571291	-0.437703492085534	-21.8142000257631	3.71781066071959	1
X2901144	12.7148486665185	-0.723189164414895	13.7300449882646	-0.292007157331194	1
X2901145	13.0820935109316	-0.301011166406201	7.67346835791951	5.70963631941834	1
X2901146	-15.0554382428138	-0.902483894725514	-21.2122081356774	7.05925378758916	1
X2901147	-0.234721413444603	-0.16446553269105	4.1004684212007	-4.17072430195424	1
X2901148	-7.54666938638111	0.0923048208221864	-5.44102708256859	-2.19794712463464	1
X2901149	-11.7553487286056	0.257694139814785	-17.7653440466634	5.75230117824292	1
X2901150	-16.3552724341576	-0.16446553269105	-16.5061009954173	0.315294093950778	1
X2901151	-23.858460376942	0.169633700694407	-30.3877387779909	6.35964470035455	1
X2901152	-6.0798621585155	1.36773305144974	-23.3411865013107	15.8935912913454	1
X2901153	-11.6675725597198	1.36773305144974	-19.8809859190404	6.84568030787068	1
X2901154	-21.8933877220646	1.36773305144974	-40.8921499967969	17.6310292232826	1
X2901155	-36.5098000888476	-1.27371592868157	-41.9334837952355	6.69739963506952	1
X2901156	-21.1964198739755	0.908412945892494	-25.3578446684399	3.25301184857177	1
X2901157	-14.2055730614393	2.82347116026628	-29.9079968970215	12.8789526753161	1
X2901158	-27.8627357692071	0.94312109563057	-31.8719700094186	3.06611314458092	1
X2901159	-14.6192208383807	-1.27371592868157	-20.3658421135965	7.02033720389731	1
X2901160	-9.00078539871632	1.36773305144974	-18.8135476203078	8.44502917014163	1
X2901161	-0.968828636357458	1.45580608643172	1.03715285759217	-3.46178758038136	1
X2901162	-6.27439508865396	0.198157019030439	-9.24065308455348	2.76810097686902	1
X2901163	23.7349800204828	3.4665133251598	13.8543093564717	6.41415733885164	1
X2901164	2.9862500644618	3.4665133251598	-5.91382652928717	5.43356326858928	1
X2901165	23.4300056313211	2.82347116026628	1.54277066229601	19.063763808759	1
X2901166	-4.0324518660753	2.05339594647741	-21.1050192391614	15.0191714266086	1
X2901167	20.8952163203658	0.0923048208221864	21.6526438654159	-0.84973236587237	1
X2901168	-0.688631454316862	-0.723803304248121	-2.16342882196085	2.19860067189212	1
X2901169	24.150136565441	-0.088005057366795	17.2831437394516	6.95499788335626	1
X2901170	-16.3290485167495	0.169633700694407	-18.3313515061201	1.83266928867638	1
X2901171	-33.6361725699942	1.79393737043895	-32.9123088514974	-2.51780108893572	1
X2901172	3.30725748154789	0.94312109563057	8.96581808418376	-6.60168169826648	1
X2901173	3.95807534754454	1.79393737043895	4.49734755771278	-2.33320958060741	1
X2901174	-29.2142559930752	0.257694139814785	-28.9373536828145	-0.534596450075379	1
X2901175	-4.54346386308147	-0.365201159668531	-5.75564296580578	1.57738026239284	1
X2901176	5.36584784722484	0.257694139814785	11.1180388732108	-6.00988516580074	1
X2901177	-44.1009380096258	0.640278567795015	-51.5971406250561	6.85592404763522	1
X2901178	-4.82854327021428	1.36773305144974	-26.5351735245255	20.3388972028614	1
X2901179	-29.2717196609335	-0.437703492085534	-29.1348121021144	0.300795933266448	1
X2901180	22.0835018248729	0.0923048208221864	10.728066386705	11.2631306173456	1
X2901181	-13.9175693138883	0.191094149591999	-23.8539022366149	9.74523877313443	1
X2901182	6.60022849742532	-2.35735039392725	7.4328386855119	1.52474020584037	1
X2901183	-26.1700590903114	-1.2705819126399	-24.1731170989868	-0.726360078684623	1
X2901184	28.9505481708489	0.94312109563057	27.2016948727516	0.805732202466598	1
X2901185	-4.76829837185348	0.908412945892494	-4.36353525089363	-1.3131760668523	1
X2901186	7.52083800968288	-0.451912523327312	-3.25547818673812	11.2282287197483	1
X2901187	-39.8671706490899	-1.85718086824037	-40.0996972961079	2.08970751525846	1
X2901188	-17.8388231961006	-1.93767149682496	-12.3509970154581	-3.55015468381749	1
X2901189	14.6461725105253	-1.32766571750812	23.0885730393714	-7.11473481133807	1
X2901190	3.35635690498484	1.71660849056673	-8.60548503463713	10.2452334490552	1
X2901191	-11.8548387235229	-1.56522007450385	-4.47588396598704	-5.81373468303207	1
X2901192	-14.6636781699056	-1.48414906401369	-17.0295153834376	3.84998627754565	1
X2901193	-3.49434352638716	0.94312109563057	-3.57937805853765	-0.858086563480046	1
X2901194	-17.1588030519271	1.36773305144974	-26.7586315077701	8.2320954043933	1
X2901195	14.4788103304828	0.793174165692657	2.72258829670836	10.9630478680818	1
X2901196	0.35382458029396	-1.22258858022698	4.8504010562577	-3.27398789573689	1
X2901197	24.1048805912646	0.257694139814785	18.9338927809529	4.9132936704969	1
X2901198	16.4527124532986	0.191094149591999	4.10572058584358	12.155897717863	1
X2901199	4.96379553623044	2.55939907520808	-9.09293296785399	11.4973294288763	1
X2901200	16.7807326079342	-2.54638473517555	34.7176591983324	-15.3905418552226	1
X2901201	5.09336265474903	0.94312109563057	4.69135257818346	-0.541111019064911	1
X2901202	13.6399489297837	0.169633700694407	20.7370871515218	-7.2667719224324	1
X2901203	-2.56893119267846	0.94312109563057	-1.58494196287072	-1.92711032543825	1
X2901204	14.9838336852757	-0.16077244298022	17.2574270971657	-2.11282096891004	1
X2901205	-19.5941464477827	-2.41986444039744	-17.3379285534742	0.163646546089047	1
X2901206	8.17745931285636	0.0194559654627196	14.9785109988728	-6.82050765147928	1
X2901207	13.2763602787704	-0.16077244298022	14.0493835215466	-0.61225079979608	1
X2901208	-5.78226429605118	0.94312109563057	-9.62788120558212	2.90249581390047	1
X2901209	14.5114119355768	-0.301011166406201	19.1568440673011	-4.34442096531813	1
X2901210	21.2350341521677	-1.35960155112945	23.0761824888068	-0.48154678550984	1
X2901211	-19.7916256269071	2.52480403524097	-22.5085807974811	0.192151135332997	1
X2901212	28.5252436656734	-0.033296344026333	34.5485820846352	-5.99004207493575	1
X2901213	24.1079721427462	1.79393737043895	25.1184101325305	-2.80437536022318	1
X2901214	5.68925172572862	-1.08312812216763	5.6502503719778	1.12212947591846	1
X2901215	15.5195052595007	-0.846473873555008	25.2493892458232	-8.88341011276749	1
X2901216	14.592076217609	0.699778568700817	16.8978275736833	-3.00552992477518	1
X2901217	-13.2040996078889	0.257694139814785	-12.0871046361597	-1.3746891115439	1
X2901218	8.61985181566145	0.43968752732628	6.06618899451936	2.11397529381579	1
X2901219	49.5057526365747	0.757579218317045	53.6205635742643	-4.8723901560067	1
X2901220	8.70499982086301	0.169633700694407	15.4562035981483	-6.92083747797971	1
X2901221	-22.157939666842	2.52480403524097	-17.3375320224728	-7.34521167961013	1
X2901222	5.2182850485155	1.79393737043895	-1.70061149660224	5.12495917467886	1
X2901223	15.5074371755421	-1.02132345466126	26.9256309459743	-10.3968703157711	1
X2901224	-14.1086609071008	0.0923048208221864	-10.8901268178862	-3.31083891003674	1
X2901225	-8.10825845961963	-1.27371592868157	2.91255318166247	-9.74709571260071	1
X2901226	-18.8812584802054	1.36773305144974	-24.166065299242	3.91707376758697	1
X2901227	20.2944008005368	1.36773305144974	4.3726945331217	14.5539732159654	1
X2901228	-7.90968125025588	0.67616072260979	-13.3404352160786	4.75459324321299	1
X2901229	25.6994524755499	0.908412945892494	31.334645410732	-6.54360588107477	1
X2901230	-8.21334239562737	0.0270769105544455	-22.1689417528092	13.9285224466274	1
X2901231	11.9704128596242	0.275634782945628	6.90828359499447	4.78649448168405	1
X2901232	6.34454027289098	0.0270769105544455	10.6177768734395	-4.30031351110295	1
X2901233	-7.63864510669844	0.962322732841872	-6.67768796545674	-1.92327987408353	1
X2901234	-17.1333915817977	1.71660849056673	-19.9228485485909	1.07284847622653	1
X2901235	-6.02925594875158	-0.088005057366795	-13.3030316428445	7.3617807514598	1
X2901236	-1.83341847578608	-0.902483894725514	2.33373687113112	-3.26467145219166	1
X2901237	17.7929748174093	0.0923048208221864	10.2090450221428	7.49162497444419	1
X2901238	0.983709684856819	1.36773305144974	-15.8322843219094	15.4482609553164	1
X2901239	30.0377404647343	-0.088005057366795	17.4352645936488	12.6904809284523	1
X2901240	-15.5947122865764	-2.26551534334765	-12.4926155156762	-0.836581427552532	1
X2901241	-19.8464828197968	0.0270769105544455	-12.7013039689513	-7.17225576139992	1
X2901242	-1.81021993589434	0.0923048208221864	5.08505955851447	-6.98758431523117	1
X2901243	-8.9433524892852	-3.87370049278069	10.1513283858271	-15.2209803823314	1
X2901244	-10.5506133874802	-2.39119392963623	3.40766571327762	-11.5670851711216	1
X2901245	-24.3882352185025	-0.854259124783603	-13.2153378172407	-10.3186382764781	1
X2901246	12.7336580412466	-2.05851512577921	16.0010997416839	-1.20892657465812	1
X2901247	2.60992632208951	-1.77029667065387	9.75327931036453	-5.37305631762125	1
X2901248	-1.35688888116894	0.0270769105544455	5.45762452170272	-6.84159031342597	1
X2901249	6.6658996795596	-1.27371592868157	19.0141220270906	-11.0745064188494	1
X2901250	13.5650963782384	-3.30667643202898	25.6745177934656	-8.80274498319818	1
X2901251	-54.7185816820983	-0.356900865925492	-48.8150748207858	-5.54660599538694	1
X2901252	39.0522570577783	-2.39119392963623	54.2015724384516	-12.7581214510372	1
X2901253	-5.61776147406862	-2.10784624935839	0.954769279427147	-4.46468450413734	1
X2901254	-7.26122249527671	-1.3843167009682	-0.439637817195155	-5.43726797711335	1
X2901255	36.6086803270896	-1.86933257674909	52.5818344594768	-14.1038215556381	1
X2901256	-8.8101498264393	0.257694139814785	1.14510469856425	-10.2129486648182	1
X2901257	12.0769908148284	-2.4059500392616	26.4115645421952	-11.9286236881053	1
X2901258	19.8483810996708	-2.39119392963623	36.6681599891589	-14.4285849598521	1
X2901259	12.0441291937519	-0.167153755216267	11.3278743126514	0.883408636316697	1
X2901260	-28.5584090908154	2.05339594647741	-30.7341205436192	0.122315506326353	1
X2901261	13.8247377218787	0.94312109563057	15.8852538567335	-3.00363723048541	1
X2901262	7.19009246269373	-1.85718086824037	13.7494085030791	-4.70213517214502	1
X2901263	40.7078924827218	0.257694139814785	40.3545779625907	0.0956203803162261	1
X2901264	35.8056247411587	0.962322732841872	36.9953085238294	-2.15200651551272	1
X2901265	-39.5026535679124	-0.958493915896019	-28.7139411857805	-9.83021846623585	1
X2901266	28.057172156001	-0.167153755216267	33.5153126010631	-5.29098668984582	1
X2901267	-6.74018070174798	0.940052580428625	-20.5247528710682	12.8445195888916	1
X2901268	17.4219325418499	0.640278567795015	24.3767686989672	-7.59511472491239	1
X2901269	-28.5273865480957	-2.7868323982108	-19.9118943727042	-5.82865977718064	1
X2901270	-2.88678519576342	0.94312109563057	-3.42158815171356	-0.408318139680425	1
X2901271	-8.79885792043451	1.36856219295682	-5.83528572612516	-4.33213438726594	1
X2901272	12.1208793689984	0.908412945892494	15.7103076227707	-4.49784119966494	1
X2901273	-11.0809657047219	1.79393737043895	-21.6089396926539	8.73403661749304	1
X2901274	-16.9879419633744	-0.437703492085534	-10.1077454533776	-6.44249301791124	1
X2901275	0.114994976319906	-0.385628933642274	5.4549434275261	-4.95431951756401	1
X2901276	5.16133099027684	0.640278567795015	2.78907915582921	1.73197326665236	1
X2901277	14.0292759396613	0.0923048208221864	12.4982846191244	1.43868649971473	1
X2901278	-22.8854039377912	1.71660849056673	-28.5932789260199	3.99126649766187	1
X2901279	7.89484794635484	-1.00664526848129	24.0140216644221	-15.1125284495862	1
X2901280	3.76390811425574	-2.54638473517555	16.4611322317932	-10.1508393823619	1
X2901281	-9.01087990692565	0.94312109563057	-11.0773888691535	1.12338786659737	1
X2901282	25.3661075497161	-1.00664526848129	42.5066679922117	-16.1339151740144	1
X2901283	36.7726978053311	0.0923048208221864	50.0559010228866	-13.3755080383778	1
X2901284	0.829185917361954	0.257694139814785	0.141057949523194	0.430433828024024	1
X2901285	-13.2368477989731	0.842238468007534	-13.2293819052578	-0.849704361722857	1
X2901286	-12.8860387987277	1.71660849056673	-16.6354754654878	2.03282817619338	1
X2901287	-28.2981795142619	-1.19617303576751	-21.9303987932097	-5.1716076852846	1
X2901288	24.9438611438704	0.908412945892494	25.0979208498968	-1.06247265191889	1
X2901289	-14.6507686396657	-0.437703492085534	-9.56256704451927	-4.65049810306085	1
X2901290	-4.60900300984652	0.257694139814785	0.456933711820419	-5.3236308614817	1
X2901291	-17.4778231744984	0.908412945892494	-17.2588276582662	-1.12740846212467	1
X2901292	15.9769353694463	0.257694139814785	21.7409426269819	-6.0217013973504	1
X2901293	47.5843685966545	-1.00664526848129	58.9673766579785	-10.3763627928429	1
X2901294	4.3809268485907	0.257694139814785	11.2695042030698	-7.14627149429386	1
X2901295	-22.942237398208	0.94312109563057	-31.4743010090488	7.58894251521006	1
X2901296	-60.4051392047365	-1.27371592868157	-50.8299880370829	-8.30143523897194	1
X2901297	6.20985298845228	-3.31605895037134	18.4000515633046	-8.87413962448099	1
X2901298	8.63574045528796	-0.902483894725514	9.67193440555975	-0.133710055546229	1
X2901299	1.06910149202436	-3.22343689360201	11.3710517414338	-7.07851335580737	1
X2901300	20.0680079702842	-0.033296344026333	19.6280496895464	0.473254624764118	1
X2901301	31.1289319554996	-2.06519025305047	41.4846297744937	-8.29050756594367	1
X2901302	1.4207224763108	0.257694139814785	0.112320777061541	1.05070755943454	1
X2901303	-17.0520171494425	-2.08312756549162	-7.69913806761694	-7.26975151633385	1
X2901304	-39.4118381948964	-2.65407938404195	-31.8047585932856	-4.95300021756884	1
X2901305	14.1299713723858	-3.31605895037134	18.883936516303	-1.43790619354594	1
X2901306	-4.03338289158791	-2.41986444039744	14.4801540772553	-16.0936725284457	1
X2901307	8.25580146250391	0.953091771715104	9.68669947850989	-2.38398978772107	1
X2901308	-19.5234736384707	1.06307070563693	-18.7364697788708	-1.85007456523674	1
X2901309	-10.9471295668187	1.3326307140868	-14.2333715713701	1.95361129046466	1
X2901310	0.710892347358666	-0.385628933642274	-2.53248702306173	3.62900830406278	1
X2901311	-7.74884223626647	0.257694139814785	-5.42996090890669	-2.57657546717446	1
X2901312	23.3923874655304	-2.54638473517555	34.7498015663615	-8.81102936565551	1
X2901313	-6.813512999314	-0.385628933642274	-10.5501191578095	4.12223509213787	1
X2901314	-17.3009667075421	2.73905884150507	-29.7229786697433	9.68295312069606	1
X2901315	-36.6757961300249	0.640278567795015	-39.2513580803722	1.9352833825524	1
X2901316	-12.3805171647959	0.640278567795015	-20.2181035021407	7.19730776954985	1
X2901317	-25.2586884027645	-2.83137579774858	-20.3714802847411	-2.05583232027468	1
X2901318	-23.5924495133783	4.10955549005332	-35.4944696313464	7.79246462791499	1
X2901319	-6.94368463127752	0.679853812320621	-7.30986042860977	-0.313678014988383	1
X2901320	1.95129139007513	0.94312109563057	-7.01567619956007	8.02384649400461	1
X2901321	-5.05018476709095	4.10955549005332	-13.0056936659457	3.84595340880103	1
X2901322	-3.0742928896381	0.67616072260979	-11.3525256322046	7.60207201995678	1
X2901323	2.51185210718342	2.05339594647741	-5.72376864759759	6.18222480830355	1
X2901324	-4.21268356433979	2.05339594647741	-12.1798274983152	5.91374798749799	1
X2901325	28.2728637088724	2.82347116026628	17.344589296458	8.10480325214792	1
X2901326	4.59686151759098	0.123161875765727	-1.83938283954259	6.3130824813679	1
X2901327	-32.5816596510185	0.0923048208221864	-33.9468948281733	1.27293035633251	1
X2901328	8.32182429512068	0.0923048208221864	-0.791833008829791	9.02135248312827	1
X2901329	17.2329958137331	-0.83859052682713	10.5730244892319	7.49856185132839	1
X2901330	21.2087415768423	1.36773305144974	7.91730995975012	11.9236985656424	1
X2901331	-24.9773479165224	0.640278567795015	-28.4382924056545	2.82066592133704	1
X2901332	-36.8006562459287	-2.13256493322516	-28.7945011357183	-5.87359017698524	1
X2901333	-2.72563134509697	2.73905884150507	-5.20025823283068	-0.264431953771223	1
X2901334	-14.9225963467142	2.22557390084731	-22.6434180890321	5.49524784147065	1
X2901335	8.35878459062975	0.0923048208221864	12.2768520532524	-4.01037228344478	1
X2901336	-15.3345059580097	1.73795037886186	-23.366377054587	6.29392071771549	1
X2901337	-28.1262898196845	2.05339594647741	-28.5691574290251	-1.61052833713677	1
X2901338	-5.34586464072382	0.169633700694407	-2.83250982226082	-2.68298851915738	1
X2901339	25.1063572917694	0.94312109563057	25.1378292455341	-0.974593049395279	1
X2901340	-23.4902887066703	2.73905884150507	-29.6624471205075	3.43309957233209	1
X2901341	-41.4586952073687	0.67616072260979	-43.5291993486122	1.39434341863372	1
X2901342	16.608623250324	1.71660849056673	12.4429199548795	2.4490948048779	1
X2901343	-20.9617305425423	3.4665133251598	-33.8028762950164	9.37463242731415	1
X2901344	30.4049634977315	0.679853812320621	32.5225649549616	-2.79745526955091	1
X2901345	13.4065829955607	0.679853812320621	14.0055868493438	-1.27885766610366	1
X2901346	12.2428599390004	2.82347116026628	4.42002564851541	4.99936313021868	1
X2901347	-28.2482459903738	3.4665133251598	-31.0209172954269	-0.693842020106804	1
X2901348	-7.74701686280089	4.10955549005332	-12.6644718331536	0.80789948029934	1
X2901349	-32.199350038226	1.36856219295682	-36.7634754285503	3.19556319736756	1
X2901350	-22.1240721879723	2.05339594647741	-23.0667764255098	-1.11069170893993	1
X2901351	-58.7262546476414	0.67616072260979	-61.9106568483287	2.5082414780776	1
X2901352	-38.9438545125742	-0.088005057366795	-43.7601855709186	4.90433611571121	1
X2901353	-8.08525150181451	0.640278567795015	-14.175000225198	5.44947015558854	1
X2901354	4.54603325697926	-2.39119392963623	18.0652057074137	-11.1279785207983	1
X2901355	-13.6309434546114	0.169633700694407	-18.2749035761259	4.47432642082008	1
X2901356	-2.46143480591334	0.257694139814785	-3.33451724450084	0.615388298772817	1
X2901357	12.8621984374757	0.0923048208221864	5.73207999537308	7.03781362128045	1
X2901358	39.4048997216419	0.0923048208221864	37.629321097903	1.68327380291662	1
X2901359	-8.50990362808256	2.05339594647741	-16.9064498200241	6.34315024546416	1
X2901360	4.97005634069114	-3.67129560561822	17.5406951703291	-8.8993432240198	1
X2901361	-10.7154442886557	1.36773305144974	-20.1918597458808	8.10868240577549	1
X2901362	-54.8205285542144	1.45580608643172	-60.817871679797	4.54153703915078	1
X2901363	-12.1225127730055	0.640278567795015	-16.2978393719869	3.5350480311864	1
X2901364	-1.57659048071335	-0.385628933642274	3.16682918266451	-4.3577907297354	1
X2901365	-9.23489329788571	2.05339594647741	-13.1048168140284	1.81652756966516	1
X2901366	-6.94819765647555	-2.39119392963623	4.74431430738772	-9.30131803422731	1
X2901367	16.3216536503727	0.0923048208221864	16.4691878219557	-0.239838992405269	1
X2901368	-29.0587210836629	-0.902483894725514	-27.7983519767799	-0.35788521215747	1
X2901369	-1.16222971345985	-0.088005057366795	-14.7053675370201	13.6311428809271	1
X2901370	-19.3254511381019	-0.902483894725514	-12.934679876384	-5.4882873669925	1
X2901371	-38.2767760477824	-0.437703492085534	-33.2049074359737	-4.63416511972318	1
X2901372	-8.06494836136388	0.67616072260979	-12.6515849090594	3.91047582508577	1
X2901373	-29.382910401179	-1.76708646314726	-25.754838188985	-1.86098574904673	1
X2901374	29.7494865182191	-0.356900865925492	26.8430492892238	3.26333809492089	1
X2901375	-1.64811192596032	-0.427732816001	-0.333930928855182	-0.886448181104045	1
X2901376	-13.226241301523	-0.322817446513482	-8.82152806788928	-4.08189578712022	1
X2901377	-23.8088838455571	-1.98945582296641	-18.1287154847529	-3.69071253783784	1
X2901378	10.0965221591926	1.71660849056673	0.365689506866126	8.01422416175966	1
X2901379	-4.78109244732352	0.257694139814785	-7.73446009353871	2.69567350640037	1
X2901380	-13.8590065170938	-1.3843167009682	-7.33175128811866	-5.14293852800689	1
X2901381	27.1087867047232	1.73795037886186	16.7947188517332	8.57611747412825	1
X2901382	-12.8550587893633	0.94312109563057	-16.3039971721481	2.50581728715432	1
X2901383	-31.3476002506642	1.71660849056673	-35.0261967559981	1.96198801476723	1
X2901384	-25.1052775817444	-0.958493915896019	-20.5575533146443	-3.58923035120411	1
X2901385	-8.89071534310209	0.0270769105544455	-13.9380934119058	5.02030115824927	1
X2901386	4.97515949683519	1.79393737043895	0.991678183782717	2.1895439426133	1
X2901387	-30.22165109312	-1.99961452310267	-24.7818257052648	-3.44021086475254	1
X2901388	-21.4997313083076	3.4665133251598	-35.9504220736974	10.9841774402299	1
X2901389	-51.5504966083579	-0.958493915896019	-43.7932230508056	-6.7987796416562	1
X2901390	16.1876430145729	1.36773305144974	15.443074399669	-0.62316443654599	1
X2901391	33.0671588902577	-1.18312340980537	47.0046094873687	-12.7543271873058	1
X2901392	29.7606477099521	0.0270769105544455	36.2940169171474	-6.56044611774994	1
X2901393	23.5486757184793	-1.00664526848129	30.2947362828539	-5.73941529589344	1
X2901394	-5.17821920540791	-1.00664526848129	-4.45792583939492	0.286351902468192	1
X2901395	12.5777914260596	0.0923048208221864	14.9648505927935	-2.47936398755619	1
X2901396	-9.7237527114367	0.198157019030439	-1.40789823388045	-8.51401149658653	1
X2901397	6.48215238243647	2.05339594647741	7.754577451306	-3.32582101534699	1
X2901398	4.12566108482136	1.36773305144974	7.2946078384262	-4.53667980505456	1
X2901399	3.22526189467271	1.71660849056673	-0.132750038584312	1.64140344269015	1
X2901400	18.8618333123193	0.94312109563057	16.8986813126994	1.02003090398909	1
X2901401	34.6041845248953	-0.16077244298022	38.9849979826721	-4.22004101479662	1
X2901402	-9.38607044869688	-0.723803304248121	-1.69186251493388	-6.97040462951491	1
X2901403	21.3653394965961	0.0923048208221864	29.2155463595745	-7.94251168380081	1
X2901404	12.7300059655878	2.05339594647741	9.59876133113415	1.07784868797647	1
X2901405	17.590181244718	-0.902483894725514	20.9667654430336	-2.47410030359021	1
X2901406	45.3466978289978	1.71660849056673	47.3366681418418	-3.70657880341081	1
X2901407	-9.83380427796791	0.0923048208221864	-4.28778334762109	-5.63832575116885	1
X2901408	-1.66618401990843	1.71660849056673	-5.02744370784761	1.64465119737245	1
X2901409	11.9724833242377	0.94312109563057	8.6875991776318	2.34176305097519	1
X2901410	1.2332434815194	-0.859523499517146	8.65995592613839	-6.56718894510199	1
X2901411	-1.03694291037685	-2.83137579774858	4.34757180902782	-2.55313892165607	1
X2901412	-41.5861162423664	2.05339594647741	-48.3531555902868	4.71364340144306	1
X2901413	-18.4027106136991	-1.82898277442524	-15.5875111277055	-0.986216711568225	1
X2901414	21.0536697692632	-0.437703492085534	21.0194885563112	0.471884705037496	1
X2901415	-28.3670556185159	-3.5086719305909	-24.5165225269332	-0.341861160991841	1
X2901416	-1.87167276989096	-0.437703492085534	-3.04820203369783	1.61423275589252	1
X2901417	-19.9130246027903	-2.39119392963623	-18.582209414687	1.06037874153302	1
X2901418	-21.5810649426023	-2.54638473517555	-8.23614015260442	-10.7985400548222	1
X2901419	-6.51379334464401	-2.7868323982108	-1.45811566808011	-2.26884527835302	1
X2901420	45.5340866646311	0.908412945892494	49.2863712369381	-4.66069751819968	1
X2901421	34.32414949839	1.71660849056673	28.6223072036423	3.98523380418083	1
X2901422	-35.2767238988302	-1.19617303576751	-31.2379742155683	-2.84257664749443	1
X2901423	11.1598825789687	-0.237433034952416	8.35838380383505	3.0389318100859	1
X2901424	-27.3485340578755	0.640278567795015	-29.2533984706171	1.26458584494669	1
X2901425	5.52145591191311	0.94312109563057	5.6595695717475	-1.08123475546497	1
X2901426	-0.970279941071695	2.73905884150507	-8.67862063191219	4.96928184933552	1
X2901427	37.223781332536	-1.93767149682496	44.0448674985212	-4.88341466916026	1
X2901428	-13.6639989655696	0.94312109563057	-17.3383354421466	2.73121538094644	1
X2901429	-7.12383993727171	-0.088005057366795	-4.53466951553004	-2.50116536437485	1
X2901430	3.84425168060641	1.79393737043895	3.45859510102897	-1.4082807908618	1
X2901431	-13.601160794006	-1.08116448520291	-5.15946607056284	-7.36053023824011	1
X2901432	-33.8026244821689	-0.385628933642274	-26.4270474037163	-6.98994814481028	1
X2901433	-5.73884838360107	-0.088005057366795	-4.90670804337498	-0.744135282859032	1
X2901434	15.9775072016139	0.67616072260979	21.5110398015681	-6.20969332256389	1
X2901435	-5.771221381259	1.36773305144974	-2.44640389317068	-4.69255053953776	1
X2901436	-35.28310242479	1.36773305144974	-47.2663582144105	10.6155227381706	1
X2901437	-13.9727876563592	-0.385628933642274	-0.869348542766282	-12.7178101799507	1
X2901438	-27.0577261537747	-0.088005057366795	-22.6736183908326	-4.29610270557527	1
X2901439	7.24541870251144	0.284070104327994	15.1443864651622	-8.18303786697885	1
X2901440	1.23700517842875	2.05339594647741	-2.04413735924886	1.2277465912002	1
X2901441	-41.2835786682418	-3.67129560561822	-38.0239847554018	0.411701692778218	1
X2901442	-38.2362156360403	0.257694139814785	-42.8251056595024	4.33119588364734	1
X2901443	-21.726986307282	-0.16446553269105	-25.3163017760494	3.75378100145851	1
X2901444	-4.31715683402091	-0.437703492085534	-9.46344306923794	5.58398972730259	1
X2901445	-9.59633399632907	0.640278567795015	-26.9058683093138	16.6692557451897	1
X2901446	-15.1402666176593	-0.723803304248121	-18.8834601956047	4.46699688219366	1
X2901447	-46.1029389740406	2.05339594647741	-52.3088359788966	4.15250105837868	1
X2901448	-30.019526428757	0.0923048208221864	-33.164910584505	3.0530793349259	1
X2901449	-35.4285706257665	-1.93767149682496	-31.40106036054	-2.08983876840152	1
X2901450	6.38753975688275	-0.723803304248121	0.13703987924039	6.97430318189043	1
X2901451	-37.5932402836871	0.0923048208221864	-46.2662161413518	8.58067103684248	1
X2901452	-31.4943922762332	1.36773305144974	-37.9218274002916	5.05970207260863	1
X2901453	-28.0831828412007	-0.088005057366795	-38.4312343423631	10.4360565585293	1
X2901454	-19.9921359009036	-0.16446553269105	-26.7808492278215	6.95317885960903	1
X2901455	-17.3515646987788	-0.723803304248121	-27.9369063507616	11.3091449562311	1
X2901456	-44.2427867473009	0.94312109563057	-55.3244660220916	10.1385581791601	1
X2901457	-1.58896241784464	1.71660849056673	4.1535597055904	-7.4591306140019	1
X2901458	-13.5156642874955	0.679853812320621	-14.0840502999954	-0.111467799820705	1
X2901459	1.56429689803649	1.71660849056673	-7.91989833692953	7.76758674439924	1
X2901460	27.8503301071294	0.257694139814785	30.2934249453477	-2.70078897803313	1
X2901461	-34.1616360520201	1.71660849056673	-34.3994366367167	-1.47880790587018	1
X2901462	-32.4015060664052	0.257694139814785	-32.9054268862622	0.246226680042212	1
X2901463	11.0093837941498	2.73905884150507	5.09768256701985	3.17264238562505	1
X2901464	-16.7082979009492	-1.93767149682496	-11.5350126044514	-3.23561379967283	1
X2901465	-20.3151794917762	1.73795037886186	-19.9613951001388	-2.09173477049926	1
X2901466	-18.7800621883384	1.71660849056673	-19.3564896589442	-1.14018101996079	1
X2901467	-2.46109570504129	1.71660849056673	-1.28188948504911	-2.89581471055883	1
X2901468	-5.8769760389715	2.73905884150507	-6.41378772610235	-2.20224715437422	1
X2901469	-10.8694773941059	0.640278567795015	-9.8251342582872	-1.68462170361363	1
X2901470	22.842812663661	0.94312109563057	22.5121006358134	-0.612409067783148	1
X2901471	27.6331984624832	-3.49572446536158	39.1596064933449	-8.03068356550006	1
X2901472	-13.7332302036192	4.10955549005332	-14.2750770755314	-3.56770861814096	1
X2901473	7.00228083927847	0.679853812320621	14.6629783591932	-8.34055133223541	1
X2901474	-18.5886408349377	2.00972929889281	-20.534738642546	-0.063631491284444	1
X2901475	4.98463203199891	2.05339594647741	-4.34474531835745	7.27598140387898	1
X2901476	22.8474719686743	-2.54638473517555	28.9412498955837	-3.547393191734	1
X2901477	-0.243992034800115	0.94312109563057	-6.22497443195729	5.03786130152653	1
X2901478	-4.74371250712255	-0.16446553269105	1.93721098567766	-6.51645796010905	1
X2901479	14.8036510372972	-2.54638473517555	21.9466594308086	-4.59662365833579	1
X2901480	-6.09078047402512	-1.02132345466126	-3.43800959472355	-1.63144742464022	1
X2901481	-3.23775034289942	-0.16077244298022	-4.95101580679426	1.87403790687511	1
X2901482	-37.8054093724953	-2.4059500392616	-29.2471240625684	-6.15233527066529	1
X2901483	17.4668274568556	0.257694139814785	19.7970645020746	-2.58793118503372	1
X2901484	-25.990249418438	0.257694139814785	-19.8471408398224	-6.4008027184303	1
X2901485	-31.0377940257678	-0.16446553269105	-27.960249888582	-2.91307860449467	1
X2901486	-7.33694255762011	0.0923048208221864	-6.07715628579996	-1.35209109264224	1
X2901487	-9.45349531021436	-1.19617303576751	-8.92889475021736	0.671572475770461	1
X2901488	4.7294027179309	0.94312109563057	7.57184677405224	-3.78556515175199	1
X2901489	27.7117991585175	-0.16446553269105	32.4752992366729	-4.59903454546431	1
X2901490	-4.47048547726909	0.0923048208221864	0.648766925312266	-5.2115572234035	1
X2901491	41.8919372444624	0.94312109563057	41.9782259069084	-1.02940975807656	1
X2901492	11.15916774845	0.0923048208221864	15.4837617883715	-4.41689886074382	1
X2901493	10.2622915570636	0.0923048208221864	13.3223984468408	-3.15241171059953	1
X2901494	-23.3717224173655	0.679853812320621	-27.949498589476	3.89792235978988	1
X2901495	-16.5592509641864	2.52480403524097	-8.54679457081916	-10.5372604286082	1
X2901496	1.60195887488999	0.94312109563057	-2.93799229169747	3.59683007095688	1
X2901497	39.0453246654275	1.36856219295682	44.3583495108115	-6.68158703834093	1
X2901498	34.1483906578192	0.908412945892494	25.6519163295646	7.58806138236213	1
X2901499	37.1983110204953	0.94312109563057	43.6524607160618	-7.39727079119726	1
X2901500	-19.1774156093833	0.640278567795015	-17.6324492066315	-2.18524497054679	1
X2901501	3.69854710758821	-0.088005057366795	-5.58364108587963	9.3701932508347	1
X2901502	6.9271605067988	0.0270769105544455	9.45162864035303	-2.55154504410866	1
X2901503	-14.2863685444792	-0.385628933642274	-13.5868143101584	-0.313925300678384	1
X2901504	-28.6809609920052	-2.42070614888697	-23.4944497469789	-2.76580509613923	1
X2901505	28.2146556346907	-0.437703492085534	37.2856883866959	-8.63332925991966	1
X2901506	2.40234045010946	-0.427732816001	2.47527462410617	0.354798642004142	1
X2901507	-4.74363005141505	0.0923048208221864	-2.29359150607664	-2.5423433661606	1
X2901508	9.49835733266535	-1.00664526848129	15.6114070837321	-5.10640448258551	1
X2901509	18.4984844359857	-0.723803304248121	21.8444332019929	-2.62214546175918	1
X2901510	5.39684922482047	0.0923048208221864	8.06917830826365	-2.76463390426551	1
X2901511	52.7479587130439	-1.00664526848129	58.2040938615687	-4.44948988004374	1
X2901512	11.2420325966362	0.257694139814785	7.59296877267214	3.39136968414916	1
X2901513	8.97956904846214	2.82347116026628	9.61247480517927	-3.45637691698325	1
X2901514	-12.9201410702414	0.679853812320621	-9.51725722669376	-4.08273765586827	1
X2901515	23.2477905739076	0.169633700694407	15.0359868700166	8.04217000319654	1
X2901516	-52.2989887913555	0.145916470490189	-49.5504624056384	-2.89444285620732	1
X2901517	5.66491535044956	-0.115454821833299	5.85352010254703	-0.0731499302642802	1
X2901518	-20.8307175796439	-0.270221225662161	-28.5267220936896	7.96622573970784	1
X2901519	57.0316040068317	-1.18312340980537	64.2239467652718	-6.00921934863504	1
X2901520	-38.8923470835978	0.169633700694407	-45.6491472994582	6.58716651516606	1
X2901521	18.8614568773935	-0.167153755216267	22.2809187114955	-3.25230807888575	1
X2901522	-16.6192903862237	0.169633700694407	-15.3254043538287	-1.46351973308942	1
X2901523	18.5370509240596	-2.49177315625377	25.8218917351836	-4.79306765487019	1
X2901524	-12.7807742813164	1.71660849056673	-18.154410150658	3.65702737877476	1
X2901525	-4.20693103237278	0.0923048208221864	-2.55050687321539	-1.74872897997954	1
X2901526	-26.8901084978261	-1.93767149682496	-21.9216820701689	-3.03075493083226	1
X2901527	0.106115716870207	0.0923048208221864	4.01762070827635	-4.00380981222831	1
X2901528	6.87827083542877	-0.437703492085534	6.70417286419153	0.61180146332266	1
X2901529	-24.8342517990393	0.908412945892494	-31.0116555959678	5.26899085103596	1
X2901530	11.0000852112168	-2.63123361431312	16.1666192584289	-2.53530043289897	1
X2901531	30.6574393032457	0.0923048208221864	28.0450559959926	2.52007848643099	1
X2901532	-38.9489725156083	0.94312109563057	-44.3424833454882	4.45038973424936	1
X2901533	9.7100331056529	-1.02132345466126	19.7192537984843	-8.98789723817028	1
X2901534	17.431752074962	-2.16953379393573	27.9698774877601	-8.36859161886249	1
X2901535	-2.64120424020116	-0.301011166406201	-5.06632419699149	2.7261311231966	1
X2901536	-3.13815580085876	-0.378242754220614	-7.12242522425224	4.36251217761408	1
X2901537	-33.6473298514663	0.257694139814785	-38.4601039401928	4.55507994891175	1
X2901538	-16.1576672982629	-1.32766571750812	-15.8121411585786	0.982139577823745	1
X2901539	10.1572693876863	-3.31605895037134	9.51205241061439	3.96127592744338	1
X2901540	-21.572071395452	0.0923048208221864	-29.4707895396204	7.8064133233463	1
X2901541	3.63529008173178	0.257694139814785	1.48042286425062	1.89717307766633	1
X2901542	-2.85979271782823	-1.00664526848129	0.411902528778604	-2.26504997812539	1
X2901543	7.67214141489748	-0.167153755216267	16.8591048642135	-9.01980969409982	1
X2901544	42.9964332502833	-0.862814226004441	41.9668703695473	1.89237710674062	1
X2901545	10.9853321739621	-2.74558887639358	21.9347269032331	-8.20380585287752	1
X2901546	27.0038253639997	-2.74558887639358	40.1679872163614	-10.4185729759681	1
X2901547	-29.0462202126864	-1.63979976073727	-30.2059156078981	2.79949515594902	1
X2901548	-20.2768262787017	-1.99922800084766	-18.0997560658497	-0.177842212004347	1
X2901549	19.9879632439657	-2.10784624935839	25.7577524421351	-3.66194294881096	1
X2901550	-1.81003811900612	-1.00664526848129	3.12592266865907	-3.92931551918399	1
X2901551	-2.30060686217949	-0.16077244298022	3.33093650192867	-5.4707709211279	1
X2901552	-16.7947554699652	-2.39119392963623	-17.2059521677495	2.80239062742054	1
X2901553	-0.410454043645956	-2.41986444039744	3.3186751092393	-1.30926471248779	1
X2901554	-9.29315680776551	-1.19617303576751	-14.7361553669188	6.63917159492083	1
X2901555	7.07156226696408	-2.39119392963623	5.79376578901943	3.66899040758088	1
X2901556	-26.888750305349	-2.4059500392616	-17.0412139137072	-7.44158635238005	1
X2901557	-20.1064129938569	-1.27371592868157	-15.5765475646479	-3.25614950052741	1
X2901558	10.3620052340583	0.0270769105544455	5.35796928594468	4.97695903755927	1
X2901559	7.8391517832123	4.10955549005332	-2.12058768107471	5.85018397423377	1
X2901560	-20.8801241072399	0.953091771715104	-15.381117907192	-6.45209797176299	1
X2901561	43.9001513881284	1.73795037886186	41.2336632342837	0.928537774982858	1
X2901562	6.22447233305954	0.257694139814785	9.76173988789422	-3.79496169464946	1
X2901563	-19.040874045171	-1.04599110643037	-17.3414696998008	-0.653413238939825	1
X2901564	-31.1106842982765	-1.10058363453306	-31.3018409777685	1.29174031402505	1
X2901565	19.5275414964062	2.22557390084731	13.3189186791631	3.983048916396	1
X2901566	-4.53503955821721	0.257694139814785	-2.9532370753932	-1.8394966226387	1
X2901567	1.35300105496923	1.20640497472939	7.78122504063557	-7.63462896039559	1
X2901568	3.63475236271553	0.169633700694407	3.53097059390731	-0.0658519318862048	1
X2901569	3.32077488459838	-0.167153755216267	5.81857790655304	-2.33064926673841	1
X2901570	49.7009469118693	0.848815899372835	52.6088098383627	-3.75667882586643	1
X2901571	31.639747194084	-1.93767149682496	39.843733332423	-6.26631464151402	1
X2901572	25.3146706151473	0.67616072260979	16.5603156676295	8.078194224908	1
X2901573	-13.9355717045388	-0.167153755216267	-14.1193250075494	0.350907058226941	1
X2901574	-22.108122414584	0.169633700694407	-18.5764074460625	-3.70134866921582	1
X2901575	12.3571795668653	0.848815899372835	15.010510856168	-3.50214718867563	1
X2901576	-4.05772062954614	1.06307070563693	-4.56324234361044	-0.557548991572573	1
X2901577	12.0143241085423	-2.10784624935839	14.4148777156615	-0.29270735776093	1
X2901578	18.1840181960456	0.908412945892494	12.1877143310842	5.08789091906913	1
X2901579	-16.3413939845394	-1.99922800084766	-13.150804447337	-1.19136153635468	1
X2901580	39.0769319047016	-2.10784624935839	38.4229034261845	2.76187472787541	1
X2901581	-1.9085567544908	-1.63979976073727	-2.29922646265216	2.0304694688986	1
X2901582	18.2203253450236	0.908412945892494	21.153179045409	-3.84126664627798	1
X2901583	-11.869590475177	-1.93767149682496	-12.0530039820635	2.12108500371151	1
X2901584	0.753659092419213	-2.41986444039744	12.9305758951203	-9.75705236230369	1
X2901585	-5.11025558020629	-1.3843167009682	-6.36817102880373	2.64223214956568	1
X2901586	-17.6859206872378	-1.93767149682496	-17.3459313331164	1.59768214270368	1
X2901587	5.50746291793632	-4.87469268009465	18.4506770245173	-8.0685214264864	1
X2901588	13.6591608818719	-1.3843167009682	11.682680782437	3.36079680040307	1
X2901589	-21.0152645974943	-0.154391130744173	-24.0519553347318	3.19108186798166	1
X2901590	-24.8381168368835	0.257694139814785	-31.4679902599047	6.37217928320648	1
X2901591	-25.8662833553017	-0.427732816001	-22.2224474323986	-3.21610310690208	1
X2901592	7.26835251213939	-1.63979976073727	5.03154089449436	3.87661137838236	1
X2901593	11.3992769875996	0.257694139814785	9.13060053736276	2.01098231042195	1
X2901594	-34.9714637819573	-2.54638473517555	-32.6686493856766	0.24357033889467	1
X2901595	-1.55626441850255	-0.282401935391136	2.89392414710768	-4.16778663021929	1
X2901596	30.7563194407046	-1.93767149682496	39.5464729328217	-6.85248199529231	1
X2901597	11.6343509520116	-0.83859052682713	14.8141771349332	-2.34123565609442	1
X2901598	9.36771242417618	-4.86809149067424	21.0347445960288	-6.79894068117832	1
X2901599	4.01635888164527	-4.43229885246337	13.1054262516082	-4.65676851749963	1
X2901600	-17.2709421552213	0.962322732841872	-23.4138287466253	5.18056385856214	1
X2901601	7.79772620178908	-2.35735039392725	9.2386435350036	0.916433060712519	1
X2901602	-4.39552376189248	-0.033296344026333	-6.08979765463871	1.72757023677262	1
X2901603	12.1189767581129	1.64677490031362	3.84405010561304	6.62815175218604	1
X2901604	11.3617474205141	-1.8416101656754	16.2808767311067	-3.07751914491731	1
X2901605	-28.0926055787502	0.805300820269682	-26.0692353742824	-2.82867102473733	1
X2901606	-21.0550006835092	-0.958493915896019	-15.8324802631799	-4.26402650443322	1
X2901607	3.72189288245484	0.67616072260979	1.01865159524051	2.02708056460459	1
X2901608	6.01014919828825	1.36773305144974	2.13202027738053	2.51039586945807	1
X2901609	2.32386315187432	-1.82898277442524	14.1227234748647	-9.96987754856526	1
X2901610	16.2705983546333	-2.39119392963623	22.7940283093214	-4.13223602505181	1
X2901611	-22.0456066912066	0.674139352498652	-28.3194406087697	5.5996945650644	1
X2901612	6.97485599258016	1.36856219295682	4.17376079806927	1.4325330015542	1
X2901613	21.304263831596	2.82347116026628	9.55333403755274	8.92745863377731	1
X2901614	36.7034935034667	-1.27371592868157	39.73101497636	-1.75380554421143	1
X2901615	21.9747195799979	-2.41986444039744	40.1745966960659	-15.7800126756705	1
X2901616	38.3696201846829	-1.19617303576751	33.6317408519509	5.93405236849964	1
X2901617	7.71070072958101	-0.437703492085534	10.3275321348832	-2.17912791321656	1
X2901618	17.0957995759818	1.71660849056673	7.94148122348897	7.43770986192598	1
X2901619	11.2481904038167	0.679853812320621	13.1107381563096	-2.54240156481353	1
X2901620	7.79343044635481	0.257694139814785	6.50454026389715	1.0311960426428	1
X2901621	3.67232462129648	-2.05851512577921	9.43797944989519	-3.70713970281952	1
X2901622	-1.46428142665916	-0.378242754220614	1.49787901243963	-2.58391768487797	1
X2901623	26.6611325719183	-0.378242754220614	32.0823833064676	-5.04300798032884	1
X2901624	-14.5651160000847	0.0270769105544455	-17.4676189058104	2.87542599517122	1
X2901625	0.604084141379417	0.908412945892494	-1.40461110581872	1.10028230130572	1
X2901626	-23.6374377089703	0.679853812320621	-22.8412600935682	-1.4760314277226	1
X2901627	-15.2571004772385	0.94312109563057	-14.4346503424719	-1.76557123039692	1
X2901628	-32.5228185087566	-0.427732816001	-35.1262648540623	3.03117916130661	1
X2901629	35.9328619570117	-2.35735039392725	36.5151658073079	1.77504654363094	1
X2901630	-6.97443192941985	1.71660849056673	-18.1900021178743	9.49896169788778	1
X2901631	-11.3234023239273	0.284070104327994	-10.7586220590597	-0.848850369195398	1
X2901632	-3.61491165987861	0.734150725419171	2.53371069590634	-6.88277308120428	1
X2901633	-25.9776609716266	1.64677490031362	-22.3606689184281	-5.26376695351214	1
X2901634	-11.8543763990111	0.0566978682601735	-7.75494871304962	-4.15612555422145	1
X2901635	-5.86079941351908	-0.902483894725514	-1.22206253719605	-3.73625298159732	1
X2901636	-8.47486940162245	0.169633700694407	-0.666307403792395	-7.97819569852446	1
X2901637	-11.401347765823	2.73905884150507	-19.3952263145618	5.25481970723375	1
X2901638	24.4725000863734	2.73905884150507	11.9439622960615	9.78947894880679	1
X2901639	-36.2608193245255	0.187236048611471	-36.4695017526095	0.0214463794724122	1
X2901640	37.9444613088899	4.10955549005332	25.1774949004736	8.6574109183633	1
X2901641	-9.6072312369493	0.169633700694407	-12.4145440040876	2.63767906644396	1
X2901642	7.09933212087431	4.10955549005332	-6.40733782510993	9.39711445593086	1
X2901643	-0.152572813918809	1.71660849056673	-8.13726242081359	6.26808111632802	1
X2901644	-18.2636347925713	3.4665133251598	-29.4059749038782	7.67582678614688	1
X2901645	16.7301256294631	-1.48414906401369	11.6593162961876	6.55495839728919	1
X2901646	-11.8016130914341	2.05339594647741	-21.5400037289501	7.68499469103873	1
X2901647	38.3179280764252	0.0923048208221864	45.0332273398432	-6.80760408424029	1
X2901648	15.2944507766241	1.71660849056673	7.78201865586947	5.79582363018777	1
X2901649	-0.149348769787267	2.82347116026628	-6.80681178596656	3.83399185591302	1
X2901650	-5.76593432844487	1.71660849056673	-13.6277587636141	6.14521594460255	1
X2901651	29.1777099714559	0.908412945892494	29.1492922285761	-0.879995203012551	1
X2901652	-8.93690830093684	-0.16446553269105	-9.60130815897749	0.828865390731712	1
X2901653	27.1744989838316	-2.39119392963623	28.910941169091	0.654751744376832	1
X2901654	-19.8299139488426	-0.378242754220614	-18.3015241506747	-1.15014704394715	1
X2901655	-19.4279496574612	-2.39119392963623	-21.3226040490267	4.28584832120175	1
X2901656	21.4247626371557	-1.19617303576751	28.1801646585851	-5.55922898566175	1
X2901657	-7.89523168826023	-2.54638473517555	-0.421053636336964	-4.92779331674765	1
X2901658	-21.1694090510495	-0.723189164414895	-21.0480064395524	0.60178655291783	1
X2901659	-8.83313299674272	1.2503268568764	-17.2055181392516	7.12205828563238	1
X2901660	20.679323053264	1.2503268568764	18.258766298885	1.17022989750281	1
X2901661	9.23053786294442	-0.437703492085534	12.7712369259823	-3.10299557095234	1
X2901662	21.3659833626685	0.145916470490189	12.5676906037993	8.65237628837911	1
X2901663	1.08262617897697	0.257694139814785	-2.38060643286723	3.20553847202941	1
X2901664	-12.5788797555634	0.257694139814785	-13.1975882384556	0.36101434307743	1
X2901665	-49.046609325326	-0.437703492085534	-49.3095638620165	0.700658028776015	1
X2901666	-9.487981424337	-0.427732816001	-6.05629741698948	-3.0039511913465	1
X2901667	-26.7333433136481	0.257694139814785	-24.5939228597792	-2.39711459368367	1
X2901668	-26.8696473483445	0.67616072260979	-36.8949230285467	9.34911495759244	1
X2901669	10.3010390484597	-2.00588359279296	10.8563919547009	1.45053068655197	1
X2901670	-42.2761933701936	-3.01252876764548	-36.567981394282	-2.6956832082662	1
X2901671	-4.31656318365872	2.22557390084731	-9.61288284096082	3.07074575645483	1
X2901672	-4.79534137482631	1.79393737043895	-13.1989633484653	6.6096846032	1
X2901673	7.4438510064509	-1.2705819126399	2.59542408776112	6.11900883132972	1
X2901674	-18.5102502425851	2.73905884150507	-23.9678971241852	2.71858804009493	1
X2901675	0.588852765880802	2.05339594647741	-15.579172568575	14.1146293879783	1
X2901676	8.56114479107171	1.79393737043895	2.00733933280527	4.75986808782746	1
X2901677	-32.7047411915479	0.94312109563057	-37.6159379399992	3.9680756528207	1
X2901678	13.7233759388232	1.71660849056673	-1.63870962142205	13.6454770696786	1
X2901679	-20.7619785008622	1.71660849056673	-27.7025471489287	5.22396015749979	1
X2901680	6.84085830458189	1.36856219295682	1.11914261562284	4.35315349600228	1
X2901681	-10.8307705215239	2.05339594647741	-24.4827487545672	11.5985822865657	1
X2901682	14.8901185775342	2.73905884150507	5.10160783563793	7.0494519003913	1
X2901683	8.39735183225942	1.20640497472939	5.25583260311125	1.93511425441886	1
X2901684	-8.63394239177037	0.940052580428625	-2.56778146082229	-7.00621351137669	1
X2901685	49.9495125370933	0.908412945892494	58.8093896299993	-9.76829003879847	1
X2901686	-29.4255221097764	0.0923048208221864	-25.0744783090046	-4.44334862159384	1
X2901687	-21.1755623998588	-0.033296344026333	-9.54903105337804	-11.5932350024543	1
X2901688	-6.34704366693969	0.169633700694407	-3.81254805501834	-2.70412931261563	1
X2901689	-2.89764620204117	1.06307070563693	-0.858718174534729	-3.10199873314352	1
X2901690	21.1570050434828	0.0566978682601735	23.3920814926576	-2.29177431743508	1
X2901691	27.6196133457687	-1.99922800084766	43.0998286264417	-13.4809872798253	1
X2901692	12.8006052596428	-0.963235452581922	9.45847032748699	4.30537038473751	1
X2901693	-2.36642039690246	0.940052580428625	4.94802827325021	-8.25450125058136	1
X2901694	30.1869249341216	-0.16077244298022	31.2877399310514	-0.940042553949593	1
X2901695	3.22702400365824	-0.723803304248121	11.2022923719573	-7.25146506405085	1
X2901696	-6.217656468621	-0.723803304248121	-10.4662047696633	4.97235160529058	1
X2901697	17.3958751446249	-0.723803304248121	15.4376220600191	2.68205638885402	1
X2901698	-10.0904629282408	-0.088005057366795	-11.7675351615371	1.76507729066314	1
X2901699	-59.2932248206466	-1.27371592868157	-52.7360699229827	-5.28343896898235	1
X2901700	-10.5940821040139	2.05339594647741	-19.879199027299	7.23172097680786	1
X2901701	-8.86563832841031	2.52480403524097	-22.2895023656658	10.8990600020144	1
X2901702	-9.3989679647533	2.73905884150507	-19.3721885044324	7.23416169817412	1
X2901703	-23.461925923065	-0.723803304248121	-30.0352710773708	7.29714845855401	1
X2901704	41.2033412023721	0.953091771715104	39.5441482161617	0.706101214495466	1
X2901705	7.06788084749735	0.94312109563057	-0.183181190700935	6.30794094256783	1
X2901706	27.3083663989692	0.94312109563057	17.8160404034866	8.54920489985195	1
X2901707	-37.886149675623	-1.55895096567045	-38.0192521484819	1.69205343852941	1
X2901708	23.641894445702	-0.167153755216267	27.4936484171134	-3.6846002161952	1
X2901709	3.28027516111874	0.908412945892494	6.54564500362726	-4.17378278840098	1
X2901710	-7.91523748605218	-2.39119392963623	-5.93450676771438	0.410463211298488	1
X2901711	6.1987785056767	-0.16446553269105	3.45018906017088	2.91305497819689	1
X2901712	-7.63693398008869	2.82347116026628	-20.2619439391357	9.8015387987808	1
X2901713	-9.56077970935702	-0.088005057366795	-15.8048040245623	6.33202937257219	1
X2901714	35.2046451756364	1.71660849056673	32.0902746197732	1.39776206529648	1
X2901715	-34.8107905864823	1.71660849056673	-43.8088921167414	7.28149303969237	1
X2901716	-15.3095334036656	-0.723803304248121	-24.2991337449412	9.71340364552388	1
X2901717	-7.76006285679743	0.699778568700817	-9.10283775382916	0.642996328331041	1
X2901718	-12.5659561344909	0.0923048208221864	-15.0698841461487	2.41162319083561	1
X2901719	-11.0150814840063	-0.16077244298022	-10.7229350790023	-0.131373962023692	1
X2901720	19.2886767022518	-0.723803304248121	15.4948330170579	4.51764698944197	1
X2901721	9.08397123405022	-0.033296344026333	17.7740453784994	-8.65677780042291	1
X2901722	-20.3434583000792	-0.723803304248121	-14.130365204822	-5.48928979100909	1
X2901723	-10.926471819351	0.94312109563057	-12.3453698734167	0.475776958435136	1
X2901724	-0.527205315370324	1.06307070563693	0.762388268432737	-2.35266428944013	1
X2901725	-24.7908847005949	-3.32015332510495	-17.4281912063888	-4.04254016910117	1
X2901726	-16.6314351368138	-2.39119392963623	-14.768657164817	0.528415957639505	1
X2901727	24.4977778832078	1.71660849056673	26.4513668541677	-3.6701974615268	1
X2901728	-3.08901013804046	0.573552829343412	-4.43845763678925	0.775894669405466	1
X2901729	-0.505916531665775	-1.55895096567045	-3.06634566957943	4.11938010358416	1
X2901730	23.4138173634154	-2.85059481572623	23.8347837574767	2.42962842166507	1
X2901731	-21.9696992220761	-0.862814226004441	-24.6658953999273	3.55901040385568	1
X2901732	5.54236414652259	0.52458288172719	4.90515144599213	0.112629818802987	1
X2901733	-15.1001664435087	-2.10784624935839	-12.3924834601996	-0.599836733950671	1
X2901734	-16.0361204726954	0.908412945892494	-22.2444408686028	5.29990745001497	1
X2901735	-38.6145004029805	-1.93767149682496	-38.8567729378032	2.17994403164772	1
X2901736	0.853698362920127	-2.76704136904847	10.5536302189789	-6.93289048701032	1
X2901737	19.8481644525181	0.793174165692657	13.6249376678089	5.43005261901654	1
X2901738	-6.43656656550756	-3.70267629681352	4.58139057398588	-7.31528084267995	1
X2901739	32.3272093095632	-1.8416101656754	37.5907297450495	-3.42191026981085	1
X2901740	-16.543892645575	1.43500560303026	-21.517703551782	3.5388053031766	1
X2901741	-5.02909942660435	-0.674730938881686	-1.45127533040416	-2.9030931573186	1
X2901742	22.6199607758712	-1.15038504473571	22.551727326727	1.21861849387983	1
X2901743	-20.3098305442634	-1.19617303576751	-19.5443748573096	0.430717348813674	1
X2901744	-31.0630581226951	1.71660849056673	-41.1501097270947	8.37044311383281	1
X2901745	29.780555135777	-1.02132345466126	35.8271444024351	-5.0252658119969	1
X2901746	15.159519201689	0.257694139814785	17.5959659142417	-2.69414085236748	1
X2901747	-27.5975388294645	0.67616072260979	-31.1887848907172	2.91508533864292	1
X2901748	-2.77514755216666	-0.385628933642274	3.20882670452151	-5.59834532304588	1
X2901749	2.03196060461346	-1.41153643507956	13.2725679123831	-9.82907087269019	1
X2901750	-23.0644423296845	-0.16446553269105	-15.9938138476153	-6.90616294937799	1
X2901751	-8.05911862522415	-0.16446553269105	-4.62854260607995	-3.26611048645301	1
X2901752	55.2835594638643	0.112246172991254	50.2919086521065	4.87940463876648	1
X2901753	6.5546355192465	0.953091771715104	7.28225633916319	-1.6807125916318	1
X2901754	19.4901274901332	-0.967711804993255	27.1906677077378	-6.73282841261141	1
X2901755	21.745690177724	-0.994090095733883	29.7278236720772	-6.98804339861945	1
X2901756	-41.6541536694512	-0.902483894725514	-36.58321544768	-4.16845432704549	1
X2901757	-59.4021219490512	-2.97207972102485	-49.5012698395306	-6.92877238849573	1
X2901758	-27.3933726546868	1.3326307140868	-39.3850505766457	10.6590472078721	1
X2901759	-15.6562306874632	-1.47610112207142	-19.6636240583663	5.48349449297462	1
X2901760	-10.9954664580829	0.679853812320621	-21.7787302677991	10.1034099973956	1
X2901761	-6.48260821877702	0.0270769105544455	-8.85269199035728	2.34300686102577	1
X2901762	-21.156487698398	0.0270769105544455	-22.1278086189129	0.944244009960462	1
X2901763	-28.4421837729492	-0.365201159668531	-28.021648042763	-0.0553345705176149	1
X2901764	-34.4446333880309	-2.10784624935839	-30.9221732107089	-1.41461392796365	1
X2901765	38.5017271950572	-0.16077244298022	39.3734926934512	-0.710993055413831	1
X2901766	-33.8899924479969	0.0270769105544455	-34.7284894665356	0.811420107984313	1
X2901767	-11.5256268524084	3.4665133251598	-27.8068313163142	12.814691138746	1
X2901768	-5.05520405492586	-0.356900865925492	-3.98564915984007	-0.712654029160315	1
X2901769	-33.6856453561024	0.67616072260979	-30.7001929358997	-3.66161314281245	1
X2901770	-28.4778662240842	1.79393737043895	-35.0284683505979	4.75666475607477	1
X2901771	-6.30595134863857	-0.854259124783603	-4.60408638452147	-0.847605839333464	1
X2901772	-25.0595089082375	2.05339594647741	-35.4249418580267	8.3120370033118	1
X2901773	-19.6015731482534	1.20640497472939	-22.6362019446119	1.8282238216289	1
X2901774	23.0946916283448	2.05339594647741	9.21938394929841	11.821911732569	1
X2901775	-25.3593370279403	2.52480403524097	-33.2489819640712	5.36484090088998	1
X2901776	26.0754740645564	1.71660849056673	26.1231214991151	-1.76425592512546	1
X2901777	4.39060983342948	-0.033296344026333	5.51668405592266	-1.09277787846695	1
X2901778	-21.2571864872428	0.699778568700817	-15.2595313615716	-6.69743369437205	1
X2901779	34.2037963964581	-1.93767149682496	39.1173741428633	-2.97590624958038	1
X2901780	-10.0526411764244	0.679853812320621	-17.4698399267858	6.73734493804073	1
X2901781	-13.885110745676	1.71660849056673	-16.8551462949841	1.25342705874145	1
X2901782	-18.1503598551778	0.679853812320621	-21.9575880059529	3.12737433845455	1
X2901783	0.379651472257052	-4.30732071756285	2.4655055795039	2.22146661031604	1
X2901784	-11.038314974824	0.44390534192685	-23.3221282227926	11.8399079060418	1
X2901785	0.62795352055393	-2.10784624935839	7.23381211091789	-4.49801234100552	1
X2901786	-9.04924572162987	1.36773305144974	-10.2035540891003	-0.213424683979306	1
X2901787	-10.4845583269711	-2.13256493322516	-2.95742179783336	-5.39457159591263	1
X2901788	-16.4992263541301	-1.2705819126399	-14.8698057707078	-0.358838670782366	1
X2901789	5.83612690226431	0.0923048208221864	5.36651603122007	0.37730605022216	1
X2901790	-2.22015987532431	1.2503268568764	-0.134787642986097	-3.33569908921446	1
X2901791	-13.9934806484169	3.4665133251598	-20.5829440435746	3.12295006999817	1
X2901792	34.0037152382009	0.908412945892494	41.2198017276087	-8.12449943530036	1
X2901793	-20.3881100621066	2.05339594647741	-28.4452470412713	6.00374103268728	1
X2901794	23.5814942788467	3.4665133251598	6.15608963374242	13.9588913199446	1
X2901795	26.8118048508184	-0.088005057366795	28.845181335059	-1.94537142687387	1
X2901796	-2.0876609522242	2.05339594647741	-2.72256309200467	-1.41849380669681	1
X2901797	2.35403114936409	0.953091771715104	2.23997326019782	-0.839033882548863	1
X2901798	-19.4846679236689	1.71660849056673	-24.5303490701085	3.32907265587288	1
X2901799	8.36035692126038	4.10955549005332	3.87971105998488	0.371090371222252	1
X2901800	-37.7800871358902	1.79393737043895	-45.839136228316	6.26511172198689	1
X2901801	-3.54124488756371	0.94312109563057	-14.6555766429736	10.1712106597793	1
X2901802	7.36103132957511	2.73905884150507	1.76416456965428	2.85780791841576	1
X2901803	5.51099711904763	-0.378242754220614	3.04707272387964	2.84216714938875	1
X2901804	-36.3747008182002	0.405425252086059	-36.140271656066	-0.639854414220227	1
X2901805	9.54816190181992	-1.19617303576751	10.0254303755253	0.718904562061877	1
X2901806	8.81497632304472	2.05339594647741	11.0132157943668	-4.25163541779967	1
X2901807	-3.88806610642584	0.959869610075355	-1.02984900366492	-3.81808671283603	1
X2901808	-1.12198681309167	-0.854259124783603	8.47152318202425	-8.73925087033221	1
X2901809	10.9360906679314	-0.16446553269105	11.9979410417947	-0.89738484117222	1
X2901810	-15.1999701419324	-0.385628933642274	-12.8085338751966	-2.0058073330934	1
X2901811	-12.8240598937548	-0.385628933642274	-14.6983892695692	2.25995830945691	1
X2901812	-8.80326181619591	0.187236048611471	-7.50936854988229	-1.48112931492504	1
X2901813	-6.66089488844231	0.573552829343412	-10.875315642104	3.6408679243184	1
X2901814	49.8238490731009	0.94312109563057	49.0108287998083	-0.130100822338034	1
X2901815	-36.1149424932777	-0.088005057366795	-33.5737484994931	-2.45318893641774	1
X2901816	45.0972609404031	1.36773305144974	36.7986837327054	6.93084415624784	1
X2901817	26.5302087862376	0.94312109563057	35.5598918998342	-9.97280420922719	1
X2901818	-31.4208062279788	-0.385628933642274	-29.9393731460212	-1.09580414831521	1
X2901819	-3.37989863298927	-0.088005057366795	-8.04059343510447	4.74869985948203	1
X2901820	15.4663819840044	-2.35735039392725	16.6140076399544	1.20972473797714	1
X2901821	45.5256344011731	-0.723803304248121	51.9859582467773	-5.73652054135608	1
X2901822	-12.3597545994159	3.4665133251598	-23.3224034687589	7.49613554418316	1
X2901823	-19.5089412236979	2.52480403524097	-23.3806792894699	1.34693403053101	1
X2901824	-13.2368021969716	1.3326307140868	-19.2188360141387	4.64940310308026	1
X2901825	-16.8345883317186	2.73905884150507	-24.0839062017359	4.51025902851214	1
X2901826	6.46897105254188	2.05339594647741	-6.0317137409883	10.4472888470528	1
X2901827	-36.0154736430442	-0.846473873555008	-40.653292977579	5.4842932080899	1
X2901828	-45.9645191355569	-2.42242891783196	-50.0859767857512	6.54388656802628	1
X2901829	-25.5567977772912	-0.408462497534021	-30.8657217299465	5.71738645018927	1
X2901830	-22.1988657577428	-2.3377533373547	-18.3452309585995	-1.51588146178854	1
X2901831	-40.867422260955	-1.20948233490026	-45.3533726088914	5.69543268283673	1
X2901832	-37.6993312762943	-1.93767149682496	-38.5250766338851	2.76341685441586	1
X2901833	-2.13743303139098	-0.088005057366795	-15.8210293829078	13.7716014088836	1
X2901834	-20.8616780836216	2.00972929889281	-25.2678077956441	2.39640041312958	1
X2901835	2.71356934331784	0.908412945892494	-3.95017688707296	5.75533328449841	1
X2901836	-9.43305399231869	-0.902483894725514	-10.8497610262113	2.31919092861826	1
X2901837	11.6486199443912	1.20640497472939	5.16541827938551	5.27679669027644	1
X2901838	-30.9501030800619	-4.81846408928049	-27.1729576750613	1.04131868427985	1
X2901839	-18.2906462403939	0.191094149591999	-33.8934709309023	15.4117305409165	1
X2901840	13.7404677466361	-1.3843167009682	19.5029722737266	-4.37818782612248	1
X2901841	-39.3467943661606	-1.99961452310267	-38.0681798313141	0.720999988256101	1
X2901842	-46.3416702947004	-2.4059500392616	-35.3369591299586	-8.59876112548014	1
X2901843	-21.2165482159619	-3.47898264398696	-14.5376058924351	-3.19995967953995	1
X2901844	-19.220668472227	-1.56522007450385	-15.6750846682794	-1.98036372944388	1
X2901845	4.23934846956398	-4.70348456072376	16.7478613835854	-7.80502835329772	1
X2901846	-18.567825831677	-1.10058363453306	-19.5553264420004	2.08808424485638	1
X2901847	-25.9339767370188	0.640278567795015	-30.0532370368005	3.4789817319866	1
X2901848	-17.7451095043081	0.640278567795015	-28.0632929835956	9.67790491149258	1
X2901849	-14.2486234711875	2.05339594647741	-19.6085593179346	3.30653990026973	1
X2901850	-26.4143094314563	0.67616072260979	-40.1932909315858	13.1028207775197	1
X2901851	-9.83570478202667	-0.723803304248121	-22.4447205048097	13.3328190270312	1
X2901852	20.0007654120379	0.257694139814785	16.5255394262298	3.21753184599337	1
X2901853	-21.8879893402985	0.67616072260979	-22.5746924395544	0.0105423766461763	1
X2901854	21.5725247902752	0.257694139814785	23.5915307448262	-2.27670009436575	1
X2901855	-20.4463875850103	0.145916470490189	-25.368959081793	4.77665502629259	1
X2901856	5.46681087180203	-2.26551534334765	11.6222556714975	-3.889929456348	1
X2901857	-9.75728731169687	-0.16077244298022	-10.1712016482714	0.574686779554796	1
X2901858	-10.2588486924865	-0.378242754220614	-11.799128942274	1.91852300400817	1
X2901859	13.4861209789777	0.257694139814785	5.87124930699871	7.35717753216427	1
X2901860	-14.7307675532224	1.71660849056673	-19.0262095233253	2.57883347953599	1
X2901861	-2.92888728032269	-1.18312340980537	-12.4267769590208	10.6810130885035	1
X2901862	2.5582709852485	0.67616072260979	3.89568292030904	-2.01357265767031	1
X2901863	1.22796605242161	0.94312109563057	2.02695485893968	-1.7421099021488	1
X2901864	-46.3153852467758	0.0923048208221864	-49.9752516442413	3.5675615766433	1
X2901865	-25.954604600434	-2.65407938404195	-14.2815749619041	-9.01895025448791	1
X2901866	1.79774561937383	-2.65022282785169	15.3222331379804	-10.8742646907548	1
X2901867	-29.4324357584137	-2.39119392963623	-28.1826152588017	1.14137343002417	1
X2901868	-11.8125874388018	-2.10784624935839	-5.02109265050608	-4.68364853893733	1
X2901869	-20.471392584783	-4.00637976351652	-4.2123940041355	-12.2526188171309	1
X2901870	-26.2808876371844	-2.4059500392616	-14.6649960681338	-9.209941529789	1
X2901871	-37.5482147726812	0.94312109563057	-44.3338684429547	5.84253257464294	1
X2901872	-1.77460970084984	2.05339594647741	-8.28278709570636	4.45478144837908	1
X2901873	12.2126468218075	0.191094149591999	6.55701622141199	5.46453645080361	1
X2901874	-23.9513359781646	0.908412945892494	-24.6526776634879	-0.207071260569211	1
X2901875	-12.8179441830983	2.82347116026628	-17.2005505220861	1.55913517872142	1
X2901876	-19.725903697597	1.36773305144974	-26.7553025342327	5.66166578518592	1
X2901877	29.7417039346019	-0.154391130744173	28.8319274210675	1.06416764427844	1
X2901878	24.7780304059181	-2.83137579774858	32.0978649538438	-4.48845875017702	1
X2901879	-2.83360758795422	-1.35960155112945	3.91812264766494	-5.39212868448971	1
X2901880	17.538549617349	-1.82892220775959	28.467597796246	-9.10012597113735	1
X2901881	-8.5022931279493	-0.301011166406201	-9.12130631106902	0.920024349526012	1
X2901882	12.0135388361468	3.4665133251598	-6.22989415725188	14.776919668239	1
X2901883	-9.27929216946071	0.640278567795015	-19.3523870243048	9.43281628704913	1
X2901884	-4.31913308404885	2.05339594647741	-6.78541737668061	0.41288834615431	1
X2901885	-9.89577050372634	0.640278567795015	-8.97428346217115	-1.5617656093502	1
X2901886	28.3483124720419	3.4665133251598	16.0381092706298	8.84368987625216	1
X2901887	-3.39686128073848	0.257694139814785	-3.66238745184077	0.0078320312875475	1
X2901888	-10.0769546106207	0.169633700694407	-24.1575639825344	13.9109756712192	1
X2901889	-29.3547651637642	-1.99961452310267	-24.5029908247948	-2.85215981586688	1
X2901890	-40.5978758911452	-0.437703492085534	-42.3010301182435	2.14085771918386	1
X2901891	-3.39001460675834	0.257694139814785	-5.95422098324482	2.30651223667164	1
X2901892	-4.95868613177048	-0.902483894725514	-4.82089863635101	0.76469639930616	1
X2901893	-0.406489601760256	1.19300083930128	-7.63356842185267	6.03407798079111	1
X2901894	11.5177389629829	-1.19617303576751	16.3692946214031	-3.65538262265266	1
X2901895	-25.210746468795	0.123161875765727	-29.2253923074157	3.89148396285486	1
X2901896	-39.0173878082716	-0.365201159668531	-40.4685744514368	1.8163878028337	1
X2901897	1.19375898205628	0.198456789665211	-1.96293012592507	2.95823231831617	1
X2901898	-31.5756111077715	-0.406050579798162	-44.1912398742947	13.0216793463213	1
X2901899	-12.5603012837394	-1.08116448520291	-7.581222220033	-3.89791457850344	1
X2901900	-18.1339661865555	0.0350747198890069	-20.8680648238184	2.69902391737395	1
X2901901	-24.2169885837644	0.275634782945628	-28.0546348403277	3.56201147361758	1
X2901902	2.73541471809855	-0.427732816001	8.51794725918439	-5.35479972508475	1
X2901903	12.6025860442817	-0.437703492085534	16.0919706702168	-3.05168113384967	1
X2901904	7.44134397849736	0.187236048611471	14.1037922585006	-6.84968432861475	1
X2901905	-37.2604180202339	0.257694139814785	-40.9913032391148	3.47319107906612	1
X2901906	-35.2562187663611	-0.994090095733883	-28.18893765569	-6.07319101493727	1
X2901907	74.5331237800709	1.79393737043895	78.1462532317562	-5.40706682212417	1
X2901908	12.7478058966216	0.953091771715104	14.8143182384071	-3.01960411350075	1
X2901909	-5.41648645098937	0.112246172991254	-9.47965855430275	3.95092593032216	1
X2901910	-16.4352732385629	0.257694139814785	-20.8421953442023	4.14922796582466	1
X2901911	5.53159444879893	4.10955549005332	-1.8119347653895	3.23397372413545	1
X2901912	-15.9438358835252	2.73905884150507	-16.8233666808894	-1.85952804414093	1
X2901913	-17.3854643315417	-2.83137579774858	-7.58399658169608	-6.97009195209697	1
X2901914	6.34634577747724	-2.26551534334765	12.9727642389124	-4.36090311808757	1
X2901915	12.5566124312231	-3.49572446536158	21.0018025369639	-4.94946564037917	1
X2901916	2.13317606023929	0.0923048208221864	-9.82562841234012	11.8664996517572	1
X2901917	11.3993876691627	-1.02132345466126	14.9998515650674	-2.57914044124327	1
X2901918	-0.723347157580193	-0.16077244298022	1.47414695580816	-2.03672167040814	1
X2901919	-18.6275233163406	1.06307070563693	-23.892695391872	4.20210136989444	1
X2901920	-1.69397178184836	1.79393737043895	-2.61821885234652	-0.869690299940872	1
X2901921	8.71889948540786	0.640278567795015	5.51933954345532	2.55928137415751	1
X2901922	-17.4171522214384	-1.3843167009682	-6.93676796282627	-9.09606755764396	1
X2901923	-6.69305686907632	0.953091771715104	-3.92650180951865	-3.71964683127276	1
X2901924	-21.7169351885112	2.05339594647741	-23.0019373869824	-0.76839374800627	1
X2901925	-17.8981453076405	1.71660849056673	-21.5572482516987	1.94249445349144	1
X2901926	-18.1835871507933	-1.99961452310267	-10.8291292682939	-5.3548433593968	1
X2901927	21.083044744462	-0.16077244298022	31.0022218225931	-9.75840463515084	1
X2901928	16.1435402515141	-0.16077244298022	17.7136099734287	-1.40929727893452	1
X2901929	-16.5336514528483	-0.846473873555008	-20.3819563273543	4.69477874806111	1
X2901930	5.14106497685813	-0.16446553269105	9.9709809114829	-4.66545040193375	1
X2901931	-9.58203199165086	-0.16446553269105	-5.42885567554366	-3.98871078341605	1
X2901932	-29.2340424938478	0.908412945892494	-37.2457498630691	7.10329442332878	1
X2901933	24.5374239384899	0.0923048208221864	7.04549991213292	17.3996192055348	1
X2901934	-19.3593208332341	0.67616072260979	-23.8234313455222	3.78794978967833	1
X2901935	-29.2326250441282	1.36773305144974	-42.0855771531261	11.4852190575482	1
X2901936	-33.846230104764	0.145916470490189	-38.6316729776442	4.63952640238998	1
X2901937	34.7040839150098	0.67616072260979	24.9603299289994	9.06759326340068	1
X2901938	-43.3416071968403	2.82347116026628	-58.6851605314871	12.5200821743805	1
X2901939	4.28354363942859	0.640278567795015	-3.23017379963807	6.87343887127167	1
X2901940	-18.1236110988213	2.05339594647741	-30.3480764851182	10.1710694398197	1
X2901941	-7.71589931001793	-2.4059500392616	5.95396684960185	-11.2639161203581	1
X2901942	-9.21204689411105	-4.81846408928049	3.99264823528653	-8.38623104011711	1
X2901943	-10.5192138966247	-2.54638473517555	5.0108662138766	-12.9836953753258	1
X2901944	-21.051191780421	-1.18312340980537	-22.5783613513827	2.71029298076711	1
X2901945	15.8590909161756	-1.41153643507956	25.5596023980182	-8.28897504676312	1
X2901946	-24.0481749967462	0.187236048611471	-27.84233176942	3.60692072406244	1
X2901947	22.8445619309561	0.94312109563057	24.8385903006513	-2.93714946532586	1
X2901948	57.5441572062667	2.05339594647741	54.3130094883112	1.17775177147805	1
X2901949	9.49870969974008	-0.723803304248121	13.5745390971206	-3.35202609313247	1
X2901950	7.43973154143868	-1.00664526848129	9.48737071889636	-1.04099390897652	1
X2901951	-6.36628967012672	0.67616072260979	-10.7744810857924	3.73203069305587	1
X2901952	11.1556022014359	3.4665133251598	-1.20376536822222	8.89285424449843	1
X2901953	-21.0340024907926	0.257694139814785	-34.7275122604773	13.4358156298699	1
X2901954	9.69426279650285	-0.862814226004441	12.4930900921445	-1.93601306963729	1
X2901955	-5.91030995024556	0.927787433582422	-10.4672733030048	3.62917591917699	1
X2901956	29.4624464476585	-0.451912523327312	23.4958167451175	6.41854222586817	1
X2901957	-28.1304174830658	1.36856219295682	-28.583238654767	-0.915741021255656	1
X2901958	-45.2444970783335	-0.16446553269105	-52.0584154330074	6.97838388736498	1
X2901959	-31.9538319331029	-2.10784624935839	-20.725532615887	-9.1204530678575	1
X2901960	9.63168455923233	0.0923048208221864	6.29697141238709	3.24240832602296	1
X2901961	-24.1686136765274	0.187236048611471	-27.9074718173234	3.5516220921846	1
X2901962	-31.4051892561346	0.67616072260979	-27.3480187916674	-4.73333118707701	1
X2901963	-9.02693583616028	0.908412945892494	-2.33155602239489	-7.60379275965793	1
X2901964	-30.0319484170674	-0.994090095733883	-27.4761814424348	-1.56167687889858	1
X2901965	10.5184472791268	1.36856219295682	6.02559856344106	3.12428652272899	1
X2901966	-15.8020339348854	2.05339594647741	-18.8764015883923	1.02097170702959	1
X2901967	-21.3906165200477	0.198157019030439	-28.0496995760659	6.4609260369877	1
X2901968	4.92668167505016	0.187236048611471	12.1278846624962	-7.38843903605735	1
X2901969	2.75995744368902	2.73905884150507	-14.192648108941	14.2135467111248	1
X2901970	-20.0171820020474	-0.16446553269105	-24.0195141706637	4.16679770130741	1
