<Trait>	Trait_1_H2_0.9	Trait_2_H2_0.9	Trait_3_H2_0.9	Trait_4_H2_0.9	Rep
X2924371	-25.1908310677004	0.874433894826522	-26.0738392160128	6.64599032364055	1
X2924372	1.6900446661659	4.4179655292545	-0.542854524925526	3.50609927228767	1
X2924373	-8.16578457655872	-0.868930604610547	-4.54731798578204	-8.08570470234271	1
X2924374	22.1211709147335	-0.10085250280414	27.2981973151738	-6.64206137919855	1
X2924375	6.34634080828044	-0.703358425973578	-7.71258234194611	8.66905725262048	1
X2924376	33.1500781602471	2.00818298776073	28.8023367735272	-1.2480809926937	1
X2924377	-15.352206202941	-0.278053012020051	-22.1070425409187	3.37250410686371	1
X2924378	-14.6234667967046	-3.15104750667379	-14.9660177586527	-6.04268177701862	1
X2924379	-26.1364207267025	-3.88142020363696	-29.223659711556	0.631787073151636	1
X2924380	24.2132014613909	0.988938601784491	8.27193486229989	8.52636770779834	1
X2924381	23.5420626804053	-2.61871328450798	13.640299530594	5.30755127343918	1
X2924382	-26.2667307979503	-4.26117335087894	-18.8995923310591	0.480062746086897	1
X2924383	5.65871197214596	-0.801306258939691	10.5839978597579	0.424525203729217	1
X2924384	-4.90058385530019	0.587083471332698	-17.4889511472996	8.27383562101241	1
X2924385	0.598214638226243	-5.27315751335247	-7.30246909812223	4.04571015832096	1
X2924386	1.43439547593471	2.20044371320793	-1.28164743175663	-4.1201668922155	1
X2924387	-1.86234603937092	1.41463481402541	-5.84395641836057	10.5136041599979	1
X2924388	7.98431986330763	-0.517300634678706	5.61629517946829	0.910456971814605	1
X2924389	-8.446271008352	-1.34755583408135	1.13565621386072	-12.1343417436019	1
X2924390	-9.64693211534552	4.29200193988152	-18.5155945821141	4.74945867051461	1
X2924391	31.2748442475872	2.41409855454819	41.4402439468804	3.24450493076504	1
X2924392	-7.63832066392587	-1.77868209634743	-3.39028099257689	-10.5368718580393	1
X2924393	-11.4654316866086	1.65232015602128	-17.0771615309442	1.89971964023811	1
X2924394	27.5805152043955	-0.955017505136782	41.8788433999938	-5.59169228342414	1
X2924395	15.3726519536816	2.49090301805378	14.3771542929507	-0.829140930138627	1
X2924396	-24.0180366645785	-0.334109714184134	-6.04624923311272	-6.8303490932959	1
X2924397	33.4846669086246	1.05031932927677	40.0053317597722	-1.16088509589771	1
X2924398	-33.9486676320672	-0.0881517650568438	-25.3283387787553	0.458221521515374	1
X2924399	-3.14868513560848	5.59305947054726	-13.8888437857488	10.2253400606536	1
X2924400	-5.57449801843157	1.11946472373005	-0.566823467203072	-0.86024742059557	1
X2924401	16.2877673443403	-0.264916509307946	25.8949981415081	-6.62658581515398	1
X2924402	13.938545535483	1.65357371908861	9.50676615309947	11.3831288124127	1
X2924403	25.29000800889	0.161743638205417	19.9297797625793	-0.87367318995564	1
X2924404	-1.83212310785813	3.67267462422791	-8.89200783985241	3.22912161646831	1
X2924405	30.6254829380985	0.242890886090574	32.5657050405521	-1.58857570996465	1
X2924406	3.63552589482581	-1.07635189908767	17.5834447902534	-3.16574127301149	1
X2924407	-5.78928160110736	0.534681913573572	6.30124805568601	4.25637717887371	1
X2924408	43.1088559594563	3.60903359527055	13.5034556162828	16.063041918335	1
X2924409	37.6168767635613	-3.49823411905335	39.179685456617	-0.341481044891275	1
X2924410	3.16915211852629	1.0695838595419	2.01198558175903	1.54916263261867	1
X2924411	12.6198016762253	-1.65316373388752	3.69328421479259	8.35511062458778	1
X2924412	-21.0706034610324	1.15497040657138	-12.7540530335029	6.68548278447486	1
X2924413	-20.0936911305536	-2.94749524697946	-8.76269040902918	-3.60549272729894	1
X2924414	4.89300242002933	-2.35946323924355	8.67799908227473	-11.3263217277545	1
X2924415	17.6891258069371	-1.08935846026724	13.0849001001596	2.19332903097769	1
X2924416	7.90854772800042	-0.875269365432392	-2.03614339203866	7.51631534441587	1
X2924417	52.8664379326673	4.44623815597703	32.3783209099818	-0.847713690810094	1
X2924418	9.6895314817854	1.43177985231353	1.61297650189028	4.33433647314135	1
X2924419	-11.4860686583038	-4.72424597147459	-11.1257662090655	2.63709113041742	1
X2924420	12.0377043460104	-3.69168132858011	2.01917068874014	3.99403782680722	1
X2924421	-28.5253557840695	-0.967530786565175	-39.8867318980435	17.836885879377	1
X2924422	-26.6729606922786	-3.22288224599146	-36.3208672904787	8.45799142018571	1
X2924423	-12.8733344424737	-1.46202354805106	-10.8031060236412	-2.80325186008314	1
X2924424	19.6886849546265	-0.0719630494452554	-6.87653469323046	8.46490564350216	1
X2924425	25.3971266436439	-1.86693586102532	19.1412174614823	14.2155458830447	1
X2924426	-20.4408762579955	-1.06743020191139	-25.9553295898833	2.23481524114291	1
X2924427	-5.16029310047615	-0.240552806271519	-9.69683493746013	2.68679487478186	1
X2924428	-24.6506713832846	-0.286040364709552	-27.9636346321115	5.11534035868714	1
X2924429	-46.7650441867622	-3.00310927340039	-59.3502749230928	2.32096032765174	1
X2924430	-15.1203045200518	0.245343679425303	-11.2833594830377	11.7081063606066	1
X2924431	20.7309619282874	-1.97653106541532	10.910626312547	1.01226739952264	1
X2924432	-15.2862663804194	4.49544761166444	-31.6512583729189	2.38959550767841	1
X2924433	-10.3311155871474	3.04146707470133	-25.7910617766965	13.2445212222845	1
X2924434	-13.7187049388146	-1.45431269425829	-20.5941359148553	8.48487857126001	1
X2924435	-14.0336111084927	0.961473623372385	-23.356547973448	5.07950911665985	1
X2924436	-35.0729072805038	2.00280772248724	-37.3989712959474	12.1969336420622	1
X2924437	-12.6467970099833	-0.649384122703139	-27.5067839372144	9.80536965816923	1
X2924438	15.2145325233781	-2.27207460660917	4.12967745006292	10.4054121291528	1
X2924439	21.6105179189038	3.9350460462107	-6.38488611266373	15.6401238774252	1
X2924440	22.4215773701702	-1.25420179640946	-9.94449347153958	14.0478931020665	1
X2924441	6.62812755874812	1.39837576457074	14.8938151498688	9.86849626850455	1
X2924442	-26.5754024561747	-1.93179613427144	-27.8510543156679	12.0325617179724	1
X2924443	-33.2264149735101	-0.329033690540788	-42.7789796966919	10.8764023178152	1
X2924444	12.9033550287114	-1.56679355602979	17.7569048043883	8.86344603676455	1
X2924445	-21.6159327262109	0.836225622798296	-25.1458710651052	-0.429404312745196	1
X2924446	-11.098187296546	0.384353567078237	5.761571289481	-13.3219829674448	1
X2924447	-26.1977260803403	1.9541832880044	-23.2330673388199	-12.7301451891722	1
X2924448	38.0838908964402	1.31026438573904	19.5097719332593	-2.34720469524934	1
X2924449	-17.808066426039	1.18592947534461	-4.30648623826648	-8.68052901542858	1
X2924450	-43.2202485837941	2.1848161589005	-36.2949196674172	-3.25401091919365	1
X2924451	-21.3034792508515	-0.586789341046898	-16.4097634871026	-10.9607139025246	1
X2924452	6.6213485498483	2.84387141105047	5.60412324842948	-0.093301602272291	1
X2924453	-1.04181378386116	-0.70202144390769	10.7891585370753	-4.27216206659193	1
X2924454	43.8569209445175	-0.454039550660312	25.4197277490857	-4.83404886892544	1
X2924455	-43.8431195737443	-0.64079556758243	-43.3393489379849	1.1172162778606	1
X2924456	35.3908177052887	0.522348269852105	21.1071435139279	2.92654775828038	1
X2924457	7.43113494150867	-2.51120283576407	20.1652226354187	-9.30348266130655	1
X2924458	20.2460110786704	-1.11779192699689	18.2121985319905	-4.34093185437785	1
X2924459	-20.3313356078471	-5.01228475334614	-15.2448442881027	-4.10023763250126	1
X2924460	-20.1287256248099	0.311722087499208	-15.9091673080189	6.08175188832725	1
X2924461	-11.4477824595735	1.90800609735472	-27.7964158545501	7.15427636985547	1
X2924462	-7.25668645169913	1.4501387684759	-0.343626114662365	0.571709356709956	1
X2924463	-20.7910090773412	0.337231170422293	-39.0529166945517	2.72001256466427	1
X2924464	30.3579381791675	-2.9140317442202	23.1115119220948	1.39852257275492	1
X2924465	-22.2044348999287	-0.645221612166522	-23.8928674117914	-1.68701263206989	1
X2924466	10.897323651805	1.00106790490683	9.90333881218451	4.32298052564686	1
X2924467	-24.0179163489641	-0.58891872462002	-28.9384531842704	6.08213884484013	1
X2924468	-17.4352287612096	-4.08733110635489	-27.4672246204124	-3.27663162107026	1
X2924469	-12.8379765961153	2.68122262861755	-7.4770665270319	5.34023836212221	1
X2924470	-14.5143026597108	-1.70656683126831	-5.3438494725095	-2.870020106588	1
X2924471	13.8652623304324	1.08664812914202	-21.1067679875407	8.2579204038345	1
X2924472	28.4658448011768	-0.954472269937205	38.7358203326609	-10.5844307987437	1
X2924473	7.50429029412038	0.789514584792806	27.2626907690006	-9.59528627394238	1
X2924474	-38.5172187079011	0.74111865892026	-34.5541043536579	-5.22761049343079	1
X2924475	-19.0708403372852	-3.90797371487969	-6.49531074723347	-12.239632930658	1
X2924476	3.66866335793837	-1.53328913438108	11.8755795541281	9.19464276790604	1
X2924477	-13.2194125031626	-0.858889179752895	-7.64573263922961	-9.02749033798693	1
X2924478	-22.5068485523353	0.996012651393532	-24.1361581653964	4.90057152277171	1
X2924479	4.08620774819488	-4.11969234308027	31.6193605495194	-4.53300828631846	1
X2924480	1.2937560467526	-1.9947732087863	6.92868800726222	-5.73683040805399	1
X2924481	-7.23034471138759	-4.09459821929009	10.8897173615801	-10.2870760106664	1
X2924482	-29.3824673764644	-4.95620848212298	-18.0073241804988	-3.26914125177063	1
X2924483	-4.35600573609157	-3.51137978601346	-15.1329876674303	-11.5523693689772	1
X2924484	-13.9020735167938	-0.546118992906546	-13.4427023701433	-0.518197873717953	1
X2924485	-22.0350158298665	-3.958381492861	-26.1704536428065	3.85420701882897	1
X2924486	-13.1411956623071	-3.06498846245845	-3.89438019681593	-7.487187135114	1
X2924487	16.0893106304769	-4.08702400033356	30.7018581346533	-5.37494115699748	1
X2924488	-10.3707900792957	0.904341821430191	-26.2540184598431	3.33431117984736	1
X2924489	12.2102690355228	-1.22968543044954	19.1721307013361	-11.6453408964939	1
X2924490	-13.3268004467374	-0.857378216893551	-32.370337656857	1.05687752756914	1
X2924491	-14.8086261165659	0.403533956628989	-18.9369305271402	7.63293732299709	1
X2924492	-23.5020774234974	1.2050543739178	-7.74831906772472	-7.9058650341466	1
X2924493	-20.157873275187	-5.28637716989412	2.12537328548868	-10.6756253051753	1
X2924494	-15.6065099550877	-2.39418830579284	-19.8488303529117	0.739524748146306	1
X2924495	-19.3194219461759	-4.5487040276704	0.109598794104016	-5.79995094662938	1
X2924496	19.0424735839729	-4.60538975832839	36.0021703409564	-6.94957906407355	1
X2924497	-6.97858146414431	-2.40787476552714	4.25101932423664	3.84869530882891	1
X2924498	11.1363842545126	-2.97880364398151	26.8206398842151	-12.195553375542	1
X2924499	-16.4367584595672	0.368696331390627	-16.7525492625651	-9.43832076377943	1
X2924500	-3.4647298268028	-0.841185944072411	-11.6232751495401	-2.47858147528717	1
X2924501	-0.876589488586159	-0.813537647050346	-1.86665027940413	-7.22454209213906	1
X2924502	13.8553802925995	-0.269509968204576	25.2027334314807	-0.608053498178519	1
X2924503	13.8589286638227	-3.01628296590247	33.5397896439497	-8.6384931118865	1
X2924504	17.5265079658883	3.99222424440653	17.2226477856654	-2.69583299045369	1
X2924505	5.04882167579438	1.82773401260942	-2.61625104016956	-2.60203750123428	1
X2924506	-14.556559417868	3.06564528224159	-25.2117830646385	0.269029218408974	1
X2924507	-19.428067486561	-0.120293949197031	-27.7230344115733	5.95010934594029	1
X2924508	10.5619814712838	3.72511853208018	17.3812548620706	-2.0193914919578	1
X2924509	-18.3766144843149	1.13370697925539	0.776876940840983	-15.2382241941958	1
X2924510	15.8861242722142	-4.66921345937544	16.2363086592523	-1.73047677095266	1
X2924511	-3.6483422804727	1.10098188351389	-24.6257211023776	-0.124647171712478	1
X2924512	23.5764409464996	-0.121581191864356	13.906640416424	1.43549742543263	1
X2924513	23.9740128917761	0.124868228119941	-0.374680077061189	11.0006081613868	1
X2924514	18.2978933029802	3.19684404510622	3.14572257456759	0.389821133194132	1
X2924515	19.8564073370472	-1.11752004334536	3.99310400633679	12.4904851516319	1
X2924516	-6.97640910333762	4.83874906686277	-28.6389213245299	12.0285318677501	1
X2924517	-1.43959648287938	0.315487043649038	-11.4691436265951	-0.787320571631523	1
X2924518	22.8813342376186	4.59569555166429	-0.370190746505444	6.61128110189226	1
X2924519	-17.6150798359536	3.36037682973684	-31.1714950501655	9.69233301929956	1
X2924520	-18.7217443960729	1.50229696061119	-13.52783007141	1.57252480627438	1
X2924521	-4.42537869008796	4.31063743606755	-12.1139047349162	9.03838968855278	1
X2924522	16.8926432146885	3.71022083790245	-3.97892257102985	5.87567005357504	1
X2924523	19.0119609431965	2.90565798542631	2.96984088922713	8.99420000834357	1
X2924524	34.0295732530855	5.1336403256479	2.93040533746238	12.4224407426596	1
X2924525	18.9962066597222	1.22092423414025	13.7194610692156	-2.78281700362146	1
X2924526	-13.7164007803254	4.52933154994554	-21.9028078663409	1.26808723838376	1
X2924527	4.19981521390747	0.129153380196185	0.550549587787435	0.615943897020341	1
X2924528	14.2171450681812	3.38199913539665	-1.140788493476	18.6697780958918	1
X2924529	4.17040088600902	-0.635381831619533	0.449855900502589	2.57671851482597	1
X2924530	-8.57109945587698	-3.72978375182527	-9.02587970130234	-7.15366916624067	1
X2924531	55.3143319309026	-0.0494511523157116	51.5986261202638	-4.70909965595254	1
X2924532	42.7461610896911	0.000677590456997446	25.6183848386306	10.2883891013631	1
X2924533	12.8351983698115	-3.24932173285337	17.6995614780175	-1.76062601583048	1
X2924534	15.798125367692	-1.42380773260279	31.6293409328638	-10.0769788570128	1
X2924535	-5.78489228390936	0.651057643858528	-1.63498702360153	12.3210303786205	1
X2924536	2.09534095290469	1.80172560009738	11.6288312231274	-3.79184359270654	1
X2924537	-33.7580062300923	-1.27198943864569	-21.7245638770034	-4.6251757916849	1
X2924538	44.7009677824731	-0.0403724398564017	56.7742233928949	-1.12017997716566	1
X2924539	17.5088384706321	0.515287315252719	8.58831377617384	10.7493649644334	1
X2924540	-37.7063086349051	1.4684227308111	-29.0858110846784	-0.846369031597059	1
X2924541	16.1387175178714	-2.62247476712502	27.4054658645087	2.54340946864752	1
X2924542	1.27182515011541	-1.01802884541482	11.6337109224131	-2.58177621760183	1
X2924543	17.0736228871375	-0.519459142902558	3.92377404990267	3.14491879195584	1
X2924544	-35.0315189016782	-2.48398232789141	-27.3687265215294	8.72290586146276	1
X2924545	16.1351911873187	-2.93003183085632	25.3885653785312	-6.53093617357609	1
X2924546	-18.3435050191632	-1.27801523634289	-7.17964935424171	-2.66688002496083	1
X2924547	17.9679730305836	-2.4416202239685	21.2776082389318	-4.47049682317896	1
X2924548	35.4927865962112	-0.413099359211572	29.1642279060327	0.504578288143364	1
X2924549	13.1290233294816	-4.72866124349599	38.1321230944884	-3.44946325210863	1
X2924550	-23.3694952226711	-0.843164753109566	-26.3509149330318	2.78067139052064	1
X2924551	37.1602378401657	-1.69802485655147	43.1078116583543	-6.08041227902165	1
X2924552	-18.3444059408156	0.1638725767173	-14.5728852864525	3.59393128917737	1
X2924553	-53.2344218537976	-2.30370120942322	-68.8759935952654	6.75136874340676	1
X2924554	-14.6774317890486	-4.36135816867767	-3.17019542990549	3.08778326343126	1
X2924555	7.97246615249345	-0.936613077300166	9.95598259597387	4.24981145275569	1
X2924556	9.90721402903756	-2.97343667331851	18.687696312205	1.88334322832183	1
X2924557	14.7637853851602	-1.34246684542908	13.1071822715613	-0.265417754454494	1
X2924558	-29.2493566351344	-1.54216215199165	-26.6282334053176	0.533492831966447	1
X2924559	17.494249925043	-3.10835206915836	27.1529325736787	1.00339438105025	1
X2924560	56.9557215732132	0.782776314871978	42.6303274893593	6.97320093360187	1
X2924561	-39.0174802437534	-3.60730514666072	-34.2539725222038	-7.11207755910876	1
X2924562	-6.46461553069778	-1.4926148178254	-0.557582465492323	0.698141770266889	1
X2924563	-29.6380719662829	-1.8729873529541	-23.1144451434359	-9.77189118431472	1
X2924564	5.76489761613728	-5.16477599301766	19.5169897657938	-14.861843281918	1
X2924565	-16.0872304894373	1.73254822602244	-7.44226930999558	-5.37782957250963	1
X2924566	66.5811867571065	0.0680091408113959	78.391392729436	-6.72907101554817	1
X2924567	10.6042962958607	2.46833609818717	16.0487356054478	-3.49435012204166	1
X2924568	31.7504511981924	-4.15390676325218	63.8063362209121	-23.7877082771003	1
X2924569	12.7902754106781	-2.32195239625358	28.5936986889726	-12.2493914757244	1
X2924570	1.39103589802255	-2.01226402701286	7.57645446213934	-18.3968347885837	1
X2924571	-11.2770709254795	-1.21327585864223	0.102431918742283	-15.627474424419	1
X2924572	-11.4879497280611	-0.780496145138106	1.0952791576609	-6.86019311134355	1
X2924573	-20.8893137649011	-2.7719046473287	-8.67199549781724	-11.7157146982228	1
X2924574	4.59714098993955	0.852553295209576	-4.92728639638206	-1.09692828721223	1
X2924575	9.25452688594905	-1.16859227878693	5.43345280895614	-6.54950620792879	1
X2924576	-0.154089593601617	-4.6352031233151	16.6235886446627	-7.08944851791844	1
X2924577	37.6396800507005	-1.68398717798873	33.8009073818878	-4.74265447258074	1
X2924578	8.79249232407971	-2.40647883875016	14.6826067990207	7.64689992923203	1
X2924579	-7.83649091175645	-0.204608462344553	7.94974384043596	-6.78915071191076	1
X2924580	-13.4053852433161	2.62096115305387	-7.68185031862819	1.27366574566928	1
X2924581	4.8408087022437	-1.72511437630679	22.089672399569	-3.46663136549105	1
X2924582	-6.02222598509813	1.89163185825925	6.37433569113938	-13.3023761181908	1
X2924583	0.633986157937796	0.777270454984005	4.25757518064853	5.72609748662487	1
X2924584	-7.78414716953271	2.43350899231567	-1.09202396690175	0.184700021779894	1
X2924585	8.39733534877378	0.69264225899041	4.67179065646785	7.40147453405887	1
X2924586	-13.340130879189	-0.452298296195093	4.90164808738872	-10.5343693998364	1
X2924587	7.93656887038515	0.141817129367029	21.7855649139943	-6.29374609861117	1
X2924588	40.4356951634809	-1.04180603310957	36.5282049485728	-5.44464883274195	1
X2924589	-14.4328568991539	1.32711120424805	-25.6590351740134	2.20146811766873	1
X2924590	-20.8916174290632	0.251267256872993	-29.5212462773736	-1.85065078955345	1
X2924591	-16.0522681664842	-1.692655180269	-9.18865812899064	-3.93131898581356	1
X2924592	27.7338120930404	-0.249139065806243	9.50572666349274	5.98237059078825	1
X2924593	-11.7057946283586	-1.61118034596825	-6.9804514313252	-5.98360877463943	1
X2924594	-15.9126859028509	0.656724457045546	5.85887212746687	-2.91747835869335	1
X2924595	26.9797634263437	-4.77927211371902	35.7920776871789	-13.8265759563117	1
X2924596	29.940963466955	-1.12038483331003	53.6216487614692	-12.4427828182121	1
X2924597	-29.822789373681	-2.19109676802067	-12.7644939045195	-14.2499794506654	1
X2924598	-6.62362084343281	-0.188179676095418	-2.67952349461397	-6.41497411720131	1
X2924599	7.81328558228803	-0.743338476662622	13.7049182974699	-15.6137106405159	1
X2924600	-2.37482261817077	-2.3119132878235	7.77056293648199	-8.64598522578454	1
X2924601	-14.1705589948751	-3.71717398314979	0.295514172815061	-7.00301360006107	1
X2924602	-30.8982512497548	-0.611402262529186	-12.9372480745076	-11.4735719179922	1
X2924603	14.1419484933693	-1.48863733232345	45.2903072711257	-16.8756359643897	1
X2924604	16.0249285205753	2.38229875770493	14.79515606046	-5.59271118285798	1
X2924605	-43.2648922287827	-1.46964312117162	-37.5069846000684	-10.510554136034	1
X2924606	34.0383789973379	-1.39264925722039	43.4406316321494	-11.6711843786502	1
X2924607	-17.2134072812544	0.178467825964835	-5.90802434862184	-13.4418066536715	1
X2924608	21.0325715783215	-0.385732943715988	1.88225099683787	-4.39308699795108	1
X2924609	3.0630723291741	-1.6242344392568	27.3210737169744	-16.1719977501037	1
X2924610	-6.52097128530954	0.694386602006386	7.45776240055783	-14.0221491063148	1
X2924611	19.7556078152587	-1.51347344450049	38.3100552709855	-17.8393684996718	1
X2924612	2.33320828439692	1.35946780856812	-7.96836145112387	-2.49365017183964	1
X2924613	-17.9219240288035	-0.584167372715627	6.57711292771865	-11.6872887250797	1
X2924614	30.4527130575	1.42799041001079	39.8858696394912	-11.3852845801371	1
X2924615	14.1064597048456	-1.51647595525456	18.52355691202	-4.89546415009594	1
X2924616	8.95068374564178	0.485263972683855	16.9667586024222	0.0750873035644716	1
X2924617	-0.493651194266274	-2.1123350037911	13.4141081630393	-11.741808414883	1
X2924618	-39.5715417877832	-3.08544793431023	-44.712810068319	-4.35560233869658	1
X2924619	-22.8894372430554	-4.59690939108774	-12.0395654954544	-2.77045299195883	1
X2924620	11.5800674848692	-0.23568115367135	11.9911185189623	1.42527710351731	1
X2924621	-22.2143482508257	-0.804849042837076	-22.0710385921805	6.12934776820695	1
X2924622	-31.0457436295886	-0.697024514414696	-34.8245012383257	0.622079456503845	1
X2924623	-1.27582512206178	0.647897297406068	-0.561473816219417	3.98897765642593	1
X2924624	23.4877668837952	1.32057180734614	17.6557062698682	-0.290724590424119	1
X2924625	-6.95477020025834	1.68800745301275	-33.05774490934	8.89353604422513	1
X2924626	-6.66405345515949	-1.63315658089444	-4.37791059088475	0.310822545480093	1
X2924627	5.8007291830695	1.07771075600131	-1.76836225397332	11.9258369914939	1
X2924628	-14.1480328943816	0.684646234635968	-16.1775311871731	10.0645446699863	1
X2924629	-7.1496071938373	-2.15632940402787	1.93260985996811	5.1957294860432	1
X2924630	-20.4615452987546	1.81050540163625	-39.3627132548675	12.0784222617576	1
X2924631	16.8295491996463	-1.61457737516171	0.533685890241579	-0.830049377943991	1
X2924632	1.21699052641049	-3.68949076342302	3.9848334419576	-4.20965709909003	1
X2924633	-18.3961051827451	-4.5068281805497	-7.6338907059604	2.88195423654569	1
X2924634	5.715065393684	-0.515447652915237	-5.82205166850769	8.39576913084705	1
X2924635	17.3809024847208	-0.195489253513898	22.8252789905449	-1.45462167511035	1
X2924636	12.2354791515018	0.109754883944688	13.9641964336076	4.79822293851799	1
X2924637	-6.21775576315489	3.48896637990526	3.35885227343401	1.79703784984758	1
X2924638	-1.36432892994713	3.38545176311139	-15.7630836741527	2.5422213038296	1
X2924639	13.233180643672	5.07693507662476	22.4990204455161	2.58384714769289	1
X2924640	-30.5030340266797	-0.233419044281225	-7.71616800492875	-1.77729351807257	1
X2924641	-1.41395474276081	-1.16804774142946	-0.638216311121117	-0.42407376181258	1
X2924642	4.79253529065652	-1.45508651848579	5.98158078536836	-5.40275156871956	1
X2924643	-8.41963000815487	-1.11971969874372	-15.9430474220754	-8.59262481186777	1
X2924644	-13.352911905828	-3.32907883653263	-4.86095042666639	-12.1183144577469	1
X2924645	10.2768634265702	0.601196776644662	3.0333635253551	-4.68050399122092	1
X2924646	4.00527093879485	0.489736073274663	13.6104246080096	-4.15491539982819	1
X2924647	-27.953651765105	-3.6919924215825	3.31470710459415	-16.9403604993375	1
X2924648	21.5184320983902	-0.755424450530568	10.339835923581	3.12559209009376	1
X2924649	6.7509287035968	-0.0970056136647616	12.194989815207	6.03279583171367	1
X2924650	9.82704729221044	1.06948893475354	3.34967341152887	-3.32574676049079	1
X2924651	-36.7307198650468	-3.54456280843868	-34.0501318289549	1.56969072334723	1
X2924652	-7.00547988475983	-0.6590895194296	-5.44125734919264	-4.74941100760161	1
X2924653	-18.5742465075135	-2.07446233257671	-11.8514721004864	3.42318617109242	1
X2924654	-10.2433605424375	1.45330253540635	-4.32833030215659	4.24814590917108	1
X2924655	8.91150259186727	-0.692266172133061	1.99205643684879	0.209831935742873	1
X2924656	-4.81504286507478	-1.84974873218575	-4.56494625461175	2.77676243742521	1
X2924657	8.79224101502551	-1.32448042955745	25.3931752861848	-4.63030890856185	1
X2924658	-21.2758146101667	-1.7370964666902	-13.6498721983763	6.30526719632552	1
X2924659	-0.928425977258228	1.05077165532205	-12.4355521694305	7.14748979408276	1
X2924660	-18.3541447630562	-4.47407903422719	-13.6458546675043	-6.07839389627365	1
X2924661	-25.5988402804988	-6.36402951714341	-16.7812945683913	0.0109472322748745	1
X2924662	36.440158006419	1.24285968277416	39.2926585216737	3.98784837406172	1
X2924663	38.3576689989057	-0.715418289678105	38.2660489080129	-5.61922232636011	1
X2924664	-15.385372293918	-2.23013317186271	-9.87559758093412	-8.39289804594474	1
X2924665	-30.7206995566273	0.0117332756094213	-32.0351676353692	8.26981509531924	1
X2924666	-17.6451845875872	-4.8754113902873	-6.70217065672588	1.64254638453006	1
X2924667	-6.46488233119887	0.199806578596509	-10.9468798149667	2.60134176817532	1
X2924668	-3.94922469949041	-3.73745599563308	2.96769090062222	-5.02806376110143	1
X2924669	-2.31719023652044	-1.33313972820726	-4.41914197309024	1.97053532621758	1
X2924670	-23.8554469684349	-3.59181032454662	-21.6336600264703	-0.47004614110209	1
X2924671	6.25992196977129	-0.120910299569589	-12.1606212143231	14.377974133228	1
X2924672	-17.3236275484839	-1.33586953364086	0.0689711348911892	-9.75981114176785	1
X2924673	5.71904992156131	-0.022689389457849	9.65275842043204	-2.96378688054433	1
X2924674	-54.5289321660259	0.399576461701932	-45.0216577384201	-4.7287241641329	1
X2924675	-0.727166438276127	-0.420183662234583	-4.54376192050447	-0.478415298459486	1
X2924676	-5.56334982387393	3.99392120932029	-4.2336102599574	8.50598858386115	1
X2924677	4.04386769084261	-0.345834504528817	-7.40802831185061	9.69412946094619	1
X2924678	16.5554438120332	3.46081103680201	-4.5778842692809	12.8409987962151	1
X2924679	-46.8949495633978	1.36258348418482	-39.2547535201356	-9.79724076193053	1
X2924680	-39.7025176409128	-1.23742875427934	-29.4858978709722	-5.28994638784642	1
X2924681	43.9645248936549	1.55905169988686	38.6931500522931	-4.00874037922109	1
X2924682	-22.9397390886376	-1.39095492742584	-32.6179513225789	2.72200835568429	1
X2924683	10.279934876642	0.939397281174856	9.74442337265285	4.18681565602367	1
X2924684	24.792859206795	-0.224971749442476	30.7441136564467	4.14154575167928	1
X2924685	33.2833727186954	4.85146404347759	19.3130005110221	3.68202542372559	1
X2924686	7.0980105702747	-0.265553304327518	2.32737632199514	-2.54104749558368	1
X2924687	-35.759498526235	-3.56300713611637	-32.1372294445184	0.529936580496433	1
X2924688	-16.9617574523671	-1.11350677957144	-13.6393161900811	2.08748401181576	1
X2924689	-1.96265656727409	-1.14757236495192	3.59746564258616	-3.46085359039466	1
X2924690	2.11586626231631	-1.25740881602394	-15.006879247085	3.74271221401234	1
X2924691	-19.4226647355934	-4.8440252593027	-0.322586002119132	-12.021138620574	1
X2924692	35.7757566105834	-3.14354636035876	38.0850877827422	0.427255911269773	1
X2924693	27.9045496636353	-4.41677410704523	42.8397837701143	-3.40814262296089	1
X2924694	-9.76992361793924	0.346754166592924	-12.4804868619229	0.438274956018742	1
X2924695	-17.0047150836569	-0.890307954776296	-16.2236209594437	-1.13907553384883	1
X2924696	-23.3257590053948	-4.83560968731187	2.35788709432338	-9.31930208432022	1
X2924697	5.33092676513968	-1.43016817043069	2.86882820514039	2.29658282772371	1
X2924698	-3.8040839727328	-2.40288662115162	2.25173622310063	0.409749125425572	1
X2924699	-23.3735726936835	-5.23287037107403	-21.6830354103062	1.90096023081461	1
X2924700	10.3290098454002	-2.28277871442026	22.4733768884267	-9.73600342441192	1
X2924701	8.84548600324966	1.36106743438076	8.53996014818573	-2.15055826447116	1
X2924702	-1.76576117945872	3.17845464615452	-3.20505313684756	-5.94295089082554	1
X2924703	29.1336408381139	4.22752880925126	12.8922071552871	7.62930789207453	1
X2924704	-13.4114639388798	-1.96542918894239	-17.3386372555012	1.95104123217665	1
X2924705	-6.366802665434	-1.32608181514139	15.4681490527152	-4.95082708385565	1
X2924706	-7.2860293456214	1.55614457284542	2.87065240028303	-0.45496353678592	1
X2924707	5.22314263927168	2.17872888521433	-9.11482988051239	2.02567762362657	1
X2924708	-3.33587038773142	-0.917988900937258	-4.84766766879054	7.84238418563773	1
X2924709	3.92962772506818	-1.33791278041988	5.97737692036908	-4.45371901670174	1
X2924710	-6.15123794135611	0.83088156625785	0.873063294176132	1.32269029387246	1
X2924711	-9.71870073981844	-2.64470495558814	3.0824237217775	-0.577555577102642	1
X2924712	8.22318880066959	0.107816398888872	-0.597596130183476	2.12992216296336	1
X2924713	1.65421487355356	0.109020670797538	17.5825088712024	-7.66307807477409	1
X2924714	-27.9572313920745	-0.80986608056456	-12.9509183289157	3.63819894357689	1
X2924715	-3.14109104418933	-2.65329203552124	20.1657788412008	3.95373102609118	1
X2924716	-17.9365526290747	0.219636099827424	-34.5114302999913	-0.653694072145876	1
X2924717	-30.9414788944	-4.07621221593399	-14.598924161907	-1.07187829134613	1
X2924718	-9.35963420034575	0.380840506690881	4.10113868103377	-0.966479394770867	1
X2924719	-4.00803658804601	0.219981760549451	8.25477322729111	-1.71423209105834	1
X2924720	-16.8724949929811	-0.170126183874187	-15.1136013900054	-2.55270918486511	1
X2924721	41.3619803621432	-1.08129601499923	54.4714298782236	-8.14431443360143	1
X2924722	-8.7507030893681	-0.569701393947327	2.66195448739529	-9.05367440087923	1
X2924723	-13.5601587366428	-0.742956529637864	3.11121195989578	-8.47019918399985	1
X2924724	34.2508874548877	0.551837229384202	40.4421162011915	-12.4246312157626	1
X2924725	-34.7058439720876	-2.82382804702677	-14.8569504417926	-5.94683798166987	1
X2924726	23.8233263876646	-0.456936777769721	11.7590680100409	-2.08683878387346	1
X2924727	16.9666702537776	1.13668619673965	-2.72633669297245	1.72989623892059	1
X2924728	-7.99867188440907	-0.202495801539468	2.81564349667734	-6.44111024520475	1
X2924729	21.7073289622209	-1.31981130311894	25.9257192475427	5.21064971294959	1
X2924730	19.6348467770988	-1.80879242258775	32.1607368340175	-1.84703929579925	1
X2924731	9.9492543036846	-4.31821879143781	17.0150892936647	-4.68220421887019	1
X2924732	-15.947794673947	-0.495529157128648	-9.14430546108266	-1.38443122341153	1
X2924733	9.18531088688127	-0.992583994444548	5.26297162132631	-15.7889319908602	1
X2924734	-4.15109672051197	-2.18529384921021	-4.81269415935754	-1.31121733928255	1
X2924735	11.6447472985207	-0.33672946295486	7.6015025129952	-2.00177304167936	1
X2924736	-44.3729108865662	-1.68608827607741	-30.6930954701143	3.45142971293092	1
X2924737	16.0671142328136	0.723687398134752	18.8656131907711	-3.26091187763237	1
X2924738	-15.2395881519046	-0.387439123850642	1.56693588206513	-4.70654730857506	1
X2924739	68.1583102412174	2.26701344169964	52.947312260582	2.05146952019668	1
X2924740	-17.3743453038531	-3.35226170029034	12.2236239309873	-5.88954983575875	1
X2924741	-25.9502384848352	-4.42490448758597	-26.6341635473209	-6.63361066728754	1
X2924742	21.4831768824913	-1.5296551186423	28.0601482519718	-0.0112479432926911	1
X2924743	3.56715928855241	-1.34894217180988	8.50485610893314	-3.16262743635398	1
X2924744	12.4850797587706	-0.0700836766247969	3.88837824529694	-1.15827842742544	1
X2924745	32.57132037507	0.581165455891069	32.6668309995622	0.342288824529215	1
X2924746	-0.679674257895107	-3.2276105253362	-8.41251959306665	-8.55999153683899	1
X2924747	-31.0917605333291	3.03922246733111	-22.4669922395779	3.50153717039042	1
X2924748	22.5194888001711	2.92363033822351	18.3497987460197	-0.521716585483005	1
X2924749	33.1664783421566	1.05786627038321	-5.4903462442204	0.374215020959116	1
X2924750	-32.108152774443	3.70515489583501	-26.644470140607	-5.53191167125166	1
X2924751	24.7806281559068	-0.156238109877882	33.7255299982422	-6.25134046440905	1
X2924752	22.9127313588984	-4.03168127911832	13.8453500029684	1.23435414951426	1
X2924753	36.5621315849594	1.72884886576543	32.326874691865	-8.75561558819152	1
X2924754	-15.1193381003041	1.5270783428602	-12.5914972585185	-2.42445696571758	1
X2924755	17.2267121606362	3.43012308191402	17.5704901919438	3.38637177905584	1
X2924756	7.88249862187216	-2.15360995357777	13.6829338408228	-0.319082587663995	1
X2924757	0.193335779140162	0.415706550695196	-9.91668717328131	3.60196793341429	1
X2924758	-38.3750616011801	3.92074334448895	-40.8693747240142	2.89551518189927	1
X2924759	-12.7061498120944	-0.124520962248027	1.97540343339472	-0.846663786953292	1
X2924760	24.0504658376723	2.56376601658462	28.5304606729174	0.466882036233634	1
X2924761	22.4125212510256	-3.28200994343723	12.785083418327	2.26904282602773	1
X2924762	-8.85293417346326	1.35713471324159	8.93256173759123	-3.5080783195382	1
X2924763	49.4433792023375	3.32964135394091	29.6783036733188	2.76826679689707	1
X2924764	-0.312938086894699	4.13413820818581	7.54762906631125	0.127947275548862	1
X2924765	2.68887383252298	0.293997134248496	-16.9197906933884	6.71117365124934	1
X2924766	26.1182295362146	0.173026894533201	19.529393348459	5.94286024062297	1
X2924767	32.9090691813576	3.32016983660351	49.2011104329228	-7.33029887049232	1
X2924768	27.3803877811375	0.632501569995803	11.9401275607001	9.93711148961177	1
X2924769	28.2348245377428	2.40875734905932	18.5230874191452	5.57159375353236	1
X2924770	31.975981021956	2.59454376002835	21.3534753174056	11.7659641271122	1
X2924771	14.3192644956277	1.18967420507732	5.68036437436861	4.35909213827955	1
X2924772	-2.97152504248708	0.208781590552422	-6.65484329546527	-1.21931661485714	1
X2924773	44.6547133935633	4.0671075168811	39.4120281430056	1.00177381276956	1
X2924774	45.4428311993611	-0.0316192124477866	45.5059353095557	-7.86546651555142	1
X2924775	31.6192878019928	-1.14267341308343	33.4165747654804	-2.17122473527991	1
X2924776	7.70498174242842	1.76493764709638	7.09581621907739	0.342876102282713	1
X2924777	12.0944004110722	3.21046698628353	9.0417796128451	1.99620232827184	1
X2924778	0.647305692797446	0.194248856844531	-1.40154422838368	4.25000592670573	1
X2924779	-14.8718138332947	-1.74082648797541	7.308653764813	-7.45571425294858	1
X2924780	-12.947567478852	0.59130051721613	1.68254453919521	2.18500392777282	1
X2924781	32.92524822981	0.705157128012959	38.9862693367459	-0.573753231027415	1
X2924782	39.5545561377635	1.16824420843507	26.1427137683234	2.29130324465168	1
X2924783	-27.2208780878139	-0.667272186157927	-35.799676492562	6.09319496029946	1
X2924784	-0.860014340479122	-4.29408413365399	-0.485093115728831	-6.19576730000198	1
X2924785	-14.3163808580438	-4.81496858379097	-3.57232340182848	-2.31991143973985	1
X2924786	-4.48672262589009	-5.01125657257136	4.21529696204608	5.55063098509165	1
X2924787	49.9058202655888	0.676694929090879	39.5129813788481	2.96714664824122	1
X2924788	35.4018243411863	0.641933280224936	30.5958534815995	-1.82054084023276	1
X2924789	-12.6773015512027	-4.03831468828012	0.374882255133739	-5.83448349331444	1
X2924790	-14.1427934501155	-0.925991132040394	-14.4864291530999	-6.11656046068555	1
X2924791	26.9922473057642	-0.3482898346896	14.961796482264	2.95753962546792	1
X2924792	-26.8376854099367	-3.37702429095274	-22.8951306338073	5.38695932197464	1
X2924793	-50.0573585934461	-4.08652237462815	-39.5529762062489	0.96914083396692	1
X2924794	5.26440843018545	-1.82794295369124	-2.22028988826498	6.36875161108667	1
X2924795	41.2341235340465	-4.74517546322872	70.0726367957484	0.994617293152769	1
X2924796	21.0053127247426	1.75074119063791	16.5001926722594	1.28624455623838	1
X2924797	-15.1409775947734	0.585013899684512	-22.4479008853707	5.60641240943158	1
X2924798	-8.71766013608004	1.18427779877345	-10.8069217914335	6.18037514556995	1
X2924799	6.38359802034788	-0.713111213230437	19.8624830496739	-3.9168215108479	1
X2924800	-18.6691440650644	-0.91523357246363	-25.798513205353	-6.29585920103107	1
X2924801	-6.23732337441129	-0.44633612696605	1.12908881245148	-4.97232707533522	1
X2924802	-11.6341553106187	-0.628765691130744	0.137693959938553	-11.3237904782709	1
X2924803	-27.7809686007672	-2.56639667935592	-22.5965592608735	4.06023982543293	1
X2924804	-9.2001208784394	-3.1389496326677	6.28861801897673	-12.1010615179175	1
X2924805	0.0491255712658245	-1.42779081017936	5.85651179672353	-4.74747336925147	1
X2924806	-31.7336703631058	-4.30259485372898	-22.4356278926619	-14.1227403248735	1
X2924807	-5.32134736607106	-0.468780702933025	-2.35264379502496	0.675859889442763	1
X2924808	-28.2143284905895	-0.488115406075111	-12.1744269318744	-1.35922535351844	1
X2924809	3.4718568776513	1.65514983951611	-18.0651138425817	2.38961861048836	1
X2924810	-31.9467600119257	1.07039538038966	-14.4861832870426	-5.39368467043466	1
X2924811	-30.8914132620314	-3.42331097840163	-33.3603392027027	-5.44669892173652	1
X2924812	19.5545428115291	-1.05981031006734	1.88405123031029	0.820018459494346	1
X2924813	-13.3257277358688	-4.35416302250558	-18.2079175554419	-6.73107094352472	1
X2924814	-20.4108970528688	-2.70198501557368	-14.1855660080708	-2.64266688767868	1
X2924815	-1.44032142153709	-0.969690486091098	-6.55850378644481	0.826457320261381	1
X2924816	44.1111171453127	-1.6111757435265	56.2423402553413	-6.23849354356949	1
X2924817	-10.896742714581	6.34802809385763	-21.7447916562808	9.8062323760941	1
X2924818	-2.92660408199311	1.09695195766767	-11.2834198478934	15.7469791924872	1
X2924819	24.0017869392883	4.6723803263235	31.8361395520078	0.489082448190839	1
X2924820	-0.0570719154593018	-0.357567506721077	2.83843356122892	0.992757569170013	1
X2924821	-8.88922363446191	2.60055529224003	-10.6659988616226	-2.08615831460307	1
X2924822	-3.14262103878372	2.80468684423579	-0.451285037854509	0.698894208544254	1
X2924823	-15.3789512596826	3.44475331492666	-10.1169116159567	14.1644168689391	1
X2924824	13.5514911962247	0.874083908952994	10.6191056462955	-1.33758512860116	1
X2924825	21.7002373692194	3.06794435288882	8.75496680457087	2.89710230673836	1
X2924826	3.05298636297053	-0.262526001564529	-5.97201421142317	1.00948321990029	1
X2924827	13.0503740358312	0.375024155212544	29.2119216415341	-1.73541054239072	1
X2924828	10.6447540320227	-0.475238428872987	20.8454016064809	-2.91934546698712	1
X2924829	18.7932686899985	0.0557859685457987	0.18261418934588	-1.44044185525786	1
X2924830	-0.556937427327067	2.75442282535233	-8.08680688027355	2.16950659626402	1
X2924831	-6.54444807033292	-3.36951175508853	-3.85669768413625	5.34646255841387	1
X2924832	-16.5705910626446	1.91860331478584	-20.3226568058089	-1.57886287778508	1
X2924833	-8.80323688108251	-1.35347443970711	-2.33676180307519	9.16468520740372	1
X2924834	21.2972594479704	2.08461468169459	3.08067501625504	6.97411192765451	1
X2924835	0.309740853552471	-1.17511646163843	3.53235679541357	1.48212238505284	1
X2924836	21.4172222479921	0.975825614850502	4.4617921497328	-1.30213841454645	1
X2924837	39.1596613378049	3.30103924029526	23.3792732175461	1.77223224614342	1
X2924838	-27.0033465070929	3.40433141740891	-30.2601696841383	-1.75935748071031	1
X2924839	-4.84650171813255	1.62782763939973	-1.86438100254201	1.75027161176717	1
X2924840	-12.9393075240407	0.448371092647031	1.30947701042549	-7.126251044825	1
X2924841	-7.10503727254148	0.601157191227728	10.6265100185775	-10.4228414892908	1
X2924842	-14.198101140979	-3.25178186436593	4.57231037191272	-7.99327409402013	1
X2924843	-9.33597295951926	-1.35446275736381	7.77558224098699	-6.4343369996192	1
X2924844	-10.5141308262636	-0.26159036725555	-19.2682969213032	-3.0356468544276	1
X2924845	-3.75142390645798	-0.274735034288123	5.60838008208784	-2.07898781723277	1
X2924846	9.6795120765807	-1.90942309436616	3.76362496125201	-5.27051947121112	1
X2924847	32.4973703501273	0.457919196191206	30.7636021755959	7.92870743355588	1
X2924848	-1.75072156127723	-0.275415862066638	-0.963000953054105	0.927414508205858	1
X2924849	-27.2229551140765	-0.0173812629989399	-14.9772929102518	1.85348837008845	1
X2924850	3.22928570452903	-0.537677085383826	0.900801925250467	-3.23293033226781	1
X2924851	-6.78453395794871	-2.57209414711926	-3.22385948248499	-6.37558735489201	1
X2924852	-26.1434145757521	-1.52373981430801	-11.1754741458478	-7.61649874645261	1
X2924853	19.0797243703864	-0.324130573194375	9.94401065965039	4.97164712974833	1
X2924854	7.54776887487542	-4.06955090001823	5.73360354573053	-8.3585341582014	1
X2924855	-28.7636497639244	-1.78716795406243	-21.9198641510727	1.94709784744009	1
X2924856	-32.5881574255437	-0.0156809394443638	-28.6479446825222	-1.60997174728764	1
X2924857	-38.2581241037613	-1.73176871759568	-11.8302959492722	-6.09895925928718	1
X2924858	-13.2188275351797	-2.59387502296603	-19.7023404194997	-4.18409750054001	1
X2924859	10.8117883075784	2.19218166299847	-11.9208179139727	10.5118799933908	1
X2924860	-12.1203613299551	0.500720666724743	0.482296001958147	6.63178038946491	1
X2924861	-11.6127059351795	-1.40640690070273	-20.7076297175268	-1.4412705044136	1
X2924862	4.78627259928574	-0.334673352210581	11.2598760504281	2.71432509702935	1
X2924863	6.18997328749561	-0.417723097550212	14.6368621724691	-7.54490512129422	1
X2924864	-23.7249554302216	-1.35131887296274	-15.5458547736004	-5.65730326685613	1
X2924865	-19.4494454680405	-3.98842365305796	-13.8334010043431	-12.0343876899056	1
X2924866	-30.1911619364393	-3.47357538938962	-11.8509573134553	-9.29719339843765	1
X2924867	-24.2429762982612	-5.46704535477174	-8.97199328994047	-8.82396728805382	1
X2924868	-6.55365296579142	-1.78013562591613	-0.521690080794916	-3.74750009563051	1
X2924869	-9.08096075517826	-1.28568796578972	-16.6279657796284	-3.75048433200567	1
X2924870	-5.48286549729062	-1.81838234406467	11.4308734525694	-5.25713979406196	1
X2924871	-19.9419718788453	-4.37277090665914	-11.8145916472781	-4.95468955016712	1
X2924872	-15.7711711574059	0.842870786295214	-15.8358427833967	2.46701249728361	1
X2924873	-37.8758160834265	1.19707853581501	-43.381726663023	9.18193085225257	1
X2924874	-4.49631294578195	1.03093157958842	0.458039630885105	-3.29864523470698	1
X2924875	-1.40828482929668	-1.30216635234559	3.44841478579001	2.37668585216785	1
X2924876	-13.0257614465655	3.57766260946818	-39.3133897498198	8.8462261822922	1
X2924877	-6.25728271176021	4.36970420507696	-26.6584549224096	12.8324180521493	1
X2924878	37.5077438944708	2.72306419074358	25.3222925302703	7.27882587552129	1
X2924879	-36.047228563778	1.85790486701988	-50.8649323871531	9.77615846807041	1
X2924880	-12.1083529300049	2.85445176410949	-25.2600112610784	4.34961146858642	1
X2924881	2.59083999533192	0.900557376789523	10.23152783416	-0.698651199635461	1
X2924882	25.4934088612303	1.41784785899301	33.2895546581957	2.29773231221078	1
X2924883	-7.42416112617021	1.05803401286199	-16.0852656264792	-4.82158886566166	1
X2924884	0.797707918562635	0.0323463414630818	-7.62598902899325	4.54378444890314	1
X2924885	47.3265284022008	2.59374596003936	45.4891756990077	8.44161826370785	1
X2924886	-23.33451802554	2.5444891706369	-22.2026247000959	6.10399986107272	1
X2924887	12.9963564137151	1.83990093792479	19.2138748050016	6.28319030457816	1
X2924888	-6.38825970826787	2.37139104568198	-23.1651595875635	10.7532516792105	1
X2924889	-10.7953642668638	3.00736839569651	-37.8271448442729	19.2632967895396	1
X2924890	25.4792242868744	3.53181012319582	6.19312613639626	-1.99972757520359	1
X2924891	-6.90618495492916	3.83956123401626	-13.1310138773615	2.75790380423387	1
X2924892	30.1845145424304	-1.90302381487274	39.3089250149396	-13.1723715983154	1
X2924893	-0.13787811031645	4.14545152241616	5.57313188438894	1.04763705739987	1
X2924894	-12.7718351980556	4.96091294078835	-18.0197453528242	4.09581237162741	1
X2924895	12.2961207024529	4.60626349976994	-0.597535007725124	9.15563161644618	1
X2924896	13.9731054941626	4.8428523907064	3.25324735894984	-2.81989239797839	1
X2924897	10.6531265286002	2.35435581055823	-19.0564386096922	8.99733398257247	1
X2924898	20.6609491969733	3.45726504258259	5.33910444628492	5.76955611692805	1
X2924899	28.001256001166	0.978400405063075	22.1042878615392	0.462214635650286	1
X2924900	16.1008982513711	4.00301471210836	-17.8527514314951	4.19651021242837	1
X2924901	-20.7974371592753	2.56668300813323	-11.7090833524036	-4.78285315369536	1
X2924902	32.2856970598754	3.0234964766415	25.976861305021	6.17295704831317	1
X2924903	6.84419951465302	-0.0125030434701414	17.5128727143682	0.906849685923866	1
X2924904	27.8471902574291	3.13605960436027	17.8578345915751	-3.94110058355346	1
X2924905	-3.10628854842661	0.322123372482244	-3.62090056455152	1.39129125874857	1
X2924906	23.500620861465	0.795871888358647	21.0385468140259	-5.20765469273617	1
X2924907	14.9430217691441	0.501766993618473	9.88874306674341	2.29607762625183	1
X2924908	-8.0238987549671	-1.36488155899586	-0.310155014691757	-1.11631943390878	1
X2924909	16.0743341748001	-1.82375591713443	25.5376591648013	1.92566972075071	1
X2924910	-3.18302814733256	-1.60914888753337	-0.581483203904253	-0.0225562212538287	1
X2924911	-0.706503715185983	4.53756586983564	9.85631274994756	0.120151287386786	1
X2924912	37.8840560782141	2.41784002820174	45.9551829968559	-4.76340818854053	1
X2924913	28.7719175687633	0.437494376983719	1.63910999435678	9.54174162799013	1
X2924914	15.8962902411624	0.273340147381618	7.31161166686246	1.20083345465202	1
X2924915	5.23893690329622	1.48013663963779	26.2839959132606	0.103802363432955	1
X2924916	-1.61558144386953	3.22306115048614	-0.267889325757357	-0.522293474293741	1
X2924917	22.016224919126	-1.2893783319263	1.70678788541529	13.9831945672151	1
X2924918	17.5124923571528	3.22299904964153	12.9245061237298	0.815254397269666	1
X2924919	3.80241957806081	-1.22944130337039	28.6128492007458	2.24145956448348	1
X2924920	-23.5834907354653	3.09551493534825	-35.4833182213884	0.474802723969396	1
X2924921	20.2718299951204	1.35197349338285	8.76590421678442	10.9596129161112	1
X2924922	-6.05297872416046	3.6009771728909	-6.78486296267953	6.07125171322213	1
X2924923	18.9897432775248	0.909113007992308	28.773212156656	-2.69970292607611	1
X2924924	0.29937437250276	3.04048946212647	4.50392367455702	-4.99420669341045	1
X2924925	38.3110876250366	2.2800886232797	21.2341667991912	7.30865712521789	1
X2924926	0.368734489765724	2.47849860168064	-6.02178166434923	0.835459886403112	1
X2924927	-3.93485155173158	0.171062925098268	2.57087281663585	-4.6970055319579	1
X2924928	10.4634054529049	-1.33883403285072	15.0262460642112	-4.03527940477361	1
X2924929	-14.7649472712386	2.19026033365146	-20.5132347147395	1.48111636346774	1
X2924930	-4.13698544181184	4.0682247512133	-13.3421460164186	5.9924578352921	1
X2924931	12.9194867725653	3.09496208971706	-4.43226743876431	11.0344204390763	1
X2924932	-9.16518146139962	0.403719075234854	0.803615282445937	-10.7861121201806	1
X2924933	-8.53968972693347	-0.965751213722987	2.38834506937892	-1.90783643488449	1
X2924934	-27.9001768935577	-0.0530923514749483	-23.5032931516122	7.64797202407028	1
X2924935	1.94758296122572	2.2829659737226	-14.0359118315996	-10.5688942365806	1
X2924936	-24.2737636081992	2.4719211994448	-39.6927653512504	-1.23944727114113	1
X2924937	39.4580763196402	6.65369167395228	27.8124861827489	7.45945181758094	1
X2924938	-14.3828070159658	2.58921757049871	-19.9014587951446	2.22594329106313	1
X2924939	-17.967314869793	0.863771917484515	-24.6082291220297	-4.74952457261623	1
X2924940	-15.6431645698491	5.02077358688763	-7.65588937228592	3.99797939072025	1
X2924941	-10.7992707734638	2.89947516775154	-28.1705961395648	13.8210709420796	1
X2924942	-9.45280283266994	0.40136782994044	-27.8633153345794	-5.15231483524384	1
X2924943	33.0931223238622	1.79400371841474	10.1630560106955	10.8558113651	1
X2924944	-24.0706944698987	-0.900786309864789	-15.2528655830401	-3.53655497294821	1
X2924945	11.920696863562	-0.566415679351107	17.4740250886507	3.44792024826334	1
X2924946	-6.1629312013642	4.25174536281996	5.94636953600577	-4.21377793514924	1
X2924947	-12.4146566095198	1.21396162375074	-8.45039982082776	7.01295326682384	1
X2924948	-1.6382665637216	-1.00588160144985	5.76969766337235	-2.48794751757264	1
X2924949	6.88997906114252	-0.937859545964086	25.9467495403757	3.37720743539036	1
X2924950	1.52006961616475	0.68405977133916	-8.74586697818618	-4.42482814744656	1
X2924951	31.006621996444	0.709858356312364	17.7587159262639	-1.30606652509084	1
X2924952	0.89016056880229	2.40484764486589	16.3584986895112	-13.9520799346318	1
X2924953	-16.83963434629	-1.93582550860247	0.964114043624337	-4.90848285883938	1
X2924954	-0.00125299962099867	-1.33993362027783	4.14373519747293	6.92007747218479	1
X2924955	26.6520759477165	1.2191110581982	16.1776234033743	3.3542954888271	1
X2924956	-11.8996086586293	1.08772668600161	-9.82122040867223	1.63507788587491	1
X2924957	-6.55509348169805	2.72598392849846	-8.79772698993198	4.4835518254365	1
X2924958	-0.154256359564972	-2.20291713816473	-7.52797141184705	0.999087307682282	1
X2924959	-30.2529485220189	-1.39060459736789	-36.518870833131	-0.278458684155368	1
X2924960	-17.6067811576394	0.714842327273132	-16.0062960002771	-5.72715042118076	1
X2924961	-29.9092340178123	0.516591604366153	-33.9875430790652	2.37320932746071	1
X2924962	4.88922757545441	1.30273522365634	8.58453029910401	1.24225000468573	1
X2924963	5.27157646985142	0.138079412365398	6.56905191641171	-0.0367028232044624	1
X2924964	-0.673795430433131	-4.04293724193459	-7.70067047151374	-1.17919404926263	1
X2924965	25.0300328457281	-0.906250472555995	23.502099089113	5.72277610464943	1
X2924966	-15.8773873562444	-4.18939352955268	-14.5705570739981	3.1570926305314	1
X2924967	-24.511559690632	-4.77965416866261	-9.25095665695279	1.8169771571887	1
X2924968	-6.91635822137724	0.492676054791713	-16.2111767607218	2.84831349266163	1
X2924969	5.33997292103079	1.13798907068551	14.0939983778368	5.31572851544192	1
X2924970	4.08081912815024	-2.85052887505048	22.0836883171333	-2.71483324373796	1
X2924971	33.2706432332235	2.44700651821186	35.4622608359479	-0.746311180373517	1
X2924972	20.9210805114514	-0.40738675589628	15.3189198660189	0.00259604558405169	1
X2924973	35.4409927563216	2.8975272944661	34.5902188081795	6.25334384829013	1
X2924974	14.7591865990234	1.00406190106823	-8.30925868283761	6.33240582405691	1
X2924975	-6.74519215742391	2.93713133800568	-7.16691786585537	-1.60953130808019	1
X2924976	-10.8024524126691	-0.358658592552368	-11.4468027411345	-3.17607643714415	1
X2924977	23.6975267921905	3.18255611791926	3.1386337377177	-3.08538604615427	1
X2924978	-24.2408941670754	3.06676885232075	-21.3346773993714	-2.60074849496126	1
X2924979	-8.13657681180228	-0.926248532195374	5.23530249686119	1.29115580037784	1
X2924980	-3.11947804638492	1.83137474138682	-3.22212673366842	-2.22885648508406	1
X2924981	9.67302452958698	1.81538302872282	20.0762290988079	-4.21430153497171	1
X2924982	-3.90214120929542	-0.348814101505243	-1.97699182385803	-7.90968847293827	1
X2924983	18.0727556162297	-1.45737417164983	17.9636990513739	-9.16563209631337	1
X2924984	-20.3517665633837	1.98113590518803	2.66696328499016	-8.55697982891814	1
X2924985	-3.2600409294242	3.34473176424891	-13.775434030896	-0.545100464395602	1
X2924986	11.4973955885519	1.12283176272451	1.54663278208192	6.45557363446891	1
X2924987	-16.7640036409573	-0.964512146995945	-9.79860468143255	-0.783962996816796	1
X2924988	-21.523103138428	2.22335259448492	-26.097122132438	3.10918711354694	1
X2924989	-46.6480412622463	0.977748564246743	-35.3248026707364	-14.3813977236622	1
X2924990	12.0872548388618	3.89033015053392	-10.504344336838	0.40731802730839	1
X2924991	-12.3272645602442	2.08182059308427	-26.1619834125106	8.93103830879615	1
X2924992	11.988769265461	1.75598751839455	12.8510247647845	2.09265769294644	1
X2924993	2.94481969558712	-1.92838927038826	18.3108648156409	-8.15469493949528	1
X2924994	12.5751342543114	-1.74444497774081	18.389082165624	1.48661779026659	1
X2924995	-18.8032443502476	1.04473195477987	-22.7848995830776	0.402915196280097	1
X2924996	24.7916911288786	2.96125672861794	10.4820009123693	6.88241230364332	1
X2924997	-13.0852497326823	-0.319480520837027	6.16383693799121	-3.8854557924081	1
X2924998	-10.8460712878952	1.55053197288237	-6.75369790423798	0.872721066485367	1
X2924999	-1.41286385378586	5.89143035406161	-8.39638217938556	-0.611941311652855	1
X2925000	-5.7805851330866	2.29805931806862	-10.1856827752795	3.48305444613533	1
X2925001	-46.5998300427703	2.04813723178627	-29.0147978070146	-2.32346964044915	1
X2925002	-6.55143724465996	0.120168066879672	7.75406390125239	7.34990021515535	1
X2925003	-2.61429723743238	-1.34282045207912	-9.04868513641693	4.0064841086734	1
X2925004	50.0466145354634	0.628218188064821	43.3752115634687	-8.61291431279831	1
X2925005	43.0802756533517	4.45591750075948	21.2924456214034	1.5808181557802	1
X2925006	4.13482366989254	-1.75565855144475	2.47863845272059	-3.28574827007577	1
X2925007	-15.6447948839265	2.89515849107979	-26.4970597261901	-1.98102507796325	1
X2925008	-13.4405529218387	1.82093029189628	-6.40258711009996	-2.5456184501641	1
X2925009	34.9075938958043	1.97242163558934	39.150181177916	-1.53844683682363	1
X2925010	17.3273951380989	1.64778022270159	5.35110440482003	-8.63376232507635	1
X2925011	-15.8360566214951	0.182830201836931	-16.8463348568655	8.9376456265551	1
X2925012	-7.95282035698892	-4.52895649414108	2.55747795190905	-6.53730725213106	1
X2925013	-20.7997034533224	0.0160048576869365	-29.8689778914054	2.32105540898088	1
X2925014	8.3915056561701	1.27448985139966	13.0417611318488	1.01604957210341	1
X2925015	9.6811153076249	-0.760207870786978	-5.19977464515663	2.47968527003744	1
X2925016	14.4327502766275	-2.04597293802365	17.1058495155598	-7.8077635526604	1
X2925017	17.5264763943144	0.278443638553435	29.3483814617123	-3.43382061244878	1
X2925018	-10.5558373633848	-1.58379846482345	-13.8872588019174	2.03532564173949	1
X2925019	26.225922727711	0.756417610457575	18.059426592378	2.33655900771187	1
X2925020	-27.5501947399111	-1.76225234093674	-43.3494500375998	4.42431355542722	1
X2925021	-6.1560956776245	3.42092181042882	-15.4015337778861	11.7186169726235	1
X2925022	-0.466321965221056	-3.95042149574825	13.732439568094	4.05927739561509	1
X2925023	0.882927117510671	-2.07976183951896	16.4250371076962	-1.18686324925771	1
X2925024	24.3475177469603	1.29313818206779	23.2893581784299	1.02523549287189	1
X2925025	9.68741501101107	3.64101835879037	3.16559241847812	3.73594942603876	1
X2925026	-21.7149253719204	4.77153858211557	-11.3721002030722	-5.93917130262719	1
X2925027	6.3644632492816	1.37377883939976	-10.0556767169741	0.621147588472602	1
X2925028	11.5322964812979	1.4927250268253	8.98655255643005	-0.556642143211812	1
X2925029	6.97534506144264	3.69931235718574	2.79216712912106	6.26445157723024	1
X2925030	-33.0239500088355	-1.60841578195624	-20.6137455329391	7.78294258802835	1
X2925031	10.7103057981434	0.915968996679113	11.3185721934866	-1.94448145834848	1
X2925032	10.118939511546	3.51636790262413	-0.932456335794439	-3.13214708189489	1
X2925033	-18.7262073772421	-1.96666928929087	-12.4891862399661	-4.85772192865721	1
X2925034	-10.3912406920162	3.43346465794067	-16.5980275468847	-2.55573563373437	1
X2925035	13.0866853421303	3.09313413329024	10.3041525265973	-0.118358102904221	1
X2925036	8.98170872618497	0.189920826592695	8.79732517709564	4.33114502505808	1
X2925037	-3.15556559823497	5.43093748166406	-12.8844881481012	6.55604779861757	1
X2925038	-16.4433211771741	4.04047507972833	-16.7456199079864	-2.93963825703151	1
X2925039	-49.9208771722132	0.802071594671399	-64.592404596817	6.20682132497228	1
X2925040	-6.50875635179338	2.50816415127057	1.89908293930071	-9.26027354212977	1
X2925041	-37.7162112385562	-0.566819461128701	-27.2758190835259	4.88608205934489	1
X2925042	17.5134878548407	3.19160047533795	0.0798890840318192	15.9411834039942	1
X2925043	15.4620846965109	0.249187511712924	15.044030929846	-1.4688393809876	1
X2925044	-6.8319514747785	3.74130822586928	-16.3137004989609	11.9326632192527	1
X2925045	-4.11829770500061	1.84189532655182	-10.3959093290087	-2.44780393606307	1
X2925046	-19.6107282070063	3.5500503972445	-42.1232127849196	10.9571557976737	1
X2925047	5.33054125684521	0.757254200109297	-24.2173784943105	2.33991214571826	1
X2925048	-3.75343130854903	0.173335339065767	0.723415164018315	0.106461184161704	1
X2925049	-21.6992755516463	2.69016285181021	-24.5920556007028	3.54770758368649	1
X2925050	10.703843832436	-2.71160330711542	12.4096296384729	0.415837094479839	1
X2925051	-19.127343507244	-0.0762759936278286	-19.1097876574293	2.1563313088901	1
X2925052	12.2923262023465	4.17343460633709	5.60203025945545	5.97231644500993	1
X2925053	-28.595996109661	1.4200814268671	-32.4079004279785	0.573613284604428	1
X2925054	-25.8942136291283	-0.235072261356402	-9.30233748555291	-2.05366421818913	1
X2925055	3.39280052216093	-0.339733311053103	7.59171647214767	0.938267809358738	1
X2925056	7.95132683066359	-0.823923785047456	-3.22562302459923	2.29315494790797	1
X2925057	10.3399121514768	-0.0625576132571665	18.222577564065	0.275993564358707	1
X2925058	20.2415321860188	-3.12900105036691	28.4976516158023	2.94582439875342	1
X2925059	-20.5379107326085	0.882659909204638	-15.3872631596782	4.94279740736959	1
X2925060	14.0490236310406	-2.29155039818845	2.08870949231547	-0.818848505315227	1
X2925061	-10.0420620086523	-1.58398207259806	-15.5432066229718	6.79744193055956	1
X2925062	-4.40563152813041	-1.23998677863478	-13.272785550491	-6.94908367863725	1
X2925063	-5.65905351562831	-1.60986456719557	-12.1854500392764	3.52420613218719	1
X2925064	-10.6392349694002	-1.31972171916165	-19.2861149639333	5.10842102555994	1
X2925065	-23.3269291063627	3.9037688421672	-20.46007900075	-2.81710929038418	1
X2925066	27.8939822399838	-1.05534541722201	13.8621934424473	-1.26647771007584	1
X2925067	1.69083181141798	0.0389341987749331	7.17885169614503	-2.33119839303007	1
X2925068	-1.65388561838294	3.06276705031563	9.92871400364106	0.420378660044991	1
X2925069	-47.8131066103204	-0.441401602109472	-39.7735184397588	0.488693483598941	1
X2925070	-7.09859729012257	-0.0537414550279357	-14.9563781303349	-2.26632515534569	1
X2925071	-16.4109255387942	-0.473373736913201	-9.79194158794691	-6.68291181338558	1
X2925072	-9.04355791514663	-0.365605471764932	12.4367747089945	-3.33944701852019	1
X2925073	19.0954174533786	-0.91907582291235	24.9659133513397	0.262839882321513	1
X2925074	26.1987663261584	1.22277102270171	18.2383609391785	2.78726772080497	1
X2925075	10.8021381498756	0.245528893435105	11.2762585879984	5.19316064258455	1
X2925076	-14.4710889224675	-3.35683870643178	0.534022640154046	-6.00221221878335	1
X2925077	15.4412440144012	-1.48251349706044	6.60841073948492	4.21255333649613	1
X2925078	11.8230833196502	-4.04922736197915	18.9554347950832	-0.876243396305875	1
X2925079	25.3616730401615	-0.0410853587545797	27.0712235946641	-0.812267074292012	1
X2925080	20.4007153141423	-2.50566534491592	17.2464618682078	-1.45778455869083	1
X2925081	-11.9317958293968	-1.87745460579422	-3.86948312780049	-5.52596775262157	1
X2925082	-2.38549121850209	-5.15819852498884	6.0417377618034	-7.43801387685794	1
X2925083	31.2238756248524	-2.94388637453351	40.8311956616998	-7.12290708114415	1
X2925084	-32.1221753615519	-0.914828750214874	-15.3547402679451	3.12021247571732	1
X2925085	-15.1547803973422	-0.835473445113256	-9.98082349947753	4.3290340128215	1
X2925086	-10.1312750510377	-4.31972158014583	-8.41414644513461	7.72541007734392	1
X2925087	-21.2657708797732	-3.08518309808942	-7.88933914281081	-6.68810474563655	1
X2925088	-30.8277043882331	1.07195366522677	-18.1394804756569	-0.0598742611314673	1
X2925089	9.53749152837295	-4.22131570007179	7.92630718479921	-3.41850028012263	1
X2925090	2.70674878030554	2.2776000138035	12.0479770438964	2.26211155966345	1
X2925091	29.0135365704685	-0.771954557376889	44.0613779851671	-9.54333551890068	1
X2925092	-8.7044917608011	0.54207004140018	-9.87040163303967	1.8510315392586	1
X2925093	-3.15297097071622	-0.169819442900808	4.23989755649131	-7.57006698505122	1
X2925094	-21.498274464056	-4.68284287001996	-20.4863108643115	-5.92710614880259	1
X2925095	-14.6994526728038	-1.8266249695732	-6.47682193175675	-10.7009588720994	1
X2925096	3.09465801358316	2.51091682083615	0.736617108276001	1.82100688740938	1
X2925097	-0.27068171031094	-0.316103932995191	7.04914984718684	1.60993274379491	1
X2925098	-15.7224960993528	2.83582791766255	-24.7564296946166	-5.18067979074149	1
X2925099	-0.214611122976789	-2.99073127296452	-8.07436721502718	4.88730710020984	1
X2925100	10.2196169306035	-4.55534365573935	6.98643828547519	-1.55202972928733	1
X2925101	7.34240215018266	0.715876451249826	6.95393638813426	6.43173990269874	1
X2925102	37.5640901188396	0.400353292782199	21.7735614514588	4.96446295255892	1
X2925103	-5.81107483939832	-1.4572619161804	12.7052500494203	-2.54347889157366	1
X2925104	-12.5272560839552	-0.435325465022227	-18.1123188876662	-1.29408930179756	1
X2925105	-4.63810143683491	-2.35975797781445	-6.14221990412507	6.99497276007136	1
X2925106	-20.8748648110458	1.42380450755309	-24.8798738161479	5.23215703592826	1
X2925107	-7.65527506534321	-2.02803794307483	-11.0949576314783	1.21714707536066	1
X2925108	33.6141675548781	-1.10058126469047	37.1490544582356	-0.156583203680096	1
X2925109	14.4254339397173	3.41582301279119	11.1229694774235	-3.25759266278786	1
X2925110	-14.9080497382166	2.4554300848898	-17.0312465178777	1.86441078071968	1
X2925111	-2.54298969837834	3.52725036277729	-24.705941779242	2.00895682725335	1
X2925112	-10.2001513161179	-4.42273269821132	-4.92068923677815	1.19781776190201	1
X2925113	26.0543203084292	4.48031079100568	4.90417274766319	2.82943838626518	1
X2925114	17.1228486434098	-1.17641874256259	17.7374721515058	4.69407805131746	1
X2925115	-5.12142953120162	1.43824403102383	-19.4903747776847	1.13629484351014	1
X2925116	14.621604094241	0.641124239405621	3.22770543574515	6.09843500121448	1
X2925117	-47.478135955511	1.71256599094428	-37.8526758785346	-2.06294998057572	1
X2925118	3.77544011831454	-0.607380841903985	-6.59447360456095	18.2219782445231	1
X2925119	-13.8853674170682	4.29057923062126	-12.8870412914298	2.05403936522569	1
X2925120	14.290520924991	1.99042752598449	9.7112255711696	5.92935649605289	1
X2925121	14.7731705095229	3.1786673071585	-2.3833909229523	11.0066453341426	1
X2925122	-23.1028066697876	-1.09638568391245	-21.3375376960656	-8.49002708454211	1
X2925123	-13.0062743382633	4.29253760465576	-16.8962625046234	10.916435037974	1
X2925124	-37.6271688335241	0.6975180367832	-51.4086687859566	9.95336506113948	1
X2925125	-3.04388118348651	2.04128963979373	14.2950046490898	-5.89110830551904	1
X2925126	17.0894191783684	3.67729126133914	1.64673005690666	5.59611577286296	1
X2925127	-11.6291794279677	2.40764883476555	-20.0438099079959	5.75429521028174	1
X2925128	23.9934361076955	3.99793404262948	28.1932052508754	-8.35079055141187	1
X2925129	-1.09285390546535	3.93226070626048	-4.12657067425579	-0.809478476086187	1
X2925130	9.5900731855439	2.59280926930212	10.26231077921	-0.161462309665128	1
X2925131	-11.6903767265928	-1.05069188586231	11.399244430638	-4.45996125987717	1
X2925132	-24.0487930579081	-1.30744807570573	-0.783575056156404	-8.97680744747	1
X2925133	12.6103846988911	-0.16641290576789	13.0309408363689	0.36394324319151	1
X2925134	-26.0402399828804	4.03757841941714	-30.4694785866171	5.18755449199043	1
X2925135	-6.6303870732196	3.06996293945681	-20.247906996791	2.75311765711488	1
X2925136	18.9860197122438	3.57614202594441	2.47444084469331	2.59905101745266	1
X2925137	-12.2264150755565	4.29289308182125	-14.5011661273425	2.46280966463672	1
X2925138	-7.04038418003397	-3.8838848300805	-4.14565211962049	0.361928376425492	1
X2925139	14.2575845825139	-3.06780782952027	26.0554037623663	-6.29758770084792	1
X2925140	26.9214801901199	-2.94297070241675	33.5669993614917	-6.53164798155276	1
X2925141	6.72457234965584	-1.03736147777936	13.4049790874012	-3.7616163966173	1
X2925142	1.59304614483234	-1.58375135478314	10.8007760031147	-6.64273552932569	1
X2925143	2.5543600919428	-1.5690171344296	12.2283154877926	-3.4942048429744	1
X2925144	10.6058708688897	0.392434938310495	6.20579831508302	2.7108056208005	1
X2925145	16.0398241888096	-0.545545648842597	15.7225458403084	-10.5204718009174	1
X2925146	2.63259597952061	-4.28314206769323	28.1943885108396	-12.4116655100298	1
X2925147	50.4959842489073	-1.40277600087932	81.0931306667712	-5.88730760461809	1
X2925148	-17.8083867238221	-1.74607120178247	-15.9655384705132	-2.47848519325298	1
X2925149	20.1146591305396	-1.84220259326926	31.2215856250971	-4.74143688100593	1
X2925150	11.3601571021228	-4.76425872917254	7.99279971566208	-4.10335658595948	1
X2925151	26.4410210100463	3.41050732757855	18.2290339074931	6.68338147983908	1
X2925152	15.227358047372	2.35049926095377	-12.3746657519104	6.29949631172112	1
X2925153	-18.9006059713037	0.952128695592187	-25.1254198446008	6.32389535040563	1
X2925154	-13.3496671651291	1.90293027174528	-33.1536972069265	23.4203141895739	1
X2925155	7.22628292521352	0.235663904295225	3.59488288137229	5.00533963583868	1
X2925156	3.63418748066364	1.02234783109512	4.95350365511921	-6.1084610129187	1
X2925157	4.90611401611011	-0.051498241149433	-6.31497784348785	9.73082198871095	1
X2925158	37.7794172614215	0.183896414941237	46.8682758423458	7.47550667928187	1
X2925159	2.38302685662133	1.56713659918463	-5.59431956928462	1.1414784843214	1
X2925160	-25.5386015256836	-3.89178830595026	-3.48730048447437	-8.21059950017298	1
X2925161	-19.9007879443312	-0.845406032614702	-13.9181843187691	-3.34544874899013	1
X2925162	-40.750352161292	0.992132096354351	-49.3635522683726	2.83398716951899	1
X2925163	-25.9127904326738	-3.69765883223309	-12.3594858042929	0.796601601306087	1
X2925164	5.6233287559572	-1.77360689169082	2.35865181023546	-0.809163805079431	1
X2925165	32.8316317849134	-1.9932102249723	28.0255546770216	-4.24479707070296	1
X2925166	-14.9825479928686	-1.63346030020675	-17.0782483377186	3.37754303779827	1
X2925167	-29.7413777377324	-2.21692473116387	-8.8769650249079	-1.89929369778202	1
X2925168	23.2619149484874	1.16627376436182	26.2229610820134	-2.56638337768992	1
X2925169	31.1297014914863	-0.0788985710843603	24.064696020965	-1.17612672914928	1
X2925170	-2.34870334783657	-0.853714165070091	-0.713713293370316	6.27623727722991	1
X2925171	20.5517924696137	0.12041694719533	13.0202679943295	4.32111469307399	1
X2925172	-21.6736217940725	-0.915125127906428	-28.5169421852873	4.00357696021622	1
X2925173	30.6646374604709	5.45131475701565	26.2910650888749	3.9608266336122	1
X2925174	4.45987558944898	1.76343965952744	-7.98617383163616	6.2486577676617	1
X2925175	-1.03547674391276	2.35750431486287	-6.05164871268869	-4.9042841287594	1
X2925176	3.78757039506978	-4.71707055964956	4.33273078575182	3.5546841269732	1
X2925177	-13.8474793097083	2.95505445137266	-26.5403999345168	6.26075902494517	1
X2925178	5.87841696281586	3.70600071084527	15.8991291017334	3.06480857288454	1
X2925179	-9.71905934117683	-0.49842451433966	3.94278359225933	0.658017610452072	1
X2925180	15.7026484919899	2.66831693681057	10.1667346195191	5.37765957839255	1
X2925181	44.7688358456948	2.39450801484659	33.07461374014	17.3864066405531	1
X2925182	-22.0916251661413	-1.53023462896834	-11.3262177810382	-3.08883350258513	1
X2925183	25.8883966519096	3.26577411892346	20.2162522851996	1.68817095061749	1
X2925184	5.85175008480711	-1.29199755541734	-7.13391061635843	4.20789347863533	1
X2925185	3.67106747653427	0.0889275876730361	4.87512431066445	3.95913219394711	1
X2925186	50.359459577384	7.0584344957956	25.5978941307861	9.22185805853693	1
X2925187	-42.6288169937372	2.77100121275644	-41.5062986231922	2.17349443307984	1
X2925188	-28.3063850989823	4.30789547056035	-52.4355985582389	6.24351600316959	1
X2925189	21.7213564464013	4.47671011711024	13.3389240239166	4.89713886107547	1
X2925190	12.895288471677	1.58263629770258	23.3140836969281	1.87698088848161	1
X2925191	-14.6083237935587	-2.99391424221862	-3.13943647783942	-10.0069837422418	1
X2925192	-26.8418433802548	-3.06668778472915	-26.8537413379995	-4.26498592832327	1
X2925193	18.8537455226746	2.17650265116058	14.4856466076438	-2.89869859563426	1
X2925194	0.332137702247707	2.73518669221381	10.3479767792843	-0.303754881967488	1
X2925195	33.1206775264103	0.00167354347881998	22.5484132205055	-2.70068143767915	1
X2925196	-18.3824640983266	0.127922445330654	-1.60914404491866	-16.9397202731599	1
X2925197	15.4042593578449	0.47479405294	2.01787237954359	-5.21004744289993	1
X2925198	-30.3907297865432	-1.49089186123652	-4.00080367943282	-2.01313733832998	1
X2925199	-0.344035420627067	1.91776212562468	6.62333750409587	2.18492547224388	1
X2925200	-7.95557590358974	0.438171008180358	-2.29389684606652	-8.3703255239558	1
X2925201	-7.92264016057685	-0.269087279801081	1.15247012007724	-8.20459898165953	1
X2925202	19.1843765147228	3.10845640363706	16.1009754577262	1.81113686623264	1
X2925203	-20.2938355545391	2.17484452067132	-11.1333120565498	-7.69316289672363	1
X2925204	-23.647604437456	0.746036398655759	-34.1050986897623	-5.41508609374062	1
X2925205	-1.97225124378093	-1.00847435366907	2.06935461816468	5.01699918525844	1
X2925206	26.7682660569898	0.93118568167328	7.88010164616897	6.32916176558926	1
X2925207	21.0512224578913	-1.36589290757458	19.3227403940097	-4.57314991294576	1
X2925208	-14.1327643272395	0.128857710635301	-29.1433423058185	1.83039002602269	1
X2925209	-8.59890453120583	-0.0748882125570005	-16.3648649717274	3.28568678304661	1
X2925210	17.1405122442167	3.37907223560295	0.365209071748237	11.1797434196523	1
X2925211	16.890748551617	1.05437797245143	11.5989234261156	0.414887704320949	1
X2925212	-6.60987138945518	1.91887863530885	-9.15928439863934	11.4664123124872	1
X2925213	-15.2266570754581	2.88442988598527	-28.7033825933531	9.87078747945156	1
X2925214	-1.55801137760588	-0.847821209524823	3.38637297990476	1.7704362044941	1
X2925215	-0.839623993745545	-0.451699180558093	-15.5873828815102	12.4894085538028	1
X2925216	7.79443467987563	-1.23074065310822	-10.5046601917185	6.00692918222711	1
X2925217	-15.8210431999814	-1.45277361932078	-19.7190934530697	3.78384530509682	1
X2925218	-6.10238693400656	3.10998490814773	-20.2596188946888	7.01077520186856	1
X2925219	21.3264757300752	1.7247229688885	8.71315237384804	10.8411910826098	1
X2925220	19.5842823400463	-0.0793923489948407	19.3646605284479	-3.03885383638372	1
X2925221	-0.327773341434066	-0.0532158237181494	3.38783652071484	2.82313033815231	1
X2925222	7.73888181623289	5.0623155389656	3.74760920074222	11.7488384330308	1
X2925223	-10.1192832530899	3.76035759068349	-27.3846472371737	7.82260591543073	1
X2925224	-14.8128470372296	0.118576314180167	-25.3419147877914	-4.62663679269196	1
X2925225	8.7428035847973	1.16000939366756	8.09048389144113	11.4826885419404	1
X2925226	-4.8590204505427	-1.58677235517848	6.34085509009382	-4.87525825210721	1
X2925227	2.23166121804469	5.31798590576532	0.656132759336074	12.7717797968531	1
X2925228	-35.6906806951853	-3.22021221666822	-19.9024062112213	-1.16542658299401	1
X2925229	22.7255481902901	0.309531527959884	23.6149731230318	2.9773593615483	1
X2925230	-6.74245966746615	-5.11654319699408	-7.30327112152011	2.82335898667319	1
X2925231	-5.29957866389466	0.0470342658199168	5.10757197367807	-2.49015781194337	1
X2925232	3.86850323945186	0.809733288242589	-15.6458585711844	-1.16418310651593	1
X2925233	-9.34305368487069	-3.26946731980523	1.27490253381305	-9.39226643020495	1
X2925234	36.477607097944	4.22996246839408	25.9575784581874	9.27927279651814	1
X2925235	-8.73060759551501	-0.0135137598402005	-4.69406696382591	8.06790336064901	1
X2925236	8.29735206448464	0.973402030317363	7.25597676262947	7.32526623816455	1
X2925237	26.1382034180602	2.23793730569837	-7.68389914918169	6.93799935372589	1
X2925238	15.3806040846118	0.337152847101881	21.3969398366649	-2.15759512281784	1
X2925239	-24.7925892710993	0.764897067106151	-30.9700754064605	4.79257420980651	1
X2925240	-20.2944048483267	-3.89343384948006	-18.8542604950773	2.78621912499613	1
X2925241	16.0724708427641	-1.58515171309654	25.9104823346357	-6.923221561465	1
X2925242	-22.0942162960877	-2.46111347478404	-19.3349968851218	-2.9545522685451	1
X2925243	-11.8984140280502	0.0986325664473465	3.57900029189802	-2.18890243478931	1
X2925244	9.91924679193129	0.336719268455404	0.0432880539566567	4.62224878722132	1
X2925245	0.787938344628383	-0.26038986773089	9.86880598491202	-9.07988178561107	1
X2925246	-9.25968070367567	1.8057684074787	-8.93857678150696	-0.085750182834024	1
X2925247	-28.0299053547328	0.638825867354848	-9.62004084082459	-3.94982534499707	1
X2925248	40.4660797324661	1.21932310663838	52.1230904937123	4.32809116281614	1
X2925249	-6.80002666070247	0.0194965858614431	-4.03362636146037	-2.36350669627471	1
X2925250	37.6184612201508	2.65702781464978	13.6093913671558	2.39299641509844	1
X2925251	-10.9207402242455	0.227391651609748	-11.3772521330624	3.18030935932645	1
X2925252	-25.1390894655879	-3.02397152502435	-14.6509501670507	2.95306575489767	1
X2925253	7.90189817388729	1.00391235660247	27.3856184080945	-4.39903440652284	1
X2925254	-15.4521376225961	-5.08311766740618	-10.4474545132455	-1.2549770470185	1
X2925255	7.43556277526317	-0.0946555379553701	19.2555577630805	0.522185170631166	1
X2925256	23.2470800805909	0.713587226539646	15.2874574743673	4.39350228722257	1
X2925257	7.96156323879514	3.21484739748038	-3.10641502428876	7.00498198067495	1
X2925258	17.5243423977318	-0.857405901868051	8.58512087677011	-0.144999137902051	1
X2925259	-9.51657155017972	-2.14770964901105	-0.692911994444822	-11.0400287757337	1
X2925260	-1.82753320862809	-0.987420283558457	4.82163996903031	-4.70352631450771	1
X2925261	-9.12733993223773	-2.21470230733995	-2.21505034199788	-1.7681912128379	1
X2925262	-19.5676809161079	-3.85155820187552	-3.3574174772206	-8.12918870628617	1
X2925263	23.5340439850664	-0.427683593587105	30.3805012199535	0.6357641031587	1
X2925264	2.44008235360711	0.454473108359395	11.4193604417977	4.45248736821105	1
X2925265	-15.9670210481528	-1.07959135494568	3.07930524884997	4.1478064137857	1
X2925266	-31.0465351246184	-1.92075680673232	-15.165626287887	-8.19271686994349	1
X2925267	-16.2266274272623	-2.97011397079563	1.47624132475736	-1.68101689618814	1
X2925268	6.07819507749535	-2.12105950156026	15.0398091647202	1.76814697110424	1
X2925269	-4.88763076177144	-1.73874265993289	-7.70541979665267	-3.18974307389899	1
X2925270	15.7601455248381	-2.105879271934	4.12500642533744	-11.1619386300051	1
X2925271	14.2244516027132	-0.905894865913031	12.9632923210022	1.30155140222829	1
X2925272	-18.0982336841196	-0.535182255336207	-4.21906074900935	-0.982338343186997	1
X2925273	12.1395630586993	-1.26198369089069	13.9618078847946	3.55175663594203	1
X2925274	34.7082042230792	-1.90646604274726	32.1444008669958	-4.6631381867106	1
X2925275	-59.7015267484115	-1.34940919678567	-37.9973543522471	-2.90542666254421	1
X2925276	26.7904903319119	-1.79639698337039	19.8848792549787	2.44269985453439	1
X2925277	51.5666407684611	-0.77000891532464	37.3656455476205	-5.6906496812779	1
X2925278	12.4218869367732	-1.20609558363201	14.3206402681964	-0.385501308666106	1
X2925279	-25.3276556552142	1.56482433063877	-14.4661669137033	8.88292979887739	1
X2925280	-17.6692792014327	2.68548460085608	-16.8154863901525	4.36376578473499	1
X2925281	6.88313472821673	-2.28169409831649	6.08062327763343	1.21106195174381	1
X2925282	5.2883918011223	-0.281585612961088	-5.81275198671805	-7.03526814445999	1
X2925283	-11.1088660419588	-0.304425866005855	-2.35204827428618	-0.286348738153904	1
X2925284	6.11995754025831	0.00727287295882551	-12.1695559998007	2.44349345211246	1
X2925285	-1.01963615149539	0.604663595321292	-18.2095428159894	6.65852459510747	1
X2925286	0.166239224352447	1.0243297547682	0.363299780529902	0.897007874151716	1
X2925287	-10.7800740480751	-0.350350466998721	-5.9169508499999	-8.60269342118839	1
X2925288	8.26223228147559	-0.517562136944941	4.72042417073068	-9.36196888522623	1
X2925289	-22.998687719466	-5.50533896747595	-16.1458256939884	-5.73231283932724	1
X2925290	-33.079413497977	-0.670834169050116	-26.6498993652561	-3.6765105907292	1
X2925291	12.1598082404067	-1.31381033636745	9.30359991258004	0.495648159869478	1
X2925292	1.04806550616427	-1.03160224332503	4.81175453160255	-7.10125228822124	1
X2925293	29.1250222352987	-1.9096007182822	21.0347437609517	-10.8326024327843	1
X2925294	-6.49976378660502	-1.33340662190725	-19.0277516507681	1.80561046669218	1
X2925295	-8.60913216634739	0.551089340681422	-10.1501675413172	5.35055563350798	1
X2925296	-0.496356439995611	-3.93571170479042	2.96146843342821	-4.8022451688105	1
X2925297	-29.2509172479712	1.05387051254761	-19.5223720504662	-2.82548414487226	1
X2925298	-3.97785197365983	1.41338629430484	-0.507485969755106	-1.44894763068866	1
X2925299	1.78610504738073	2.04056712268093	4.27482499793514	1.06591907452931	1
X2925300	19.0762685588555	-1.37790846006019	22.5567203112242	1.07957406301299	1
X2925301	10.4227823254819	-2.93702135102939	16.0592653768169	-1.24839693553439	1
X2925302	-29.0324496973669	2.08781833888098	-35.770311304219	7.60229752714795	1
X2925303	-5.97527370492921	-1.6578594283583	-11.7219635939921	2.99200331614179	1
X2925304	12.3809601456287	0.53354907048995	-0.11611982639788	10.8479017397924	1
X2925305	-19.8745065804642	1.9139417356226	-34.2938240473825	4.24766480371175	1
X2925306	26.0635454831558	-1.07063140761372	10.7081871474404	-4.77682771047501	1
X2925307	-15.6888568133171	-0.13485739768395	-4.02577618659601	-0.513109610594635	1
X2925308	-4.89401076920463	3.21492018724075	-12.4130700369611	6.08008705824647	1
X2925309	-19.9810897458362	0.655605683274302	-18.2346062308937	1.25331752919561	1
X2925310	-27.0083338672555	1.22182450689201	-32.6367486865315	0.00165448230212273	1
X2925311	10.1123662264814	0.841626202744061	-7.26814281311736	17.3152558610979	1
X2925312	21.1008863009921	0.474095542555918	20.8483840082168	11.0435176232368	1
X2925313	-4.87859660586074	-1.47656960854189	-8.09287486734765	-2.32987294160514	1
X2925314	12.8010447376	1.01517475939057	28.6874862259522	1.46074393046839	1
X2925315	-9.03409919420995	-0.997454214178175	2.66732173053511	-8.95115293209698	1
X2925316	25.5866288303612	0.197089677306342	12.8168038787446	6.18215445889822	1
X2925317	23.0889538845911	-0.00837688141545373	-3.62914195953049	8.16318761194259	1
X2925318	16.6843849334498	3.43385489734494	1.54125125235374	6.36189955979449	1
X2925319	-16.8780030691684	3.25809278315996	-34.8282224217654	4.27889622730385	1
X2925320	13.8980212469992	4.37319053947398	-19.5635083163203	14.9516439106122	1
X2925321	9.23026965082824	0.706221623328536	9.33757063958188	4.04548905938683	1
X2925322	12.7113752216268	4.59785440919372	-8.87453413377192	5.94209710950181	1
X2925323	26.9625373180571	-0.0982391224593139	13.565874097944	7.17854813090619	1
X2925324	-4.4336366589151	-0.262757297017812	-12.1741919401409	4.95979741942908	1
X2925325	8.76436778238116	2.40749358508565	1.13046074691895	-3.0476195677256	1
X2925326	-32.9965684658868	-0.821036099694196	-19.8568338164074	-3.97650512540683	1
X2925327	6.05917255880592	-0.96192593718566	0.314706067374489	7.22345267486498	1
X2925328	3.58047327737922	-0.621447589136172	-2.42566015634459	-5.72545764624481	1
X2925329	2.64843446577176	-0.95439237184093	-0.328226729147562	0.537033208667111	1
X2925330	25.8833351384669	2.5110944297826	-2.440648216045	0.280751399516157	1
X2925331	-2.92303708367479	-4.16329568360514	6.05007671123826	-0.858188842285307	1
X2925332	-23.5311694817555	-0.42566637215275	-33.8280875262191	3.1142172022315	1
X2925333	39.9094056551223	1.00361974153143	40.2980460635177	-0.165562547265983	1
X2925334	-0.265806890261032	4.25679517571688	-19.9626245231109	7.81263707722314	1
X2925335	13.801791577689	-0.217351452292211	0.499014161053855	-3.037814840335	1
X2925336	13.7508298850608	-0.53157023958086	14.8470309030784	-4.89100619754266	1
X2925337	12.2762400043095	-1.65910866252519	9.28027571529807	-5.48218187737445	1
X2925338	-10.7526747832874	-1.15192189739119	-14.495948885966	9.25992884485466	1
X2925339	-11.6818884531048	-3.62500014456804	-6.90397361777112	-0.519886167797839	1
X2925340	-22.2776265174401	-3.56900413115714	-25.1570974948665	0.651292927928909	1
X2925341	-30.6434267568085	-0.360451052586718	-10.9010057111988	2.32505274683449	1
X2925342	-12.8045820566545	4.33511625709968	-11.8908333780839	1.54276056614439	1
X2925343	28.3424611130454	4.26207294839996	31.2763924947511	3.75955446039714	1
X2925344	30.2111506202688	2.22470120111488	7.20444104003342	10.6826359095192	1
X2925345	-21.5363626170283	4.08092011612917	-19.9691764378343	8.85290751050981	1
X2925346	-13.8293581255341	-0.223508969245908	-13.0839490915069	12.8986816968404	1
X2925347	5.6119649706638	-0.755810637757541	6.21266884398489	-1.53082272029375	1
X2925348	-5.77889121312647	-1.14560012912354	0.489942921853744	2.30072938388346	1
X2925349	3.10490521736913	2.99330645769102	-10.2331026316953	4.77654099580345	1
X2925350	34.5234259400358	-3.16930776153067	33.4274826790058	-0.143589120528431	1
X2925351	18.0298093580612	-1.59736559112346	9.72369396770398	-12.9966774614336	1
X2925352	8.45160914308513	-0.890356139298453	13.0740791408732	-3.06849494259327	1
X2925353	-1.55442796272693	1.72837116749841	-9.79351045620439	1.37110335154891	1
X2925354	-13.076560951648	1.57390663947092	-15.6312991732761	-10.6047940493918	1
X2925355	-14.4862430768179	1.41087190256997	-7.83878371607182	-10.2457045946459	1
X2925356	7.42716688642941	1.21050438579854	0.790531683240952	-11.0618143631946	1
X2925357	-2.90621978707208	3.92121315176692	-11.4143554783939	1.62954990480581	1
X2925358	-34.5914541719053	0.319788785270924	-35.9486808179872	6.13028559467714	1
X2925359	-4.71339996355256	1.71448136066534	-10.7125801139048	5.98507375977465	1
X2925360	18.2423788414405	-2.31716549791346	19.70509771916	1.54187661618071	1
X2925361	2.21426229414293	2.65863492773264	10.4196373115934	7.56556989557797	1
X2925362	10.9113909017485	-1.74443158738447	-8.21276415551368	14.5846026152358	1
X2925363	11.3206135619097	2.28450450502268	16.0535455541851	6.77735891979549	1
X2925364	-26.7488248381132	-3.53664954136045	-37.9676193394818	4.67744739395335	1
X2925365	29.4633854207775	-0.696430839219917	21.0929626512871	7.79579038014595	1
X2925366	-6.89204465986685	0.141171599980233	-11.0394319411372	1.6925613020044	1
X2925367	-24.0235830931193	1.14508668505509	-28.0208775169311	-13.4279186667585	1
X2925368	30.5100695692308	-2.5793074342133	22.4574266029123	-6.48822005791246	1
X2925369	-15.9946222915648	-0.51970397974857	-9.02623310613676	3.23760648708641	1
X2925370	27.7553955358404	0.0830543811854547	29.281651141626	-4.02884090686534	1
X2925371	-51.7688467299079	-5.78922359911777	-38.7114491417384	-8.37106600671025	1
X2925372	-18.61541790606	-1.97723341264017	6.56437078702038	-9.20139979813836	1
X2925373	14.3834488135582	-2.38274944448593	38.4447668987079	-6.44544614409576	1
X2925374	-51.8477856927722	1.55770952953665	-52.8940696616318	3.00247051507447	1
X2925375	3.84348176004927	-4.82569686977379	-2.86674831859912	-4.97707663398998	1
X2925376	9.74298403685379	1.73183248635136	5.57339528816748	0.710383529433927	1
X2925377	-13.4935767022957	2.75016625464739	-24.5319541522852	-5.07191756441484	1
X2925378	-9.03496967503288	0.13440263310347	-8.49888717700788	-5.3454595942771	1
X2925379	2.00395579600719	3.29754879080841	-11.9148167335327	-0.816920428936026	1
X2925380	6.40294279658583	2.30360184336524	0.0124508741489127	0.761173503559202	1
X2925381	23.7900177295788	0.950206196868993	22.8975838903918	5.27113772973622	1
X2925382	1.60627590505057	4.17722540874354	-7.95867227955494	7.5568895303611	1
X2925383	-5.04928199930477	2.9263872264573	-0.840139526101317	-2.03439671699406	1
X2925384	-9.16352071282661	2.98911223836539	-2.18160762350546	-0.465994448442933	1
X2925385	0.157513809096026	4.34954692819704	-26.6839527040926	-0.530425319320467	1
X2925386	-4.43796384449153	2.21614355236119	-16.5860568259688	11.3395397812088	1
X2925387	27.5164348620921	1.80544993081631	9.37618047082933	7.83983896562996	1
X2925388	16.6889128849649	2.8889328594959	12.4505634363874	7.47980901296161	1
X2925389	-1.99570733589488	2.63399044559019	-13.2176873567897	1.99638355039252	1
X2925390	47.4245980063088	1.98027612436955	45.7905897221846	3.88972766906855	1
X2925391	-18.8178452944094	-3.84926910385751	-2.55856813088674	-0.934948300673579	1
X2925392	-2.49972976295167	0.529613090571239	8.99724076828974	-0.780841163562326	1
X2925393	-32.3431850577025	-2.27288618020644	-28.9987441163887	-2.47467500535573	1
X2925394	-5.29757822105182	-4.21794036765602	9.39096749764783	-9.38509725968482	1
X2925395	-46.3073974453447	-1.61034520481989	-51.1086178885903	-2.46775363693978	1
X2925396	17.0879571227432	3.41975256463129	20.0176946699567	-0.421985905226297	1
X2925397	-32.0726540027582	-0.276406730224063	-19.6959332126757	-3.61841861638429	1
X2925398	-31.476715458321	-1.81309477929331	-11.9819419640461	-9.00824608512901	1
X2925399	11.4668635543395	2.88468300201528	-10.3348087586264	10.8314772910732	1
X2925400	0.325074253125672	0.540431539930201	2.1041533447446	1.84888657733139	1
X2925401	10.2851299116241	-0.234362916504207	16.6675693426807	4.45668284372252	1
X2925402	5.39566464272746	-2.81283790981355	5.70851915934701	-3.20983033783617	1
X2925403	-11.5658746309678	-5.44165162611277	1.49133496068167	-4.82328676731317	1
X2925404	9.97641927713899	-1.00267010076248	-1.67936496168018	8.6240235416825	1
X2925405	-11.507122732448	-2.77891159973659	-4.86004165197439	-0.8313872198653	1
X2925406	-40.2494868890747	-0.31109262003135	-32.0635883034291	5.68511827840418	1
X2925407	27.3805213120033	-1.16082206966512	40.5243190532393	-1.70956504597816	1
X2925408	17.9102996210437	-2.33062409757184	22.6752618260604	3.27570154873463	1
X2925409	-24.9391424067109	-3.40381474980512	-15.4692122225933	-8.17989252247703	1
X2925410	-32.2642717155052	-0.237000767263768	-8.94995973302741	-9.81998645840922	1
X2925411	-18.9981496391889	-1.08803813937294	-12.488741331837	-0.892837855501533	1
X2925412	3.1985724216941	3.33145658511152	-4.85829851014141	10.5480341462495	1
X2925413	-8.17491392832644	-0.658256874252462	-4.82081808471093	1.89457567086724	1
X2925414	14.7234322475642	-3.16707515545164	3.50922363097853	3.86557040037958	1
X2925415	-2.21300311590252	-0.716970583464968	3.60813206799812	0.800316621616409	1
X2925416	22.1676102836541	-0.569843364167227	16.0673004086244	-1.51271731773908	1
X2925417	-29.7199953603005	0.570286294532308	-21.8735216098864	-7.78052424677924	1
X2925418	0.0244699472651	1.85579644820446	-22.0521482695194	7.79639449892235	1
X2925419	14.3215097394073	3.79679066072979	0.80000917083041	10.3311942107254	1
X2925420	-14.4939500911488	1.33533598531335	-21.97888488165	-0.784807568939322	1
X2925421	4.8437397991505	-0.0628910624361454	-2.6618478094399	9.09311923542595	1
X2925422	-5.10346996426422	2.63840520360685	5.48622190238685	-10.9729397409201	1
X2925423	19.0517472795478	-3.51234734825817	26.8080256108036	3.47426706395157	1
X2925424	-12.0287363860904	-4.09579622621456	14.3638454236605	-5.13551572008248	1
X2925425	17.2752230679955	0.76182001360056	18.9653536547188	3.20887782002081	1
X2925426	-51.5255315430736	4.82311013146656	-42.6632576513632	-5.38600620301932	1
X2925427	-5.4334036791515	-2.27932727263201	6.12142966315284	-5.10169951086414	1
X2925428	-16.0849489883132	-1.79931742092187	-3.9644014670358	-13.2101836156739	1
X2925429	-30.164350721543	-1.46757544818596	-7.90967323025243	1.64509260633412	1
X2925430	24.7529416066928	-1.32551785190113	27.9568129357274	-10.2950930891398	1
X2925431	-23.7002311328423	0.14443006449768	-31.0042830410451	1.11176908527053	1
X2925432	-5.75400278499495	2.31406941633111	-25.1311822072719	-1.05713539010598	1
X2925433	-9.63008647428024	3.34602713880818	7.3899807037162	6.1421567020679	1
X2925434	45.3286660975676	3.5948617325229	39.0156750081904	2.09743750130804	1
X2925435	17.1250975251331	-0.738275658744349	19.6546959199507	3.12485548107089	1
X2925436	-3.65144413580113	0.187614145925931	-4.17101942258391	-2.83059167764634	1
X2925437	-14.2174576539404	-1.55011451453799	-2.69739029942863	-1.11645826355992	1
X2925438	-49.6469109850413	-1.22306986812668	-45.8825543204059	-6.94684067349321	1
X2925439	14.5122191771521	2.10528315231367	14.6088311557419	-7.01512866989271	1
X2925440	-7.71871019207007	2.29391493511991	-14.2218106670503	3.45423292416141	1
X2925441	-11.191628312493	2.26866928097557	2.30017490577535	-8.43253728868078	1
X2925442	-11.3292492791375	-3.66936978681128	12.8620191405905	-5.65792388673027	1
X2925443	-18.9983427114862	1.21511268201301	0.771983962807671	1.16891251134848	1
X2925444	-8.19835489948995	-1.22181668930036	5.50516805515239	3.24592312125342	1
X2925445	-11.5144520263956	-2.07273991419502	-0.070369426773456	-4.70512735212722	1
X2925446	-6.35587258857297	-1.31702249736032	-2.74927463435537	-5.21054513014276	1
X2925447	4.33854119154445	-1.88692713699294	15.5486665559918	-5.05221904252228	1
X2925448	-18.6074154659284	0.739400072158496	-31.0977166966812	4.1127798580364	1
X2925449	-30.8285566815057	0.5045831807886	-33.2675314563959	9.10819041759496	1
X2925450	-14.5091395190922	-1.49352437905728	-18.2496484648923	4.52276688366803	1
X2925451	-3.02124011830708	2.2874386962644	-4.95306006557466	-4.19067274323703	1
X2925452	11.5158750603214	-2.04810661907303	4.83835851601585	-0.871960365543912	1
X2925453	-21.7121795492424	0.396316479522009	-19.6796489537923	-0.994772538941483	1
X2925454	-24.3805995619116	3.51414128488516	-36.7963045607123	-2.40443566638945	1
X2925455	6.11478128176815	-0.61070707567997	8.47285883934906	-6.81736884786883	1
X2925456	8.7707288499507	-0.0233915791296815	25.0538249978897	-4.39528002332269	1
X2925457	7.3031079874538	0.504564480919444	4.15825984125439	4.19495244771037	1
X2925458	-27.868808663729	-1.98025419653246	-24.1222440029103	1.22343827499489	1
X2925459	-0.946705158871422	-3.79570791856511	10.2961803015667	-0.866821665125929	1
X2925460	17.0136648742692	1.73086874918611	11.2317922511522	4.4965868134409	1
X2925461	22.4469637028751	-2.69501068675559	27.6954570466712	5.72808923956234	1
X2925462	9.58406483960649	-0.546816946936653	8.96705544823315	1.70569169825286	1
X2925463	18.2916508169376	2.12399703438788	6.60339123341255	2.89115457900979	1
X2925464	-21.4064809926208	0.644437007719359	-17.57825521156	4.79172586994321	1
X2925465	18.9233682346436	-2.11060428382477	20.6047706944085	0.579139391396653	1
X2925466	-32.2881892351728	2.46947152480237	-33.8918696768037	4.55976196034258	1
X2925467	15.7068352130599	1.76412187492411	6.72394068646677	9.30632730247976	1
X2925468	20.2769629405476	1.4272188220798	20.2049773744028	5.24975536065703	1
X2925469	-14.8761093815657	-0.458762771502918	-5.54714161515798	2.29443667046176	1
X2925470	0.580036754855293	-4.51074962881738	21.0640513045868	4.08378274440144	1
X2925471	-20.530269149476	1.30344250986108	-15.5085957750308	-8.20330811114825	1
X2925472	9.4120629670885	-2.30465831249115	15.9753495928704	-6.7319235130316	1
X2925473	22.4050880217915	4.22375534646106	14.4076389528253	7.9783437329045	1
X2925474	-7.22979788918024	-1.13563500228815	1.99457532649136	2.39097733439906	1
X2925475	-2.86642713582047	-5.01918624407536	7.83387130196692	3.81955590489802	1
X2925476	11.2038744097107	-0.16480362450185	15.7437158537304	-5.61815779449035	1
X2925477	-23.0711265723471	-1.71775493309502	-9.95548423320803	-4.24225537797064	1
X2925478	14.4578468663173	-0.472334374234739	17.5485150373132	4.76811718138954	1
X2925479	6.92424535348246	-2.05425898458229	27.9236129720369	-8.57657678325529	1
X2925480	1.20005557117176	-4.28641435067128	35.1225625812654	-9.27152647397399	1
X2925481	-61.6928229534481	1.23995908386639	-52.675087308215	-2.4544952707729	1
X2925482	14.0048731161418	-0.760593952719034	11.9288819063963	1.41567286390876	1
X2925483	-4.99906166634126	1.53325447738926	-5.84910782243615	1.77615184279051	1
X2925484	-4.84738296451452	-1.45248055749095	-12.6997352492018	-0.520840308873326	1
X2925485	-4.4237760340571	2.42615934460006	-20.2883841561483	4.56240837689115	1
X2925486	7.91614833236733	1.22173119181177	7.91678978752395	6.48944293893005	1
X2925487	-22.5672669438062	0.331560881680243	-30.7185161765273	4.76140786505839	1
X2925488	-28.8665583131541	-1.70550149375108	-25.6327881093683	0.106080396116078	1
X2925489	11.6846801698825	0.967125875231557	4.53955541621588	-0.999400334763296	1
X2925490	-1.41933649097326	4.8723781723196	-22.490271121374	13.1131810634717	1
