<Trait>	Trait_1_H2_1	Trait_2_H2_1	Trait_3_H2_1	Trait_4_H2_1	Rep
X2899731	10.9367658185529	0.95412315185246	13.1648665358293	-3.18222386912882	1
X2899732	27.3231494684666	2.06820670997079	27.0769376170175	-1.82199485852145	1
X2899733	28.5692326628597	-1.80885822595978	37.9687971190003	-7.59070623018075	1
X2899734	4.17634250673746	1.99087783009857	-4.17503536422447	6.36050004086342	1
X2899735	-4.97583039457948	-0.588544886472602	1.31352832178547	-5.70081382989239	1
X2899736	23.9103109033386	0.107115584315572	28.6636217040806	-4.86042638505766	1
X2899737	22.9783893196851	0.107115584315572	26.2920316014393	-3.42075786606981	1
X2899738	45.5115110084462	2.06820670997079	44.8672327324906	-1.42392843401528	1
X2899739	44.7739889345708	0.240972995505506	54.8350327561367	-10.3020168170715	1
X2899740	10.0280370428594	1.99087783009857	3.30772526503097	4.72943394772987	1
X2899741	24.3938843665889	1.22736111124694	27.0356075038566	-3.86908424851477	1
X2899742	3.82507639284346	2.79907337477281	-1.72764122146467	2.75364423953541	1
X2899743	-11.6168564491909	-0.103973414688775	-13.8387265291437	2.32584349464171	1
X2899744	32.9402196710611	-1.89526445440389	42.5388201769924	-7.70333605152757	1
X2899745	38.9107700247733	-1.83357690982655	46.8793636937645	-6.13501675916464	1
X2899746	31.3128026719796	-0.103973414688775	28.2051795404198	3.21159654624858	1
X2899747	34.0242460502176	0.531963479346624	38.4315973817153	-4.93931481084438	1
X2899748	38.2761766432991	1.21739043516241	41.1151231026175	-4.056336894481	1
X2899749	37.6879881290223	-1.6733900792742	39.1951012340588	0.16627697423747	1
X2899750	-6.41162108663622	1.99087783009857	-7.15519186859005	-1.24730704814472	1
X2899751	54.0214847286319	-0.747054115129418	56.2062504315575	-1.4377115877965	1
X2899752	45.2525624708567	-0.747054115129418	49.6022511374936	-3.60263455150756	1
X2899753	31.2043877638446	0.330967207792013	31.114473729847	-0.241053173794395	1
X2899754	12.9886945187335	-0.572204534023168	9.97063557759125	3.59026347516544	1
X2899755	-16.4192883212796	-1.624556806182	-12.3072186241712	-2.48751289092647	1
X2899756	4.391658825038	-2.39863569042182	8.75779695673587	-1.96750244127595	1
X2899757	14.8588823940344	-2.27211539564371	18.8856495773631	-1.75465178768505	1
X2899758	-13.6901088697184	-0.163434152553695	-15.5620481062803	2.03537338911558	1
X2899759	-22.6687097078735	-2.14643680935513	-10.9627102836442	-9.55956261487427	1
X2899760	4.13810291553276	-0.270022512138182	9.53774623958703	-5.1296208119161	1
X2899761	-15.6871379654851	0.531963479346624	-16.7872270484991	0.568125603667359	1
X2899762	-1.14951688458026	-2.56125936544914	14.1161846343223	-12.7044421534534	1
X2899763	8.61733547595549	-0.132987199134252	4.56814013092664	4.18218254416315	1
X2899764	10.4637126601204	-0.806895145671067	15.3649917870763	-4.09438398128479	1
X2899765	-2.11049350131623	1.29823865070907	-6.06511043050466	2.65637827847935	1
X2899766	-27.8938605659064	-2.8978309782541	-20.6038613915661	-4.3921681960862	1
X2899767	-23.6098198070364	-0.163434152553695	-31.7831879739656	8.33680231948287	1
X2899768	14.7867378297103	0.301346250086285	17.4154148731701	-2.93002329354606	1
X2899769	31.3486506555009	1.21739043516241	28.7410790958217	1.39018112451682	1
X2899770	56.7877259128456	-0.732375928949451	64.4868710815931	-6.9667692397982	1
X2899771	15.1354198937985	1.18268228542433	5.0175194058279	8.9352182025462	1
X2899772	13.4482023000791	1.21739043516241	2.61880777571776	9.61200408919891	1
X2899773	20.1262109986537	0.531963479346624	18.8705348347462	0.723712684560979	1
X2899774	24.857259423923	-0.921903696235668	32.9239656598068	-7.14480253964805	1
X2899775	26.0142091030315	-0.921903696235668	33.8053069114141	-6.86919411214704	1
X2899776	4.93796047774298	1.18268228542433	-2.97433042431979	6.7296086166384	1
X2899777	7.37747973978398	1.18268228542433	-1.93243235215859	8.12722980651813	1
X2899778	17.4140787391308	1.21739043516241	6.59476722659029	9.60192107737808	1
X2899779	16.5068549235909	1.18268228542433	10.3073671137549	5.01680552441158	1
X2899780	25.7156979134133	0.366574160354026	17.3921698681631	7.95695388489611	1
X2899781	33.301507507114	-2.47131953686174	39.8060994317723	-4.03327238779658	1
X2899782	20.1769644689153	1.21739043516241	17.465891083451	1.4936829503018	1
X2899783	13.6897969141999	-0.090931820136692	14.8015633953343	-1.02083466099771	1
X2899784	-14.1019295547037	-2.11692459010439	-11.3166298646143	-0.668375099985041	1
X2899785	16.5068549235909	1.18268228542433	10.3073671137549	5.01680552441158	1
X2899786	17.7472350312317	1.21739043516241	11.8799813534392	4.64986324263014	1
X2899787	-20.6374704174146	1.99087783009857	-29.4965120110839	6.86816376357067	1
X2899788	9.09038359639911	1.99087783009857	-0.061389620088292	7.16089538638877	1
X2899789	18.4638370414721	1.64200239098158	12.4762887144459	4.34554593604464	1
X2899790	31.9225051256794	0.914547907326854	29.2696908735842	1.73826634476834	1
X2899791	45.0371241187809	-0.111359594110435	42.861057544076	2.28742616881544	1
X2899792	21.3112715725117	0.914547907326854	11.4519392775598	8.94478438762516	1
X2899793	16.7230864795347	1.64200239098158	3.96852443370616	11.112559654847	1
X2899794	20.4040776733731	0.366574160354026	19.5715556886741	0.465947824344946	1
X2899795	2.06046450078405	1.64200239098158	-6.78600174788639	7.20446385768879	1
X2899796	14.2061555367471	-0.111359594110435	17.1967442960622	-2.8792291652045	1
X2899797	0.231032122330305	2.32766528600925	-3.6288277730912	1.53219460941227	1
X2899798	34.9630592553142	0.186264282165044	28.3998981859785	6.37689678717061	1
X2899799	24.0415142009448	2.32766528600925	18.7737537942092	2.94009512072651	1
X2899800	-6.15873503804559	-1.28468162613861	-2.94758179528226	-1.92647161662469	1
X2899801	14.0973727458516	-1.99124600381581	19.0088900653611	-2.92027131569362	1
X2899802	-8.80504598863394	-0.131781240266322	-13.3281876042139	4.65492285584627	1
X2899803	12.1168367480827	0.69706234078944	3.09107957276588	8.32869483452733	1
X2899804	26.7735735735235	-2.13168069972976	41.8181693727789	-12.9129150995257	1
X2899805	23.7238917743834	-0.163434152553695	21.0665134579744	2.82081246896274	1
X2899806	-16.9903772568975	-3.04178961083951	-15.4913100584296	1.54272241237165	1
X2899807	6.81691973626511	0.420185810022029	1.49398069704525	4.90275322919786	1
X2899808	31.0141681619041	1.64200239098158	12.2849040605515	17.087261710371	1
X2899809	-20.8471924975197	-3.23440259105906	-17.3902639605874	-0.222525945873242	1
X2899810	8.29992843863607	1.64200239098158	1.97950200572316	4.67842404193136	1
X2899811	15.1457888240844	-3.04178961083951	18.0720991889243	0.115479245999582	1
X2899812	21.1687319068368	-0.58546574154525	22.8205241491445	-1.06632650076231	1
X2899813	-9.55837713797403	0.301346250086285	-3.74914546297639	-6.1105779250838	1
X2899814	19.1335124215433	0.420185810022029	25.0403972666225	-6.32707065510109	1
X2899815	-14.323478483113	-0.163434152553695	-10.7804547291655	-3.37958960139375	1
X2899816	21.9492827056254	1.52459619640824	16.2880292468156	4.13665726240154	1
X2899817	-0.396948575334562	1.52459619640824	-6.15539342867176	4.23384865692892	1
X2899818	11.3031886376078	0.95043006214163	9.33979779027435	1.01296078519179	1
X2899819	1.56012382277687	-0.163434152553695	4.33001949296877	-2.60646151763819	1
X2899820	4.86248105761812	2.01221971839369	3.69179946202331	-0.84153812279886	1
X2899821	-6.12669976007675	0.420185810022029	-9.81070246787974	3.26381689778097	1
X2899822	-24.7119009237749	0.420185810022029	-22.7985043139824	-2.33358241981449	1
X2899823	5.0361028166036	-1.36553042120543	5.67314534741522	0.728487890393848	1
X2899824	-8.58668837135067	2.01221971839369	-11.5697025367694	0.970794447025023	1
X2899825	-25.2484314114635	-0.801630770937524	-13.9921697517803	-10.4546308887456	1
X2899826	-11.9826362890555	-1.99124600381581	-4.9306010055857	-5.06078927965402	1
X2899827	5.60797961152531	0.95043006214163	5.10782301313701	-0.450273463753276	1
X2899828	0.0630039862540102	2.01221971839369	-2.95262075048808	1.00340501834835	1
X2899829	-14.5771333310397	-0.58546574154525	-11.6501529845829	-2.34151460491168	1
X2899830	13.1574248471288	-2.69781038149302	22.4670644515852	-6.6118292229632	1
X2899831	-11.3246057113093	0.301346250086285	-5.2768953165801	-6.34905664481542	1
X2899832	-10.3232367623416	0.301346250086285	-8.00627444041442	-2.61830857201348	1
X2899833	43.6076231393784	1.18268228542433	41.2244127309367	1.20052812301739	1
X2899834	31.1251490430005	0.472426358562278	29.5392074037045	1.11351528073389	1
X2899835	-12.0221924747118	0.95043006214163	-15.2482262718927	2.27560373503931	1
X2899836	26.7181419204468	1.21739043516241	27.5150012131968	-2.01424972791263	1
X2899837	29.3734981205237	2.32766528600925	19.8567207349168	7.18911209959748	1
X2899838	-16.8874836489324	0.472426358562278	-17.0888667722328	-0.271043235262045	1
X2899839	16.3740881004162	1.18268228542433	11.6693219396471	3.52208387534488	1
X2899840	21.9555905354188	0.301346250086285	25.8189290256447	-4.16468474031209	1
X2899841	0.312379361450311	0.95043006214163	1.69403006425713	-2.33208076494837	1
X2899842	30.9927310472393	0.366574160354026	26.589597369247	4.03655951763831	1
X2899843	-7.27437619335947	-1.85829559369332	-2.16032898605111	-3.25575161361505	1
X2899844	11.7758510878364	3.74078266469164	5.64600093752841	2.3890674856164	1
X2899845	9.1633120035107	2.32766528600925	3.11878903823723	3.71685767926426	1
X2899846	14.5639900473434	0.301346250086285	10.3433462067842	3.91929759047304	1
X2899847	-3.06072094782822	3.74078266469164	-12.6242957861716	5.82279217365159	1
X2899848	-12.8202426627809	-1.99124600381581	-1.65135789090062	-9.1776387680645	1
X2899849	-5.92456226326056	0.420185810022029	-4.61656438862626	-1.72818368465627	1
X2899850	32.6237744752261	2.32766528600925	29.2347582684253	1.06135092079156	1
X2899851	-15.2140358971358	3.74078266469164	-26.7011816949144	7.74636313308677	1
X2899852	16.0348274232748	3.09774049979812	5.10011123952207	7.8369756839546	1
X2899853	-21.3038109139689	0.472426358562278	-15.4344986196429	-6.34173865288817	1
X2899854	47.2193088780047	1.21739043516241	46.1273581945345	-0.125439751692264	1
X2899855	48.7851867312419	-0.996312573108059	50.4783667085136	-0.696867404163575	1
X2899856	34.9246344098235	1.21739043516241	39.0243130791008	-5.31706910443987	1
X2899857	14.2763986246758	-0.996312573108059	20.6127534521758	-5.34004225439183	1
X2899858	25.4787425358923	2.32766528600925	14.2220222841203	8.92905496576277	1
X2899859	16.289250144034	0.473291480333635	20.3853100324562	-4.56935136875582	1
X2899860	17.8042846931556	0.443903040226246	15.3131271413642	2.04725451156517	1
X2899861	18.9330789722371	1.21739043516241	23.5429409278169	-5.82725239074209	1
X2899862	29.0182353064846	0.46150538814331	34.1830830990877	-5.62635318074638	1
X2899863	56.1608268272184	1.64283153248866	51.0428530343434	3.47514226038639	1
X2899864	27.2832883839275	3.01332818103691	21.7567879614609	2.51317224142972	1
X2899865	20.2024907085	1.33734004516877	22.5735617313219	-3.70841106799071	1
X2899866	52.9388634450941	1.64283153248866	53.4705850907137	-2.17455317810814	1
X2899867	36.8095888914944	3.01332818103691	33.3958828359117	0.400377874545773	1
X2899868	34.6295663281958	0.309344059420846	36.4535667500602	-2.13334448128512	1
X2899869	31.5926689345746	-3.22145512582974	43.6428758492169	-8.82875178881266	1
X2899870	7.84243417489218	1.29360628338467	7.52751083308224	-0.978682941574778	1
X2899871	4.55890372354459	1.29360628338467	8.97426865924552	-5.70897121908561	1
X2899872	0.0916134257863703	0.914547907326854	0.380552865053453	-1.20348734659404	1
X2899873	18.6165847701454	1.12999369855766	20.9743791845765	-3.48778811298888	1
X2899874	53.1878103742314	-1.83357690982655	63.3369452405612	-8.31555795650324	1
X2899875	5.87118389365783	1.21739043516241	6.4092803506943	-1.7554868921989	1
X2899876	19.7358723985248	3.01332818103691	12.9164964937744	3.8060477237136	1
X2899877	-9.17625943779382	-0.996312573108059	-1.22031412234696	-6.95963274233883	1
X2899878	-11.7531744050033	-3.22145512582974	-2.12648583662271	-6.40523344255082	1
X2899879	24.4370884401447	3.01332818103691	23.021506402221	-1.59774614311302	1
X2899880	17.2461646504014	1.21739043516241	21.2587558200569	-5.22998160481794	1
X2899881	21.9385024679326	-0.999446589149731	24.6631091207683	-1.72516006368597	1
X2899882	14.2294208228353	0.301346250086285	12.387250925492	1.54082364725709	1
X2899883	14.4654844141242	1.21739043516241	10.4581397475736	2.78995423138816	1
X2899884	15.748180915842	1.21739043516241	7.71732937906897	6.81346110161059	1
X2899885	22.065005843235	-0.732375928949451	22.2489365974737	0.548445174710755	1
X2899886	34.8948354179361	1.21739043516241	34.3959071830188	-0.718462200245361	1
X2899887	35.8107217791736	-0.732375928949451	45.4669555591336	-8.92385785101056	1
X2899888	12.1113860297778	-0.808858782635788	7.62997829589321	5.29026651652046	1
X2899889	7.14434117107637	1.0674435052245	3.77537711658563	2.30152054926628	1
X2899890	12.1873596084397	0.531963479346624	17.6313059157124	-5.97590978661924	1
X2899891	32.529011348044	-0.908854070273529	35.5392107592087	-2.10134534089134	1
X2899892	-2.17616901238225	-0.090931820136692	1.98291202207739	-4.06814921432292	1
X2899893	22.253127752983	0.366574160354026	16.4186598093355	5.46789378329345	1
X2899894	-20.7945780276128	-0.921903696235668	-20.565659820355	0.692985488977774	1
X2899895	26.9326474791206	-0.921903696235668	27.3040148488762	0.55053632648015	1
X2899896	5.6688162504848	0.366574160354026	5.690622848686	-0.388380758555237	1
X2899897	15.0500020184997	1.18268228542433	0.0359090693013115	13.8314106637741	1
X2899898	6.09132574896206	-1.624556806182	8.93262996283672	-1.21674740769263	1
X2899899	6.02765725023219	1.99087783009857	0.422796178606518	3.61398324152712	1
X2899900	19.8787086246863	0.531963479346624	24.9402774037911	-5.59353225845143	1
X2899901	17.518393438745	-0.224295426544669	22.8693978051833	-5.1267089398938	1
X2899902	43.1213366073773	-0.747054115129418	49.7613358202379	-5.89294509773136	1
X2899903	5.71657987751755	-0.163434152553695	1.49001691439289	4.38999711567834	1
X2899904	17.6193407960345	-0.747054115129418	19.5535502097438	-1.1871552985799	1
X2899905	-8.11316798700599	-0.806895145671067	0.863504332336412	-8.16977717367121	1
X2899906	17.518393438745	-0.224295426544669	22.8693978051833	-5.1267089398938	1
X2899907	18.0934785755923	-0.585254159985307	25.7031061376026	-7.02437340202517	1
X2899908	14.9018702865313	-0.628214555193674	16.0901936616125	-0.560108819887471	1
X2899909	-12.0907583261812	-0.224295426544669	-5.25667008776255	-6.60979281187395	1
X2899910	-0.737298617757439	0.109803806840789	-2.49116257749062	1.6440601528924	1
X2899911	2.4165578871224	-2.39863569042182	7.25411424264289	-2.4389206650985	1
X2899912	27.7311594559922	-2.27211539564371	32.4636483111486	-2.46037345951289	1
X2899913	21.8502901547401	-0.572204534023168	26.4880541545915	-4.06555946582849	1
X2899914	-0.578846947836453	-0.163434152553695	-2.82879019292498	2.41337739764224	1
X2899915	-51.6806983114355	0.531963479346624	-51.7885829946119	-0.424078796170211	1
X2899916	1.48940242476326	-0.747054115129418	8.03503580542412	-5.79857926553144	1
X2899917	-9.28264122602926	-0.628214555193674	-10.9919565512506	2.33752988041509	1
X2899918	46.0726159183261	-1.66340215729312	52.393714566833	-4.65769649121386	1
X2899919	23.2345333416663	-0.996312573108059	19.9762474403044	4.25459847446997	1
X2899920	-8.87258169895343	-0.58546574154525	-1.35245256822599	-6.93466338918224	1
X2899921	15.7460569167006	-0.999446589149731	22.8835114270276	-6.13800792117728	1
X2899922	20.3502086398232	0.472426358562278	15.020231815396	4.85755046586485	1
X2899923	13.5412091991317	-1.28468162613861	8.29763676516624	6.52825406010413	1
X2899924	14.0589764595716	-1.28468162613861	11.7083888889696	3.63526919674066	1
X2899925	19.7106980721627	-2.15288778267356	19.8754810146168	1.98810484021959	1
X2899926	23.124877111271	-1.28468162613861	22.8806944756373	1.52886426177226	1
X2899927	-21.6641577044345	-1.99124600381581	-17.7782562143405	-1.8946554862782	1
X2899928	1.92157209250006	0.718174681458689	-4.57307531979985	5.77647273084121	1
X2899929	-16.4557651965042	-0.999446589149731	-15.9651842770129	0.508865669658427	1
X2899930	-25.1644092742926	-4.40267781765366	-20.1135944386684	-0.648137017970586	1
X2899931	28.4054238496863	0.718174681458689	23.5471750284716	4.14007413975639	1
X2899932	11.6038962231709	0.406031823695966	7.24747264189247	3.95039175758262	1
X2899933	14.6315775146422	-2.15288778267356	19.0972807039694	-2.31281540665372	1
X2899934	-14.4163360879575	0.531963479346624	-15.0296233660355	0.0813237987315196	1
X2899935	-5.01585977121831	-0.153463476469161	1.59787520735489	-6.46027150210394	1
X2899936	6.88991138182551	0.46150538814331	3.3077230717693	3.12068292191306	1
X2899937	15.039097706377	0.109803806840789	15.9298011193192	-1.00050721978301	1
X2899938	4.51399551691792	1.48067431426123	7.09395782561151	-4.06063662295486	1
X2899939	1.21633247438545	-3.73211042398468	8.15851433050316	-3.21007143213289	1
X2899940	31.0248206434395	-0.153463476469161	31.9131928329099	-0.734908713001421	1
X2899941	16.8575134512889	1.48067431426123	18.1173977966749	-2.74055865964723	1
X2899942	-19.9494842466374	0.309344059420846	-19.1178205580679	-1.1410077479904	1
X2899943	-29.7603512627568	-0.111359594110435	-27.1259588743403	-2.52303279430605	1
X2899944	9.6011071652609	0.769005297324114	12.0215100354375	-3.18940816750063	1
X2899945	16.8553094585186	1.48067431426123	13.4008429562444	1.97379218801299	1
X2899946	-18.5726290503752	-0.426805161725987	-18.9617221761033	0.81589828745407	1
X2899947	3.60346033887851	1.48067431426123	-1.41258576836204	3.53537179297943	1
X2899948	29.3020324110603	1.48067431426123	30.3378215441336	-2.51646344733444	1
X2899949	-13.0795959124496	-1.85829559369332	-9.65200476921132	-1.56929554954492	1
X2899950	9.70114959535013	0.95043006214163	9.62819773797839	-0.877478204769813	1
X2899951	-31.6740836434146	-0.426805161725987	-31.0736438472663	-0.173634634422324	1
X2899952	-0.910884212519044	0.301346250086285	0.653689153059617	-1.86591961566484	1
X2899953	5.4872566855338	0.531963479346624	7.18554256795332	-2.2302493617661	1
X2899954	16.1910121802798	0.420185810022029	17.1797604323529	-1.40893406209512	1
X2899955	40.5760908049164	0.95043006214163	35.5055628989216	4.12009784385328	1
X2899956	21.4914794435258	0.301346250086285	17.7687953892114	3.42133780422814	1
X2899957	10.6249186337736	2.01221971839369	1.78536436383463	6.82733455154524	1
X2899958	-7.17741817101711	-0.579989785251764	-4.35829861663835	-2.2391297691269	1
X2899959	-1.0722543528524	-0.0485481069816425	4.22376070458352	-5.24746695045434	1
X2899960	8.38290765170027	0.420185810022029	4.37607172979205	3.58665011188621	1
X2899961	21.3400964336748	1.52459619640824	9.5447054127549	10.2707948245116	1
X2899962	-8.33783192116478	-2.13168069972976	-3.00750654851599	-3.19864467291902	1
X2899963	14.2958554895524	2.01221971839369	6.92465057823299	5.35898519292594	1
X2899964	-13.9606996106127	-0.58546574154525	-14.5174831782556	1.14224930918809	1
X2899965	-0.825256066002027	-2.69781038149302	8.68657280716367	-6.81401849167272	1
X2899966	29.5953876183918	2.01221971839369	20.9127021001224	6.67046579987598	1
X2899967	2.19943592314903	1.52459619640824	-8.41317414031601	9.08801386705669	1
X2899968	-6.59071955119563	-0.58546574154525	-7.75895387784665	1.75370006819631	1
X2899969	5.64248344395782	-2.13168069972976	7.5785543125854	0.19560983110215	1
X2899970	-11.8078263363333	0.301346250086285	-9.50328991471945	-2.60588267170013	1
X2899971	-6.93983620388357	0.301346250086285	-8.86753219137536	1.62634973740548	1
X2899972	-20.9456215573155	-1.99124600381581	-18.4578456220436	-0.496529931456061	1
X2899973	10.9099633440788	1.64283153248866	6.607061772105	2.66007003948513	1
X2899974	8.88417047413136	2.32766528600925	-2.61300262365462	9.16950781177668	1
X2899975	-22.6413434456445	0.473291480333635	-11.9281875271113	-11.1864473988667	1
X2899976	31.4089460615998	0.914547907326854	30.8587469442021	-0.364348789929021	1
X2899977	-4.75751952943272	0.443903040226246	-2.82001405103311	-2.38140851862582	1
X2899978	3.59416994732071	0.914547907326854	-6.40477456287682	9.08439660287077	1
X2899979	-4.06899286479586	3.01332818103691	-6.62642661122161	-0.455894434611154	1
X2899980	-0.0092819608920891	3.01332818103691	-3.49487271832662	0.472262576397598	1
X2899981	-14.1372950277032	0.914547907326854	-14.2514988278548	-0.800344107175128	1
X2899982	8.39662666890905	2.32766528600925	5.23484603236123	0.834115350538541	1
X2899983	-4.08623487736784	-1.85829559369332	2.20734495557211	-4.43528423924661	1
X2899984	9.04107935302038	0.309344059420846	15.9588008476024	-7.22706555400284	1
X2899985	7.43419152235256	3.01332818103691	4.4728385498625	-0.051975208546807	1
X2899986	15.1336973129954	-1.83357690982655	26.902930473253	-9.93565625043106	1
X2899987	-28.4376225596339	2.28399863842465	-29.643607549655	-1.07801364840356	1
X2899988	-26.5488532535215	-0.996312573108059	-24.8888922325501	-0.663648447863363	1
X2899989	-41.9811764424793	-2.73825942811364	-36.4376299348664	-2.80528707949925	1
X2899990	19.415555185318	1.21739043516241	24.7110684663529	-6.51290371619717	1
X2899991	-16.6384203557369	1.21739043516241	-20.8629089646317	3.00709817373245	1
X2899992	13.7202744068669	-0.908854070273529	20.4262292377486	-5.79710076060828	1
X2899993	13.6895269604877	1.18268228542433	15.3640782276424	-2.85723355257903	1
X2899994	38.5304965820839	0.531963479346624	41.2290461366629	-3.23051303392568	1
X2899995	18.8023025196209	0.301346250086285	27.5809269821327	-9.07997071259808	1
X2899996	31.9511167058905	0.366574160354026	38.5467589184743	-6.96221637293795	1
X2899997	-0.273754118834177	1.18268228542433	-0.969543767509862	-0.486892636748605	1
X2899998	40.6800407281274	0.107115584315572	50.9726377991603	-10.3997126553486	1
X2899999	40.7206146664621	-2.47131953686174	52.0597659702911	-8.86783176696733	1
X2900000	3.14286631547913	1.18268228542433	5.40531968019062	-3.44513565013584	1
X2900001	-2.71951315359796	1.99087783009857	-4.17394212509164	-0.536448858604935	1
X2900002	12.4858258893178	-2.13168069972976	28.293866159147	-13.6763595700994	1
X2900003	36.2342025559419	-0.163434152553695	44.8863790305483	-8.48874232205277	1
X2900004	13.156064205977	0.293725304994559	14.8887859312878	-2.02644703030512	1
X2900005	38.4107811569989	0.366574160354026	48.315467905635	-10.2712609089903	1
X2900006	42.7476431813504	1.21739043516241	47.4403442991808	-5.91009155299296	1
X2900007	11.7649902618834	-0.732375928949451	17.8315447376893	-5.33417854685654	1
X2900008	22.8586542369334	1.18268228542433	14.2266223002071	7.44934965130185	1
X2900009	-14.659631679906	1.99087783009857	-13.0993328090893	-3.55117670091528	1
X2900010	15.7702141416669	-2.11692459010439	27.1650788078084	-9.27794007603733	1
X2900011	21.6554299117751	1.33734004516877	18.1701883362585	2.14790153034778	1
X2900012	22.5441826773605	0.637238901246423	26.8622203650441	-4.95527658893008	1
X2900013	-10.7372041705982	2.06820670997079	-13.1910855306926	0.385674650123484	1
X2900014	47.5620258719085	0.107115584315572	57.6894948921863	-10.2345846045935	1
X2900015	-6.9651967777484	1.21739043516241	-10.1118261175043	1.92923890459349	1
X2900016	18.7735432979752	0.847822168875251	22.4639545352524	-4.53823340615257	1
X2900017	25.2406673230746	1.33734004516877	20.4103469274015	3.49298035050442	1
X2900018	18.4979260237586	0.443903040226246	20.9212548255275	-2.86723184199517	1
X2900019	-9.63986894114693	-1.66340215729312	0.229889154989735	-8.20635593884351	1
X2900020	-10.4744207822508	2.06820670997079	-16.7293230758392	4.18669558361757	1
X2900021	36.3104018471129	0.109803806840789	37.8771928988169	-1.67659485854493	1
X2900022	5.46976743471375	2.06820670997079	0.210091396694864	3.19146932804813	1
X2900023	-30.9749120591359	-2.73825942811364	-24.1274658778216	-4.10918675320065	1
X2900024	37.1502719959937	-1.76519211146657	39.6716300415325	-0.756165934072376	1
X2900025	22.9982759792141	1.21739043516241	14.0554048902331	7.72548065381864	1
X2900026	17.6307954648305	0.107115584315572	15.1140845422884	2.4095953382265	1
X2900027	12.7854163182756	-2.73825942811364	22.46240541735	-6.93872967096077	1
X2900028	17.1402072796491	-2.8978309782541	35.1299350018276	-15.0918967439244	1
X2900029	11.8795384195517	-2.37595348831985	22.5926183137989	-8.33712640592713	1
X2900030	10.0034836445842	-1.59506323721725	23.5819575186439	-11.9834106368426	1
X2900031	-2.72093522991997	-2.55710645821674	2.69443605609268	-2.85826482779586	1
X2900032	-2.79779184053696	-2.37595348831985	9.49803351042547	-9.91987186264254	1
X2900033	12.4721420806476	-2.37595348831985	27.0444666490665	-12.1963710800989	1
X2900034	-4.7639164823464	-1.83357690982655	1.32173680555486	-4.25207637807471	1
X2900035	20.9768348993823	-2.55710645821674	36.0751898965845	-12.5412485389854	1
X2900036	-1.67319280362043	-2.39863569042182	11.8816291480965	-11.1561862612951	1
X2900037	-5.06348099195422	-2.13434616840054	5.23203291409104	-8.16116773764469	1
X2900038	18.5611668529127	-2.60487231444919	42.9655286994879	-21.7994895321258	1
X2900039	-12.680011771939	-2.27211539564371	1.82809796007155	-12.235994336367	1
X2900040	20.3648088544029	-2.55710645821674	29.3363943458626	-6.41447903324313	1
X2900041	-22.2038987563338	-4.31562358522721	-2.14902307174346	-15.7392520993631	1
X2900042	-28.2788333400939	-5.16744740131452	-9.73685504790082	-13.3745308908785	1
X2900043	-4.21657645271038	-3.42840695728168	5.05468496049952	-5.8428544559282	1
X2900044	3.4556514227171	-2.8978309782541	11.6214672036469	-5.26798480267567	1
X2900045	-15.3162978040728	-1.79092091351863	-5.68119415767842	-7.84418273287575	1
X2900046	-33.891190823924	-4.09992724690583	-13.7401721466445	-16.0510914303737	1
X2900047	-22.5044039270134	-2.8978309782541	-12.3452138688433	-7.26135907991599	1
X2900048	-3.13616358469464	-5.16744740131452	15.5594482724912	-13.5281644558713	1
X2900049	-4.75533265117117	0.914547907326854	-7.57366733330171	1.90378677480366	1
X2900050	-12.4719422653885	-0.111359594110435	-14.333963810276	1.97338113899802	1
X2900051	-11.6141292860914	0.531963479346624	-10.2690420946144	-1.87705067082362	1
X2900052	11.817841879156	1.21739043516241	13.5123098516553	-2.91185840766166	1
X2900053	2.4625957592418	-2.73825942811364	2.139765258762	3.0610899285935	1
X2900054	-4.94212055148483	2.32766528600925	-13.6634508165236	6.39366497902949	1
X2900055	17.7681945985436	1.64283153248866	9.49069782161641	6.63466524443866	1
X2900056	-22.2166334128825	3.01332818103691	-30.0884073060194	4.85844571209996	1
X2900057	-1.62180327742952	3.01332818103691	-14.3557725345208	9.72064107605429	1
X2900058	9.69985935621376	0.95043006214163	3.81407643396372	4.93535286010839	1
X2900059	5.53664844440679	1.64283153248866	-6.90932584002783	10.8031427519459	1
X2900060	-24.9915978463159	1.21739043516241	-32.9790377114452	6.77004942996686	1
X2900061	1.92403947413741	2.32766528600925	-18.851556552819	18.4479307409471	1
X2900062	-8.30807370077083	3.01332818103691	-17.1914767084455	5.87007482663765	1
X2900063	-10.1520404055249	3.01332818103691	-23.5746987958741	10.4093302093122	1
X2900064	4.39273601418242	-0.449533964716282	9.04655695772454	-4.20428697882578	1
X2900065	15.5226195668741	0.366574160354026	16.9788554416094	-1.82281003508928	1
X2900066	14.565026142617	-0.449533964716282	17.4117812302418	-2.39722112290837	1
X2900067	0.279312027496694	0.914547907326854	1.04196727820312	-1.67720315803319	1
X2900068	6.07060075072753	1.64200239098158	2.29246461195694	2.1361337477889	1
X2900069	25.9023468745088	0.914547907326854	24.079803841536	0.907995125645958	1
X2900070	3.45948365636502	-3.22145512582974	14.7631078524662	-8.08216907027155	1
X2900071	15.2976440374683	2.32766528600925	12.1289218978908	0.841056853568253	1
X2900072	18.9825424073686	-1.99124600381581	26.8956559957165	-5.92186758453222	1
X2900073	0.879776962413182	-3.39702626608638	17.4554322003302	-13.1786289718305	1
X2900074	4.08854408570334	0.366574160354026	6.2848923364084	-2.56292241105907	1
X2900075	-32.6214941365912	-3.39702626608638	-20.5472613479525	-8.67720652255225	1
X2900076	-21.0139289319255	-2.74412779360908	-15.7939856174791	-2.47581552083737	1
X2900077	-28.3733848846209	-3.23440259105906	-19.5194292143823	-5.61955307917963	1
X2900078	-23.1669539880184	0.186264282165044	-24.3155886706159	0.962370400432382	1
X2900079	-14.5435156995391	0.301346250086285	-16.5914614426826	1.74659949305727	1
X2900080	-2.50884486069081	1.18268228542433	-6.13073289442428	2.43920574830917	1
X2900081	12.785725483566	0.465363489123838	2.78095947690627	9.5394025175359	1
X2900082	-0.635347967705229	-1.85829559369332	-0.0681732391144507	1.29112086510254	1
X2900083	-1.66057676446593	1.21739043516241	-7.86040446156747	4.98243726193922	1
X2900084	17.7909602428886	1.64200239098158	6.96058681983626	9.18837103207068	1
X2900085	12.9835670231294	0.472426358562278	8.30098303745724	4.2101576271099	1
X2900086	-5.22677414083212	-1.99124600381581	-4.41656463266749	1.18103649565121	1
X2900087	16.6454651054119	3.74078266469164	2.83311267573351	10.0715697649866	1
X2900088	-8.75687236844007	-1.99124600381581	-1.78733215112512	-4.97829421349911	1
X2900089	-15.2886612266997	1.73007542596356	-23.0980934608471	6.07935680818386	1
X2900090	22.2957176626488	0.679694591617898	20.9661316249928	0.649891446037833	1
X2900091	17.0922567615962	3.74078266469164	-1.26901630101195	14.6204903979165	1
X2900092	0.424579138462477	3.74078266469164	-16.7534225415591	13.4372190153299	1
X2900093	-34.6031933807273	-1.99124600381581	-35.0036386493435	2.39169127243209	1
X2900094	6.19849091474425	2.76308851113767	-6.01775712072934	9.45315952433594	1
X2900095	-12.2750649322751	1.52459619640824	-27.4267840354245	13.6271229067412	1
X2900096	0.335926842771002	0.95043006214163	1.15143146379402	-1.76593468316469	1
X2900097	10.7684899082578	-0.826314295001216	5.82888450402697	5.76591969923202	1
X2900098	1.98003688792623	-2.73825942811364	-0.0671761891894391	4.78547250522929	1
X2900099	5.63303833820904	2.32766528600925	-9.27693666518092	12.5823097173807	1
X2900100	35.0272941340523	3.01332818103691	19.4930417915901	12.5209241614255	1
X2900101	-6.34617134628824	0.914547907326854	-13.263749949878	6.00303069626276	1
X2900102	8.24494488410642	1.64283153248866	1.57740949647958	5.02470385513814	1
X2900103	2.39954843720064	3.01332818103691	-6.33682769710937	5.72304795327315	1
X2900104	-1.2256675091949	0.914547907326854	-2.57891524868752	0.438699832165721	1
X2900105	30.2689882873856	3.01332818103691	20.2354622829775	7.02019782337139	1
X2900106	10.5087975743315	1.21739043516241	6.84614007020569	2.44526706896336	1
X2900107	-20.3260060729391	-2.71079982767481	-18.7335371804166	1.11833093515235	1
X2900108	-9.25233617955183	-2.11692459010439	-5.93651115188082	-1.19890043756659	1
X2900109	-28.7460752760162	-1.36553042120543	-20.767987554873	-6.61255729993774	1
X2900110	-16.5074175564987	-0.999446589149731	-9.57709698545111	-5.93087398189791	1
X2900111	9.20275466365786	0.472426358562278	0.991754240874378	7.73857406422116	1
X2900112	-6.79742666526644	-1.85829559369332	-0.25732119815487	-4.68180987341822	1
X2900113	23.8603375262264	-0.996312573108059	23.2084812007558	1.64816889857864	1
X2900114	11.4826563940209	0.718174681458689	11.0008117184433	-0.236330005881159	1
X2900115	-35.0355120660513	-4.40267781765366	-23.1232097726239	-7.50962447577375	1
X2900116	-10.590990889891	-2.69552767949874	-2.84573420820399	-5.04972900218832	1
X2900117	23.6655672147151	0.718174681458689	24.308263095075	-1.36087056181834	1
X2900118	-36.8296088715283	-4.40267781765366	-21.7660735743152	-10.6608574795593	1
X2900119	-31.8000985747751	-1.99124600381581	-24.5435723099766	-5.26528026098268	1
X2900120	-37.8614987089727	-1.28468162613861	-28.4044167815395	-8.17240030129454	1
X2900121	0.806747179396012	-0.996312573108059	0.460528430325581	1.34253132217843	1
X2900122	-19.1166276680248	-1.28468162613861	-23.3485276628225	5.51658162093628	1
X2900123	-3.47289892345604	-0.747054115129418	0.0900367506230282	-2.81588155894955	1
X2900124	-15.9789925812519	0.55213990490196	-18.1930693371675	1.66193685101368	1
X2900125	30.8978267575943	-0.449533964716282	19.7599242416225	11.587436480688	1
X2900126	-11.5026403152843	-0.747054115129418	-18.4120113184304	7.65642511827561	1
X2900127	0.160918799424849	-2.11692459010439	8.51501307134285	-6.23716968181366	1
X2900128	36.2484598213533	-2.8978309782541	43.0523781112123	-3.90608731160508	1
X2900129	-2.50794296077372	-0.747054115129418	-4.29683166836504	2.53594282272085	1
X2900130	-19.0386276396884	-0.132987199134252	-21.7587788581924	2.85313841763827	1
X2900131	19.7744413427618	0.00404811386967863	15.9243698908725	3.84602333801959	1
X2900132	23.9684891492358	0.812000140982723	20.9573775438439	2.19911146440917	1
X2900133	10.1985045692847	0.443903040226246	10.9396559548613	-1.18505442580271	1
X2900134	-41.4543459444576	1.21739043516241	-45.1182643656332	2.44652798601316	1
X2900135	-1.25289094568696	0.366574160354026	-13.5594528207915	11.9399877147505	1
X2900136	-28.3959132831099	-2.11692459010439	-20.686954020224	-5.59203467278149	1
X2900137	-20.3101601768552	-0.449533964716282	-28.0494484698544	8.1888222577155	1
X2900138	-30.2306217673428	1.21739043516241	-31.9687329162654	0.520720713760307	1
X2900139	-1.55664051341285	-0.908854070273529	-3.88896972947347	3.24118328633418	1
X2900140	-3.24146698012505	-3.23440259105906	2.01515381414084	-2.02221820320677	1
X2900141	-1.85378954721103	0.366574160354026	-9.03110215761566	6.81073845005069	1
X2900142	1.04642978229856	2.32766528600925	-12.9139931468102	11.6327576430995	1
X2900143	16.1963859164466	3.09774049979812	-2.18835142285556	15.286996839504	1
X2900144	-0.683030161499161	-2.11692459010439	0.69570064069864	0.738193787906618	1
X2900145	25.8663719239325	3.09774049979812	10.2343684804216	12.5342629437129	1
X2900146	34.1037029658104	3.09774049979812	22.9382140661838	8.06774839982885	1
X2900147	21.1151345525047	2.32766528600925	7.53066624656094	11.2568030199344	1
X2900148	5.11318151416192	0.366574160354026	0.561844274384576	4.18476307942332	1
X2900149	-0.923924365225481	1.18268228542433	-3.30670527522818	1.20009862457833	1
X2900150	19.3112235706006	3.74078266469164	2.35385889119612	13.2165820147128	1
X2900151	8.30832789150548	2.32766528600925	-8.03005165145637	14.0107142569526	1
X2900152	-15.6164956188586	1.18268228542433	-22.3954665068304	5.59628860254739	1
X2900153	2.84379065492163	2.76308851113767	-8.36921843323126	8.44992057701522	1
X2900154	0.536345824218905	1.18268228542433	0.274654065832756	-0.920990527038148	1
X2900155	-18.3263593551948	-0.808858782635788	-22.7936633897915	5.27616281723254	1
X2900156	-10.1779136172847	0.531963479346624	-5.82949253947204	-4.88038455715931	1
X2900157	-6.1236401703654	1.21739043516241	-15.1237347425804	7.78270413705256	1
X2900158	-12.7194471852422	1.99087783009857	-19.9338989656449	5.22357395030412	1
X2900159	36.4516795118348	-2.47131953686174	39.4551767209574	-0.532177672261047	1
X2900160	13.9196494726793	1.18268228542433	7.94870252506779	4.78826466218708	1
X2900161	7.43636623172143	-2.13168069972976	17.4680530459981	-7.90000611454691	1
X2900162	11.3817802595662	0.397431215297566	10.2005322672095	0.7838167770592	1
X2900163	18.0379844076105	0.293725304994559	16.1430564463647	1.60120265625117	1
X2900164	6.18918994842816	-0.732375928949451	5.35663496780988	1.56493090956768	1
X2900165	7.08838635135234	1.21739043516241	6.43589993792237	-0.564904021732356	1
X2900166	-33.0634830860248	-2.13168069972976	-24.8888994273026	-6.04290295899237	1
X2900167	-23.4363161349196	-2.11692459010439	-20.5405709509057	-0.778820593909465	1
X2900168	6.04085873612131	-2.08308105439541	5.35756490992506	2.76637488059173	1
X2900169	1.75341160120581	0.366574160354026	-4.33616681294766	5.72300425379946	1
X2900170	-7.80740821985207	-0.732375928949451	-7.47564650528936	0.400614214386755	1
X2900171	-5.38073926361074	-0.732375928949451	-8.22351363567768	3.57515030101646	1
X2900172	22.3015414458443	-1.13726709554772	31.6712412351578	-8.23243269376579	1
X2900173	9.69782111314191	-0.163434152553695	11.9364464303508	-2.07519116465523	1
X2900174	7.76713241048038	-0.628214555193674	11.5925971930537	-3.19725022737952	1
X2900175	11.3255908729403	-1.13726709554772	22.721734196567	-10.2588762280789	1
X2900176	-1.46479429727608	-2.8978309782541	6.22993955835155	-4.79690287737348	1
X2900177	12.5110969424894	0.95043006214163	11.9120198801803	-0.351352999832575	1
X2900178	-18.6318470073436	-2.13168069972976	-16.2392263185569	-0.260939989056983	1
X2900179	12.9007062136474	-0.111359594110435	21.9333815593721	-8.92131575161432	1
X2900180	-6.04664824673748	0.95043006214163	-3.94220438353546	-3.05487392534363	1
X2900181	-13.8270862193143	0.352769685534347	-6.56420021659387	-7.61565568825461	1
X2900182	-9.51483484651191	-3.39702626608638	-0.691864661264368	-5.42594391916116	1
X2900183	-22.4591322803978	-3.12625361670405	-16.1201759237138	-3.21270273997998	1
X2900184	17.0794818262814	0.95043006214163	18.5447595461096	-2.41570778196979	1
X2900185	-7.75320937088324	0.420185810022029	-4.08190841951888	-4.09148676138637	1
X2900186	5.0567610398948	-1.13726709554772	21.9309332477643	-15.7369051123217	1
X2900187	0.653392176970584	0.18083752442164	8.03816965348815	-7.5656150009391	1
X2900188	-1.29537609163517	0.473291480333635	0.742438508987391	-2.51110608095614	1
X2900189	13.914013745716	-1.6923668606067	18.3701244176991	-2.76374381137632	1
X2900190	18.0539904944494	0.266850121394703	18.1128074545106	-0.325667081455824	1
X2900191	-7.13202629455591	0.472726129197051	-0.583680888204562	-7.02107153554835	1
X2900192	18.1104496858052	-0.134193158002181	24.7540639362434	-6.50942109243608	1
X2900193	5.56346755796663	0.266850121394703	9.88657220617286	-4.58995476960085	1
X2900194	-24.7044555388069	0.472726129197051	-23.9835089033229	-1.193672764681	1
X2900195	1.73456054998972	-1.79092091351863	12.3413569240733	-8.81587546056492	1
X2900196	-40.5007358866729	-1.79092091351863	-28.6606393095379	-10.0491756636164	1
X2900197	-27.5190136294067	-0.090931820136692	-20.5655139567183	-6.86256785255165	1
X2900198	6.88991138182551	0.46150538814331	3.3077230717693	3.12068292191306	1
X2900199	3.12459899534077	-1.71518648343457	3.32870580919115	1.51107966958415	1
X2900200	13.4246951459155	0.95043006214163	7.34751046981118	5.12675461396271	1
X2900201	8.41960102118618	-2.55710645821674	10.3790068828698	0.597700596533177	1
X2900202	2.98535034723324	-3.71195792663611	14.3656888355577	-7.6683805616883	1
X2900203	3.82232700044546	-0.111359594110435	2.75411178848908	1.17957480606694	1
X2900204	22.4787374396564	0.95043006214163	20.1829659242789	1.34534145323595	1
X2900205	12.5271968464348	0.46150538814331	13.5668368302352	-1.50114537194355	1
X2900206	29.3020324110603	1.48067431426123	30.3378215441336	-2.51646344733444	1
X2900207	-19.7198892447138	-0.111359594110435	-22.0600231843562	2.45149353375286	1
X2900208	24.8795999992702	-0.719820756202044	37.3633981842308	-11.7639774287587	1
X2900209	-31.6740836434146	-0.426805161725987	-31.0736438472663	-0.173634634422324	1
X2900210	-11.9777528837401	-3.22145512582974	-6.1458108136299	-2.61048694428036	1
X2900211	8.10327988609217	0.301346250086285	11.5946469287109	-3.79271329270508	1
X2900212	4.78964389183131	1.18268228542433	-6.00738371152394	9.61434531793087	1
X2900213	9.27049348916207	-0.090931820136692	9.29251889532267	0.0689064139761113	1
X2900214	0.760390868917128	0.107115584315572	3.40853220814146	-2.75525692353981	1
X2900215	6.8917275744386	1.99087783009857	-2.5761206886125	7.47697043295257	1
X2900216	10.1022751230326	-2.47131953686174	14.9258261851219	-2.35223152522749	1
X2900217	3.63971682553547	0.397431215297566	-0.370384573535347	3.61267018377322	1
X2900218	12.3169657935147	0.397431215297566	7.83822691086964	4.08130766734752	1
X2900219	-16.9772794009075	0.366574160354026	-19.7630097751029	2.41915621384129	1
X2900220	-22.3238641297192	0.301346250086285	-25.8564744209736	3.23126404116819	1
X2900221	33.8444790997724	1.21739043516241	30.4525917308166	2.17449693379319	1
X2900222	-18.430165740025	1.99087783009857	-26.4420047256202	6.02096115549664	1
X2900223	-20.300030849993	1.18268228542433	-22.9368153246006	1.45410218918323	1
X2900224	-13.5179143935048	-1.11143146352188	-4.1235865747353	-8.28289635524779	1
X2900225	16.9745188080921	-0.579989785251764	29.2929471133932	-11.738438520049	1
X2900226	-3.83292037186776	0.531963479346624	-0.998506996514678	-3.36637685469966	1
X2900227	1.67141519321662	-2.27211539564371	8.58262990007083	-4.63909931121046	1
X2900228	-32.2539835170426	-1.36553042120543	-20.6084314477721	-10.2800216480651	1
X2900229	-24.9823057960573	0.95412315185246	-20.1453036221285	-5.79112532578122	1
X2900230	-6.16661887989324	0.531963479346624	-2.54132750575976	-4.15725485348007	1
X2900231	-11.0466091482476	0.301346250086285	-9.33656682939974	-2.01138856893416	1
X2900232	-12.7060768934811	0.531963479346624	-6.40238270873134	-6.83565766409644	1
X2900233	-47.4407451508284	0.95412315185246	-46.4019488858751	-1.99291941680573	1
X2900234	-14.9201890247315	0.301346250086285	-20.0220660711671	4.80053079634924	1
X2900235	-27.9180462091053	0.95412315185246	-26.5239401934829	-2.34822916747487	1
X2900236	-33.1460489479958	0.95412315185246	-29.4770243290615	-4.62314777078677	1
X2900237	-4.58107566911155	3.01332818103691	-11.2106321869511	3.6162283368027	1
X2900238	-27.3847860728791	0.948408692030491	-31.7904012997326	3.45720653482306	1
X2900239	-9.00065485225985	2.32766528600925	-14.4238012997464	3.09548116147739	1
X2900240	-16.9782825764433	-1.85829559369332	-16.1391766811399	1.01918969838988	1
X2900241	-34.3664793296945	0.95043006214163	-35.035040404381	-0.281868987455101	1
X2900242	-7.78597676694098	1.20872811618159	-3.41699699841827	-5.57770788470429	1
X2900243	-24.8217180696227	4.38382482958516	-29.3143182015907	0.108775302382885	1
X2900244	-26.499319335124	2.32766528600925	-28.9764511642677	0.149466543134558	1
X2900245	12.4586785199237	-1.66340215729312	9.84388461983115	4.27819605738564	1
X2900246	15.2517040863194	4.38382482958516	7.78510812874707	3.08277112798711	1
X2900247	27.2270937528408	-0.908854070273529	34.2819986526327	-6.1460508295185	1
X2900248	20.643790493447	-0.449533964716282	16.0995305426223	4.99379391554075	1
X2900249	-3.44473402730828	0.366574160354026	-10.2379498347466	6.42664164708431	1
X2900250	22.9842415133635	0.443903040226246	13.4958663123406	9.04447216079671	1
X2900251	0.240371582765157	0.366574160354026	-5.95258638469516	5.82638380710633	1
X2900252	13.7966145567342	-0.449533964716282	0.851646184845215	13.3945023366054	1
X2900253	-11.0721243877074	1.21739043516241	-15.0389500857961	2.7494352629263	1
X2900254	-6.51358090606012	-0.747054115129418	-10.5545604254173	4.78803363448668	1
X2900255	1.02851068189365	-2.94916755407017	5.92425843375577	-1.94658019779173	1
X2900256	-8.13344718572575	1.21739043516241	-12.5491702239724	3.19833260308432	1
X2900257	5.89265996031672	-0.449533964716282	0.707240519184694	5.63495340584839	1
X2900258	7.27081697972957	0.812000140982723	5.68057258519506	0.778244253551927	1
X2900259	3.32324541870453	0.443903040226246	0.852324962834381	2.02701741564403	1
X2900260	-7.18331781302332	1.21739043516241	-13.9515946738165	5.5508864256308	1
X2900261	-8.76342677775062	1.21739043516241	-13.1635478645864	3.18273065167352	1
X2900262	5.83836846778056	-0.908854070273529	11.1914816863083	-4.44425914825405	1
X2900263	-10.9612532172214	0.301346250086285	-10.938428273696	-0.324171193611644	1
X2900264	-30.2584742639331	0.95412315185246	-29.2927575618553	-1.91983985393033	1
X2900265	3.26142016489757	-0.163434152553695	6.28720871393242	-2.86235439648114	1
X2900266	-15.7144664050567	0.95412315185246	-16.608917191435	-0.0596723654741762	1
X2900267	-12.195507455491	0.301346250086285	-12.0579201784718	-0.438933527105525	1
X2900268	-5.15006276703613	-2.14643680935513	6.72734524532434	-9.73097120300544	1
X2900269	2.48534596615328	-0.090931820136692	3.55217917275426	-0.975901386464151	1
X2900270	31.335509260703	0.531963479346624	32.1427074036904	-1.33916162233419	1
X2900271	30.222298472441	0.531963479346624	30.2386186166479	-0.548283623553779	1
X2900272	-5.88555533624277	0.301346250086285	-6.29968215251784	0.112780566188784	1
X2900273	-0.967552033009355	0.531963479346624	2.5180489205946	-4.01756443295056	1
X2900274	-5.96399981012809	-2.14643680935513	-2.47196683899355	-1.3455961617794	1
X2900275	7.05029384346819	-1.66620208365546	8.69451252405617	0.0219834030674593	1
X2900276	-12.0237514815101	-0.921903696235668	-4.37511561405803	-6.72673217121635	1
X2900277	-25.3806804305104	-0.163434152553695	-28.6314935814778	3.41424730352109	1
X2900278	-6.8080797560763	-0.153463476469161	-1.29921826929334	-5.35539801031373	1
X2900279	10.1524248979144	-2.13168069972976	17.0446484448621	-4.76054284721802	1
X2900280	-16.6516405405365	-0.619417778831784	-16.0882522026104	0.0560294409056068	1
X2900281	-7.09358391487519	1.52459619640824	-6.55061628146262	-2.06756382982094	1
X2900282	-34.445051857741	1.50538959509671	-29.8666343139313	-6.08380713890646	1
X2900283	-19.097374887439	-0.426805161725987	-15.4545181662024	-3.21605155951059	1
X2900284	22.6960961799646	-0.163434152553695	25.958429156275	-3.09889882375657	1
X2900285	-19.324193201914	1.52459619640824	-19.5758677146171	-1.27292168370503	1
X2900286	-32.5509636413677	-2.72027861427859	-21.4109483877034	-8.41973663938584	1
X2900287	-6.16495536115004	-1.36553042120543	-1.01417253758328	-3.78525240236137	1
X2900288	5.95448101265365	-0.579989785251764	11.0689406957858	-4.53446989788049	1
X2900289	-27.7284065955225	0.122797110862084	-25.3209981261942	-2.53020558019041	1
X2900290	-24.8816855882199	-1.99124600381581	-14.438268897726	-8.45217068667808	1
X2900291	-5.37671857814119	0.95043006214163	-5.07255639065959	-1.25459224962321	1
X2900292	-19.324193201914	1.52459619640824	-19.5758677146171	-1.27292168370503	1
X2900293	-6.52294473207366	0.95043006214163	-2.55767589376124	-4.91569890045404	1
X2900294	-19.8881315582521	-0.58546574154525	-11.0928143233753	-8.20985149333161	1
X2900295	2.97497824658509	1.52459619640824	-5.4609880486807	6.91137009885732	1
X2900296	-3.08301786854879	1.23158948522126	-0.50508815273799	-3.80951920103216	1
X2900297	-19.5912502541352	1.52459619640824	-14.6878010711117	-6.42804537943185	1
X2900298	-5.29999613267589	2.32766528600925	-18.9475416310463	11.3198802123612	1
X2900299	5.72334433356208	0.46150538814331	6.1751320435639	-0.913293098144998	1
X2900300	16.0227516530339	0.443903040226246	12.4204220821312	3.15842653067651	1
X2900301	-0.191703740111201	2.32766528600925	-10.6699146796684	8.1505456535479	1
X2900302	-13.9194541401783	3.01332818103691	-19.5764614906157	2.6436791694004	1
X2900303	-1.35421280499233	0.914547907326854	-8.78160182294288	6.51284111062384	1
X2900304	33.4068988033324	-1.66340215729312	37.8122315250181	-2.74193056439269	1
X2900305	-1.39994678832849	3.01332818103691	-5.99927776048836	1.58600279112296	1
X2900306	8.77684861694808	1.29360628338467	4.3187284018184	3.16451393174509	1
X2900307	1.83295769063292	1.29360628338467	2.10512575301406	-1.56577434576575	1
X2900308	26.3828971552979	-0.111359594110435	21.5752685109019	4.9189882385064	1
X2900309	23.6133748442194	-1.83357690982655	32.3353042151919	-6.88835246114604	1
X2900310	-0.191703740111201	2.32766528600925	-10.6699146796684	8.1505456535479	1
X2900311	-7.78137340047014	3.01332818103691	-12.2756119918632	1.48091041035623	1
X2900312	-11.4064638216978	2.28399863842465	-14.1561201268539	0.465657666731516	1
X2900313	-13.1529737310579	-0.996312573108059	-12.9513843690102	0.794723211060429	1
X2900314	-6.62420999837131	3.01332818103691	-17.3078640610765	7.67032588166825	1
X2900315	-3.46649290494636	0.531963479346624	1.3443336363062	-5.34279002059917	1
X2900316	-5.69550831540292	1.99087783009857	-4.70503935264506	-2.9813467928564	1
X2900317	-17.0090170312464	1.99087783009857	-16.4706786275906	-2.52921623375441	1
X2900318	33.353312089753	0.107115584315572	45.2627378821284	-12.0165413766911	1
X2900319	-8.7846426222351	1.99087783009857	-8.37972251115956	-2.39579794117419	1
X2900320	-1.65545860222455	1.99087783009857	1.22973354031902	-4.87606997264219	1
X2900321	-9.02746728050766	1.99087783009857	-3.32329277161549	-7.69505233899066	1
X2900322	-8.31161326098697	1.99087783009857	-6.27340291852287	-4.02908817256266	1
X2900323	1.19085872344068	0.366574160354026	5.11025971385671	-4.28597515077009	1
X2900324	32.6928705433822	-2.14559510086561	51.8930041689641	-17.0545385247163	1
X2900325	-20.9944827913254	-2.13168069972976	-9.48892577385381	-9.37387631774182	1
X2900326	8.98258136999674	0.301346250086285	12.0671960953577	-3.38596097544722	1
X2900327	7.97990120526499	1.21739043516241	10.6130031541106	-3.85049238400801	1
X2900328	22.4604016673871	-2.08308105439541	28.8190233961389	-4.27554067435659	1
X2900329	-4.84848797543803	1.18268228542433	-14.2010087113142	8.16983845045183	1
X2900330	12.2700376495216	-2.13168069972976	18.9976930230094	-4.59597467375806	1
X2900331	4.69196067909756	0.366574160354026	4.59151172126915	-0.266125202525592	1
X2900332	6.90370784150699	-1.624556806182	12.1528006222841	-3.62453597459515	1
X2900333	13.3768347833343	-0.732375928949451	23.1808995236182	-9.07168881133456	1
X2900334	2.20351304658615	0.531963479346624	12.0420331110629	-10.3704835438233	1
X2900335	14.2061555367471	-0.111359594110435	17.1967442960622	-2.8792291652045	1
X2900336	15.9601399379284	0.186264282165044	12.1595592819492	3.61431637381436	1
X2900337	15.9375743236386	-3.22145512582974	20.6818927748982	-1.52286332542972	1
X2900338	69.0861215122754	0.914547907326854	65.768739748856	2.40283385609249	1
X2900339	44.7419113230844	2.32766528600925	42.04634961103	0.367896426045168	1
X2900340	23.8788378970448	-0.449533964716282	23.6937118249941	0.634660036766814	1
X2900341	9.39836285447764	0.186264282165044	4.3558583854004	4.85624018691225	1
X2900342	-1.58359681576425	2.32766528600925	-9.97714555854449	6.06588345677113	1
X2900343	28.6517299678016	0.914547907326854	20.7883456326048	6.94883642786995	1
X2900344	5.84031558972863	-2.74412779360908	3.61536525143825	4.96907813189951	1
X2900345	-6.41750259667307	-1.28468162613861	-1.84469162832759	-3.2881293422068	1
X2900346	-0.88437288813865	0.366574160354026	-1.90675289057108	0.655805842078513	1
X2900347	13.4195234237726	0.95043006214163	7.55684524245127	4.91224811917966	1
X2900348	18.7220442210447	3.74078266469164	5.90960651770819	9.07165503864462	1
X2900349	-2.38070689375904	3.74078266469164	-13.2626409092311	7.14115135078028	1
X2900350	9.52578402850693	0.301346250086285	1.49284324620409	7.73159453221648	1
X2900351	4.79352732898015	0.472426358562278	2.90875266944607	1.41234830097163	1
X2900352	21.9677578954535	2.32766528600925	13.1307573689832	6.50933524046099	1
X2900353	7.23520870153295	0.301346250086285	-1.61923918150801	8.55310163295465	1
X2900354	-27.3333562866153	-1.99124600381581	-19.1629592298886	-6.17915105291087	1
X2900355	-11.3353154349005	1.73007542596356	-17.1059572336172	4.04056637275308	1
X2900356	-7.97177782860465	1.18268228542433	-12.7248996544379	3.57043954040876	1
X2900357	6.81920208059392	1.52459619640824	-2.89668478550319	8.1912906696888	1
X2900358	11.1189155343687	3.09774049979812	-3.35942983078099	11.3806048653515	1
X2900359	-18.7591219522349	1.18268228542433	-21.3911546264516	1.44935038879228	1
X2900360	7.12716864123011	0.544747704683617	-2.40881429845037	8.99123523499675	1
X2900361	-5.12020782820747	-0.948319240695139	-10.0185339065479	5.84664531903551	1
X2900362	3.93875322238662	-1.20183178253958	3.71836531947343	1.42221968545277	1
X2900363	-22.0395892886502	-1.624556806182	-21.3116883674337	0.896655884965565	1
X2900364	-27.8240887237535	-0.932748538130166	-28.2059560957949	1.31461591017165	1
X2900365	-23.991992842533	-0.948319240695139	-25.2437349074511	2.2000613056132	1
X2900366	13.8871903040116	-0.826314295001216	15.1359342210181	-0.422429622005056	1
X2900367	2.21876298237881	-0.826314295001216	-1.01902932341999	4.06410660080003	1
X2900368	-10.0866921481128	0.544747704683617	-21.8534705359503	11.2220306831538	1
X2900369	28.6895667460426	-2.49595550273583	25.4076927231881	5.77782952559048	1
X2900370	-28.6595120560548	-4.4292094506821	-19.6108591515124	-4.61944345386027	1
X2900371	-16.6932179702493	-4.78846929838381	-10.4669982721216	-1.43775039974397	1
X2900372	-13.486141829516	0.465363489123838	-18.6558158044683	4.70431048582842	1
X2900373	-7.18516052715598	0.544747704683617	-11.0489450906096	3.31903685876986	1
X2900374	-9.58126823169652	-0.808858782635788	-9.31626024347345	0.543850794412737	1
X2900375	-20.5159895072616	-4.21100810843916	-15.6911069360056	-0.613874462816852	1
X2900376	-20.2311461559182	0.95043006214163	-25.3376284398214	4.15605222176153	1
X2900377	-0.44071802900995	-2.11692459010439	-4.07270189946669	5.74890846056107	1
X2900378	3.12093518832378	0.301346250086285	-1.99454596307491	4.81413490131237	1
X2900379	36.399026052116	3.09774049979812	24.049537513638	9.25174803868042	1
X2900380	-13.2857777375177	-1.99124600381581	-13.7312547275378	2.43672299383587	1
X2900381	-0.127256739533507	0.366574160354026	-8.19816041025227	7.7043295103647	1
X2900382	-0.412485309901498	0.549904122477467	-6.3179090544787	5.35551962209968	1
X2900383	28.7515643824984	3.74078266469164	13.7822524184987	11.2285292993081	1
X2900384	-11.8106258074463	0.420185810022029	-13.8293285846888	1.59851696722042	1
X2900385	-6.65147564272009	2.32766528600925	-17.2675597594528	8.28841883072345	1
X2900386	8.18863418292351	-1.28468162613861	1.5959926744794	7.87732313458259	1
X2900387	22.6094216106725	3.09774049979812	5.79341852830996	13.7182625825645	1
X2900388	20.3833040744247	3.09774049979812	-7.4541168054942	24.7396803801207	1
X2900389	11.0186356034972	-2.11692459010439	4.3419749279751	8.79358526562641	1
X2900390	-11.9690833400814	1.64200239098158	-32.2624543447702	18.6513686137073	1
X2900391	-8.3721900728765	1.18268228542433	-16.3732434483532	6.81837109005232	1
X2900392	18.9692307107361	0.46150538814331	19.1072996128288	-0.599574290236091	1
X2900393	17.8704386387088	1.48067431426123	16.4264046292669	-0.0366403048191577	1
X2900394	-1.66880794019838	-0.153463476469161	-5.79243271454454	4.27708825081534	1
X2900395	-2.96328739678027	-1.85829559369332	0.66605141309914	-1.77104321618609	1
X2900396	-16.3286401635244	-3.73211042398468	-2.50113834071151	-10.0953913988281	1
X2900397	-1.7052692263749	0.309344059420846	-0.733010724044277	-1.2816025617515	1
X2900398	-20.4605921578913	-1.13726709554772	-14.2132499867645	-5.11007507557903	1
X2900399	-1.64262078454177	-3.73211042398468	8.73305819535633	-6.6435685559134	1
X2900400	-20.8075902465682	-0.111359594110435	-27.2472381937072	6.55100754124939	1
X2900401	-0.0458289012505517	1.06566387824124	-0.907190696411909	-0.204302083079781	1
X2900402	-7.80253524079485	1.79507083935785	-9.81341071395892	0.215804633806321	1
X2900403	14.4929836089546	0.314636944946419	15.2996953585947	-1.12134869458655	1
X2900404	-8.39227346256851	-1.64835908900629	-3.74930010071919	-2.99461427284299	1
X2900405	-3.58646468961133	3.4266824809835	-10.5772695776708	3.56412240707598	1
X2900406	-13.6388232645021	2.31436962704888	-19.1697283420359	3.21653545048498	1
X2900407	-31.0995077570433	-1.02917267879897	-32.1106679089228	2.04033283067854	1
X2900408	8.71710923682858	2.95000442342662	-6.57942815303382	12.3465329664357	1
X2900409	-23.9326306412357	2.40633233112161	-28.4972317874987	2.15826881514143	1
X2900410	-0.179477007246739	2.95000442342662	0.145394443156178	-3.27487587382959	1
X2900411	2.60039748935131	3.4266824809835	-3.25126014662493	2.42497515499268	1
X2900412	0.650337085712692	-1.07032418638906	5.89013823477021	-4.16947696266837	1
X2900413	-47.1610012139471	-1.85829559369332	-42.423206865398	-2.87949875485574	1
X2900414	-12.2827404437821	-2.72027861427859	-7.42453380128499	-2.13792802821852	1
X2900415	-11.3488439415826	-0.111359594110435	-11.2986217317885	0.0611373843163283	1
X2900416	-5.1490489687567	-1.13726709554772	-7.53640612780687	3.52462425459799	1
X2900417	-15.3710779367663	1.48067431426123	-13.800854466115	-3.05089778491239	1
X2900418	9.2339915741991	-0.111359594110435	13.5925033665917	-4.24715219828206	1
X2900419	-11.2613360156972	-1.85829559369332	-6.53063078222225	-2.87240963978159	1
X2900420	-18.8350257932636	0.95043006214163	-17.9372752584343	-1.84818059697098	1
X2900421	-19.6094247251397	-0.111359594110435	-24.5337288434045	5.03566371237523	1
X2900422	-7.02060138803505	0.95043006214163	-8.86814304724543	0.897111597068761	1
X2900423	-11.9689397747246	-3.71195792663611	1.78394021790654	-10.040922065995	1
X2900424	-21.5513584601697	-0.153463476469161	-22.4873279192364	1.08943293553591	1
X2900425	-31.2929014442553	-1.85829559369332	-23.381279951254	-6.05332589930789	1
X2900426	-0.795492171803439	0.95043006214163	1.5164208128067	-3.26234304675173	1
X2900427	17.6816890220304	0.46150538814331	26.0872512946881	-8.86706766080103	1
X2900428	14.0652305974063	-2.72027861427859	24.5906587511447	-7.80514953945979	1
X2900429	-3.06507675962759	-0.111359594110435	4.73597096280883	-7.68968812832599	1
X2900430	8.69692712358484	1.48067431426123	8.71746580733638	-1.50121299801281	1
X2900431	0.938422717089047	-3.73211042398468	12.6932173962075	-8.02268425513368	1
X2900432	-7.02060138803505	0.95043006214163	-8.86814304724543	0.897111597068761	1
X2900433	4.87244813290332	1.48067431426123	3.33140721168849	0.060366606953626	1
X2900434	3.86512336602509	0.95043006214163	8.39985600864089	-5.4851627047575	1
X2900435	15.0579786135243	1.48067431426123	17.7905424293366	-4.21323813007342	1
X2900436	-13.7927145724696	0.531963479346624	-13.3241728677003	-1.00050518411582	1
X2900437	0.151351927029012	0.309344059420846	-2.95506543445326	2.79707330206143	1
X2900438	-13.0556303489345	-3.04588398557311	-6.06530913825909	-3.94443722510229	1
X2900439	40.0404891773778	2.32766528600925	29.3917928278128	8.32103106355582	1
X2900440	1.51422129230451	0.443903040226246	-4.50324584104344	5.57356409312163	1
X2900441	47.2071568617669	0.531963479346624	39.4747850821151	7.20040830030515	1
X2900442	-7.99853161111329	0.95043006214163	-14.2703392328978	5.32137755964276	1
X2900443	1.27409586015066	1.64283153248866	-9.42940189195851	9.06066621962054	1
X2900444	8.59800608572031	-0.996312573108059	9.56574024819666	0.028578410631638	1
X2900445	-11.3101914243948	-3.22145512582974	-5.69865323841628	-2.39008306014872	1
X2900446	8.43523602206256	0.914547907326854	-9.73167540920955	17.2523635239452	1
X2900447	-13.339223964912	-2.73492076068908	-14.1738374855631	3.56953428134008	1
X2900448	39.7720099032817	3.01332818103691	30.3565882042795	6.40209351796564	1
X2900449	20.3197296852528	1.21739043516241	16.6671551929479	2.43518405714253	1
X2900450	3.43085340820971	1.21739043516241	0.514626736383178	1.69883623666409	1
X2900451	14.6722419874823	2.32766528600925	3.62261755084231	8.72195915063068	1
X2900452	23.4448437074378	-3.42701557127861	29.4049684319129	-2.5331091531964	1
X2900453	-0.962300684259958	-1.66340215729312	-0.106731101862479	0.807832574895677	1
X2900454	-2.72894636117906	-2.73825942811364	3.48772529772722	-3.47841223079265	1
X2900455	3.47589862488621	-5.16744740131452	18.9444772751279	-10.3011312489271	1
X2900456	-11.7716141507032	-2.51256305867897	-10.4264873320226	1.16743623999835	1
X2900457	-19.5841064690954	-5.16744740131452	-8.29621010042131	-6.12044896735954	1
X2900458	6.96751963553578	-4.5938221511424	20.1125591335683	-8.55121734688986	1
X2900459	-14.4323980094481	-2.11692459010439	-17.8500639535467	5.53459053420307	1
X2900460	12.1960609307831	-5.16744740131452	22.8835621739701	-5.52005384187243	1
X2900461	-16.4745883136149	-1.81781008136672	-14.57599226586	-0.0807859663880988	1
X2900462	-13.8898688421289	-2.94916755407017	-8.95875518233635	-1.98194610572227	1
X2900463	22.4091428503718	-0.132987199134252	22.0899849255748	0.452145123931376	1
X2900464	21.2712662384254	-0.449533964716282	19.6043603252716	2.11643987787005	1
X2900465	10.849435386404	0.443903040226246	5.80308853480268	4.60244381137502	1
X2900466	-23.3774361487153	1.21739043516241	-30.8099836337441	6.2151570498665	1
X2900467	-17.75745987886	-2.11692459010439	-10.4788792623376	-5.16165602641803	1
X2900468	6.96224918513626	0.366574160354026	-8.66351200756416	15.2591870323463	1
X2900469	-2.27984801816625	-0.449533964716282	-11.0767222054173	9.24640815196743	1
X2900470	-28.709611402399	1.21739043516241	-35.6552964893863	5.72829465182495	1
X2900471	-32.0687113669174	-2.11692459010439	-26.1635518040307	-3.78823497278221	1
X2900472	-25.988399130316	-3.00150403918581	-21.9320275222043	-1.05486756892596	1
X2900473	-1.08263217990601	-0.132987199134252	-0.599407990765862	-0.350236990005848	1
X2900474	-14.4995526780185	-0.366536207750764	-17.5239075365756	3.39089106630791	1
X2900475	-16.6163515778694	-0.090931820136692	-12.9182190390316	-3.60720071870105	1
X2900476	-14.6110547513756	-2.8899168539678	-10.9662930202811	-0.754844877126696	1
X2900477	-37.3280659285192	0.679622434932905	-41.856665119587	3.84897675613493	1
X2900478	-33.1959803701715	0.549904122477467	-32.5035599103019	-1.24232458234708	1
X2900479	-14.6047876700663	-0.090931820136692	-14.1228524895398	-0.391003360389739	1
X2900480	18.7763838056574	3.74078266469164	5.81123556464797	9.22436557631765	1
X2900481	-7.48307014257866	2.32766528600925	-21.9772247172762	12.1664892886883	1
X2900482	-15.1798134773768	0.95412315185246	-19.6343874050693	3.50045077584001	1
X2900483	3.83625650093875	0.95412315185246	-2.46802674159638	5.35016009068266	1
X2900484	-25.8336094861002	2.28399863842465	-29.4265643551819	1.30895623065701	1
X2900485	-22.9089275785481	-0.996312573108059	-20.0560899389493	-1.85652506649069	1
X2900486	5.43803707301716	-0.564321187295291	0.496812523128355	5.50554573718417	1
X2900487	-19.2366193841895	1.99087783009857	-21.4665937661009	0.239096551812784	1
X2900488	-11.1585441010678	3.74078266469164	-18.5025152650977	3.60318849933812	1
X2900489	-22.436374776158	2.01221971839369	-30.4706490839083	6.02205458935647	1
X2900490	0.88863329404024	4.38382482958516	-13.6580868821969	10.162895346652	1
X2900491	7.73819481386373	3.74078266469164	-4.78650155443462	8.78391370360663	1
X2900492	28.0045756947128	3.09774049979812	18.4078210520253	6.49901414288935	1
X2900493	21.2963570015339	2.32766528600925	11.1941006851417	7.77459103038287	1
X2900494	-10.6887060770984	0.366574160354026	-14.2556886739314	3.20040843647897	1
X2900495	-1.84458738186991	1.73007542596356	-6.76730166507186	3.19263885723838	1
X2900496	10.766470464217	0.679694591617898	9.5185082694388	0.568267603160369	1
X2900497	5.90397436740042	3.74078266469164	-9.21307078900043	11.3762624917092	1
X2900498	-9.19569111782193	3.74078266469164	-16.5595319688375	3.6230581863238	1
X2900499	4.98224126346671	0.472426358562278	3.73892169596473	0.77089320893968	1
X2900500	12.7033042455594	3.74078266469164	-0.724094556219178	9.68661613708673	1
X2900501	-7.49046450722431	0.472426358562278	-6.11661418622841	-1.84627667955817	1
X2900502	4.80623209902777	0.95043006214163	4.10106197052064	-0.245259933634513	1
X2900503	-24.5682070818704	1.18268228542433	-29.4588361752404	3.70794680794577	1
X2900504	-23.601225664018	-1.28468162613861	-25.0293928018838	2.71284876400447	1
X2900505	-30.8325604180698	2.32766528600925	-43.5499402165714	10.3897145124924	1
X2900506	14.8204017254314	-2.11692459010439	14.809070625583	2.12825568995282	1
X2900507	16.1273053432172	0.914547907326854	3.36117818699811	11.8515792488923	1
X2900508	0.0719448657002815	-0.163434152553695	-5.2535732522232	5.48895227047726	1
X2900509	-4.24010672833635	-0.68422457636418	-12.4293560188134	8.87347386684134	1
X2900510	17.046099517562	0.914547907326854	3.87374535558643	12.2578062546489	1
X2900511	-22.0997924808714	0.366574160354026	-30.0016850209456	7.53531837972016	1
X2900512	-13.4006051425405	0.420185810022029	-25.1850048529881	11.3642139004256	1
X2900513	-1.79143716589154	0.366574160354026	-10.623300099669	8.46528877342352	1
X2900514	-4.24413573236496	-3.04178961083951	-5.85989077475896	4.65754465323353	1
X2900515	-30.9263468135506	-1.72534518357083	-20.8476671049054	-8.35333452507431	1
X2900516	-24.2636119057735	-1.85829559369332	-18.4677978137715	-3.93751849830862	1
X2900517	-14.5164413441589	3.01332818103691	-21.3725544367829	3.8427849115871	1
X2900518	1.22749840247352	1.99087783009857	-9.68408539883415	8.92070597120896	1
X2900519	-47.5334183362737	-1.71518648343457	-41.9650811804486	-3.85315067239059	1
X2900520	-12.0469165862557	2.32766528600925	-21.8685057866274	7.49392391436231	1
X2900521	13.3402212918669	-0.449533964716282	13.8171967847012	-0.027441528118004	1
X2900522	-17.9065322309868	-0.131781240266322	-14.2941449289052	-3.48060606181536	1
X2900523	-12.5918198433917	2.32766528600925	-18.6135581282991	3.69407299889817	1
X2900524	-12.4034158310978	-3.39702626608638	-0.259025620159598	-8.74736394485172	1
X2900525	14.7192937431764	0.69706234078944	17.3424026357353	-3.32017123334822	1
X2900526	-25.9761286998544	-3.39702626608638	-17.4494616436706	-5.12964079009734	1
X2900527	-23.0534477838383	2.32766528600925	-21.5792669022346	-3.80184616761287	1
X2900528	-18.2952845023791	-1.28468162613861	-13.2053828028285	-3.80522007341186	1
X2900529	-17.1867602532483	1.64200239098158	-15.9901378885793	-2.83862475565058	1
X2900530	-36.9325413156511	0.186264282165044	-43.6431205241849	6.52431492636877	1
X2900531	3.32018062140826	1.64200239098158	-0.457524397065171	2.13570262749186	1
X2900532	-9.17461749453651	-3.04178961083951	-3.6652950499526	-2.4675328337444	1
X2900533	1.216863208562	-1.72534518357083	12.1620448461183	-9.21983645398558	1
X2900534	-9.82177897453249	-3.85403984825081	4.34148683446823	-10.30922596075	1
X2900535	-38.5172130577418	-6.33155065754905	-23.9747818604167	-8.210880539776	1
X2900536	-50.6307275390862	-6.32695375242164	-35.1333162399451	-9.17045754671932	1
X2900537	-3.35056757061846	-5.22401672327428	3.37424432234027	-1.50079516968436	1
X2900538	-23.3533276668345	-1.85829559369332	-18.9387693528916	-2.55626272024959	1
X2900539	-23.1471132982587	0.113496896551619	-27.3917691496618	4.13115895485146	1
X2900540	-20.5259469546664	0.76574543624563	-23.5553802506406	2.26368785972864	1
X2900541	-3.93227376997826	0.443903040226246	-5.78950697469536	1.41333016449091	1
X2900542	4.80168864702385	0.107115584315572	10.2723507055749	-5.57777764286655	1
X2900543	32.6195810041332	1.33734004516877	35.1528778445488	-3.8706368855844	1
X2900544	-10.0190976962552	-1.66340215729312	-2.57727060584242	-5.77842493311961	1
X2900545	-18.722997428594	1.21739043516241	-17.829961573711	-2.11042629004546	1
X2900546	-11.2208612676762	-0.588544886472602	-10.863386479796	0.231070098592358	1
X2900547	5.22979763960922	4.38382482958516	-1.40469550955317	2.25066831957726	1
X2900548	18.961259863519	0.95412315185246	11.3526521971001	6.65448451456642	1
X2900549	8.12568978595756	0.948408692030491	5.02443111880491	2.15284997512214	1
X2900550	-21.3764492621929	0.95043006214163	-20.2303464894033	-2.09653283493129	1
X2900551	-7.18795253390196	1.99087783009857	-11.4343691846938	2.25553882069321	1
X2900552	11.0359440694636	-0.564321187295291	11.9114268058089	-0.311161549050016	1
X2900553	-0.159967328700937	1.99087783009857	-11.2049694225888	9.05412426378918	1
X2900554	8.42621520307894	-1.66340215729312	6.76810131583799	3.32151604453402	1
X2900555	24.8665961348149	4.38382482958516	17.7479111562979	2.73486014893221	1
X2900556	13.9147393438091	4.38382482958516	3.81249054062965	5.71842397359409	1
X2900557	1.91731986226602	0.301346250086285	-3.08339895563886	4.6993725678185	1
X2900558	-2.65554051605049	0.531963479346624	-4.18163498583436	0.994130990437255	1
X2900559	-8.65570336947762	-1.73161425326112	-1.95242670703493	-4.97166240918159	1
X2900560	-20.0989483759385	-0.090931820136692	-24.1645825079638	4.15656595216205	1
X2900561	-1.57566628596341	0.428636092290577	-8.77905765848988	6.77475528023597	1
X2900562	-3.03746769247312	0.301346250086285	-8.58990060367225	5.25108666111282	1
X2900563	-32.5502951058009	-0.921903696235668	-36.2428381728322	4.61444676326688	1
X2900564	-18.5838385227204	-2.14643680935513	-18.3180945614371	1.88069284807187	1
X2900565	-7.47616067741402	-0.0488764411391323	-7.65580958041895	0.228525344144096	1
X2900566	-5.45061970936292	0.301346250086285	-5.370800435478	-0.381165523971172	1
X2900567	3.36045520187108	0.95412315185246	-0.580004949552063	2.98633699957064	1
X2900568	-27.3928250840032	0.301346250086285	-27.1327490346303	-0.56142229945911	1
X2900569	-10.8010334503718	-0.579989785251764	-13.3084186262288	3.08737496110867	1
X2900570	12.5868786949198	1.64200239098158	8.61358229998939	2.33129400394886	1
X2900571	-3.88856445741038	2.32766528600925	-7.66395330864858	1.44772356522894	1
X2900572	6.98031110377532	2.32766528600925	0.558374819877685	4.09427099788831	1
X2900573	3.3363869834528	0.186264282165044	0.139944863997719	3.01017783729006	1
X2900574	-21.3482716995989	-3.39702626608638	-15.3643696165084	-2.58687581700406	1
X2900575	3.21325170558965	2.32766528600925	1.0630423868219	-0.177455967241383	1
X2900576	-18.0290386489505	-3.04178961083951	-16.0720040482036	1.0847550100926	1
X2900577	12.4643086423451	0.420185810022029	8.14346554181995	3.90065729050313	1
X2900578	-1.35421280499233	0.914547907326854	-8.78160182294288	6.51284111062384	1
X2900579	-15.0440706788453	0.914547907326854	-23.7236511360605	7.76503254988829	1
X2900580	19.5653211212297	-1.58291152870854	21.2132203895611	-0.0649877396229961	1
X2900581	-8.32272316413719	1.64200239098158	-26.7217473722974	16.7570218171786	1
X2900582	-1.93391142490383	1.64200239098158	-7.92409796462454	4.34818414873903	1
X2900583	2.13983233434259	-2.94916755407017	9.50273768278985	-4.413737794377	1
X2900584	28.871385156035	-2.14559510086561	29.259389270708	1.75759098619252	1
X2900585	8.10218897425881	-2.47131953686174	14.3939438707557	-3.82043535963516	1
X2900586	13.2851799619215	-2.11692459010439	20.8858072557003	-5.48370270367452	1
X2900587	-13.0370187657919	-0.999446589149731	-21.363974263611	9.32640208696879	1
X2900588	-16.3334802115451	-3.1815754637238	-5.55048805190702	-7.60141669591422	1
X2900589	-21.9378100046421	-0.999446589149731	-18.5291457804033	-2.40921763508901	1
X2900590	0.955780128632675	2.28399863842465	-3.55964702606299	2.23142851627097	1
X2900591	-4.40161234106826	1.20872811618159	2.15628755140908	-7.76662800865887	1
X2900592	-22.9864101508455	4.38382482958516	-24.7332202058435	-2.63701477458724	1
X2900593	-1.74408727425451	-0.996312573108059	1.17133481836002	-1.91910951950657	1
X2900594	6.18312821005878	2.01221971839369	7.60721559118154	-3.43630709951657	1
X2900595	-1.39994678832849	3.01332818103691	-5.99927776048836	1.58600279112296	1
X2900596	10.578762158745	3.74078266469164	0.819012649814269	6.01896684423888	1
X2900597	4.17168790088297	3.74078266469164	-0.399841144351036	0.830746380542241	1
X2900598	-15.7373206080268	2.32766528600925	-26.9668103197127	8.90182442567655	1
X2900599	-4.16953334174439	1.99087783009857	-1.74770101064021	-4.41271016120274	1
X2900600	9.42276452510006	3.74078266469164	5.28419209314907	0.397789767259345	1
X2900601	6.48111620546261	0.472426358562278	6.99907972226758	-0.99038987536734	1
X2900602	-5.08864572841888	-2.11692459010439	4.02693706727479	-6.99865820558929	1
X2900603	-17.4592457883747	-2.69552767949874	-9.29755200345473	-5.46616610542127	1
X2900604	-13.7975478011393	-0.928351137362507	-15.0978408309015	2.22864416712471	1
X2900605	-26.965827088137	0.718174681458689	-24.2080880211999	-3.4759137483958	1
X2900606	24.9441107861899	-0.58546574154525	26.2374587104725	-0.707882182737333	1
X2900607	-55.110104798965	-4.40267781765366	-45.3481199000722	-5.35930708123919	1
X2900608	-20.1722508264432	0.472426358562278	-16.6149385273814	-4.0297386576241	1
X2900609	-16.9610065156844	0.718174681458689	-15.2862761567263	-2.39290504041678	1
X2900610	-25.3003727976441	-0.999446589149731	-14.7347673282649	-9.56615888022952	1
X2900611	-14.8743934582902	-0.999446589149731	-5.75692150876316	-8.11802536037743	1
X2900612	-6.38147920392999	0.366574160354026	-7.92913738926825	1.18108402498417	1
X2900613	-8.34390556590177	-1.99124600381581	1.96454785626011	-8.31720741834612	1
X2900614	-13.2019279214048	1.64200239098158	-9.34307184006688	-5.50085847231967	1
X2900615	-7.02351711732858	-1.99124600381581	-4.08504918109792	-0.94722193241491	1
X2900616	-5.72941708904936	0.95043006214163	-2.27513257373607	-4.40471457745501	1
X2900617	16.8590161165466	1.52459619640824	8.71770745113066	6.61671246900769	1
X2900618	-2.88594267888526	-1.28468162613861	-0.386060361878805	-1.2152006908679	1
X2900619	20.9003523796923	-1.83357690982655	35.135217513242	-12.4012882237231	1
X2900620	14.6914407379559	1.21739043516241	16.4089574805867	-2.93490717779316	1
X2900621	30.4778818321952	1.64283153248866	30.0807976824064	-1.24574738269998	1
X2900622	22.4926443127688	-1.29575320323389	19.8417905053013	3.94660701070125	1
X2900623	-6.91394941233722	2.32766528600925	-10.6206701128103	1.37905541446392	1
X2900624	-29.1699363614493	-2.73825942811364	-23.2651576533058	-3.16651928002989	1
X2900625	15.1956863298581	0.46150538814331	25.7492608695261	-11.0150799278113	1
X2900626	5.87289626982614	-0.495136061556904	12.7920347881951	-6.42400245681205	1
X2900627	-18.2856901325472	-1.85829559369332	-4.7891954008179	-11.638199138036	1
X2900628	-1.50120744413084	0.95412315185246	3.70828472609465	-6.16361532207794	1
X2900629	8.81129086740763	3.01332818103691	5.86733223779857	-0.0693695514278157	1
X2900630	-18.0002193146814	2.01221971839369	-14.562419143087	-5.45001988998811	1
X2900631	11.4338022272252	3.01332818103691	2.81417686497768	5.60629718121048	1
X2900632	-2.01735076816743	2.32766528600925	-11.9364329211463	7.59141686696961	1
X2900633	-14.73042786034	-1.71518648343457	-15.217415085136	2.20217370823057	1
X2900634	9.91625033620873	4.38382482958516	-0.677150683676175	6.20957619029976	1
X2900635	6.85072380382253	-2.14643680935513	12.5389500370843	-3.54178942390671	1
X2900636	-1.27637246081719	-2.13168069972976	12.0372255940244	-11.1819173551118	1
X2900637	8.99601021239819	-3.39702626608638	22.9017604162505	-10.5087239377658	1
X2900638	-31.7255238151219	-1.85829559369332	-31.3508132658676	1.48358504443901	1
X2900639	-8.81099808399217	-4.40267781765366	1.36466592363414	-5.77298618997267	1
X2900640	-5.96813429066558	-1.59327023756625	-3.08997577871023	-1.28488827438909	1
X2900641	-19.6111171225288	-5.16744740131452	-8.45929818002259	-5.98437154119169	1
X2900642	-3.28262784066624	1.21739043516241	-5.96060131938452	1.46058304355582	1
X2900643	-26.7841110495044	0.00404811386967863	-30.5185385345516	3.73037937117767	1
X2900644	-9.01099134491174	-0.628214555193674	-6.28292263202851	-2.09985415768951	1
X2900645	-9.77030222854686	1.21739043516241	-14.8008295298116	3.81313686610231	1
X2900646	8.47608304036105	-0.449533964716282	14.6155083802916	-5.68989137521438	1
X2900647	-14.9773266077513	-3.23440259105906	-11.0416425853748	-0.701281431317459	1
X2900648	-54.2481945990366	-3.42701557127861	-50.3899855469351	-0.43119348082292	1
X2900649	18.4065348981659	-0.090931820136692	14.7558889455925	3.74157777271011	1
X2900650	18.0174390619524	0.531963479346624	15.0373539383667	2.44812164423905	1
X2900651	11.1302371291901	0.95412315185246	2.86407671739291	7.31203725994469	1
X2900652	11.2213499336991	0.95412315185246	10.4067934516505	-0.139566669803763	1
X2900653	-12.1817612233358	-0.579989785251764	-16.063876385761	4.46210494767697	1
X2900654	2.06715208194647	0.301346250086285	-4.30678792999081	6.07259376185097	1
X2900655	1.69038286131962	0.95412315185246	-6.73001495892716	7.46627466839433	1
X2900656	16.5927409964208	-0.921903696235668	13.0426470918872	4.47199760076925	1
X2900657	20.3612274781552	0.95412315185246	12.2961394085775	7.11096491772518	1
X2900658	9.05703248120947	-0.163434152553695	2.77327974804717	6.44718688571592	1
X2900659	6.76814849055175	-0.153463476469161	12.1854646058195	-5.2638526387987	1
X2900660	11.7123258381654	-1.85829559369332	17.8388452472758	-4.268223815417	1
X2900661	11.1308041268269	-0.495136061556904	12.782844256815	-1.1569040684313	1
X2900662	-8.69483591993888	-1.99124600381581	4.30650455096635	-11.0100944670895	1
X2900663	-7.14347648395299	-1.64335784165278	-4.79297705099642	-0.70714159130386	1
X2900664	-11.9237648399967	-1.85829559369332	-6.88938970990928	-3.17607953639408	1
X2900665	9.07583496957545	-0.58546574154525	3.42498730928551	6.23631340183515	1
X2900666	-1.036413606236	-1.99124600381581	0.245386471738534	0.709445925841281	1
X2900667	-6.67030542096527	-1.36553042120543	1.68990629087433	-6.9946812906342	1
X2900668	-10.7305906166487	-4.09992724690583	-3.90321979923726	-2.72744357050557	1
X2900669	-13.8193884611094	-1.36553042120543	-5.20647271219127	-7.24738532771271	1
X2900670	-7.527363152418	0.420662095831536	-7.28696382949283	-0.661061418756717	1
X2900671	-3.53680023405931	0.948408692030491	-5.46231200708005	0.977103080990197	1
X2900672	-2.75028923081986	-0.090931820136692	-3.5441537553486	0.884796344665494	1
X2900673	0.595830838993429	4.38382482958516	-7.55003447349177	3.76204048289981	1
X2900674	5.23291211156283	1.99087783009857	2.61978569215947	0.622248589304744	1
X2900675	-16.2698205596641	3.01332818103691	-17.8541861457141	-1.42896259498686	1
X2900676	10.5307849513697	-0.564321187295291	11.6052103599404	-0.510104221275404	1
X2900677	21.0108935701946	4.38382482958516	14.6841777465312	1.94289099407843	1
X2900678	-15.8078338172618	3.27439099346462	-22.8283640836603	3.74613927293384	1
X2900679	6.52292513121918	3.74078266469164	1.14302107144476	1.63912139508269	1
X2900680	12.0966124031943	4.38382482958516	6.10834165269662	1.60444592091244	1
X2900681	-4.71673327496341	-1.85829559369332	-1.59183937033856	-1.2665983109315	1
X2900682	-1.24987059724848	-0.996312573108059	1.56980379169941	-1.82336181583991	1
X2900683	4.15259967848737	1.99087783009857	-8.23902417814598	10.4007460265347	1
X2900684	-6.96572848028873	0.718174681458689	-4.19096168128037	-3.49294148046711	1
X2900685	-32.9776400404266	-0.996312573108059	-30.7794708830552	-1.20185658426335	1
X2900686	-20.2359164101681	-2.14643680935513	-13.9169863341876	-4.17249326662532	1
X2900687	-27.894126479363	-2.13168069972976	-11.9067263954875	-13.8557193841457	1
X2900688	-22.3494108005657	-1.85829559369332	-12.8845068235202	-7.60660838335217	1
X2900689	-46.296764372544	-6.10982795580858	-29.4249284183147	-10.7620079984207	1
X2900690	-4.55152189836027	-3.22145512582974	0.267886989270288	-1.59795376180077	1
X2900691	-12.0056532527763	-3.39702626608638	-7.65837707571942	-0.950249910970374	1
X2900692	-42.5205148677971	-2.69781038149302	-30.2378736366182	-9.58483084968587	1
X2900693	15.4988148026173	-1.79092091351863	22.8386636154296	-5.54892789929368	1
X2900694	-7.57184174674696	0.397431215297566	-7.87885285956855	-0.0904201024759719	1
X2900695	16.7869934910856	-2.51256305867897	13.9508637302304	5.34869281953419	1
X2900696	-2.02661550622632	1.73007542596356	-8.81600671147742	5.05931577928748	1
X2900697	-23.432320259316	0.309344059420846	-17.3929732875793	-6.34869103115753	1
X2900698	1.67871665468746	0.397431215297566	-0.870488808961568	2.15177424835148	1
X2900699	3.35400129126426	-1.79092091351863	14.2196944150084	-9.07477221022547	1
X2900700	-12.6981467571435	1.29360628338467	-15.6421134828291	1.65036044230088	1
X2900701	-11.8980303351368	1.73007542596356	-27.3520561280276	13.7239503669272	1
X2900702	-18.6811139281564	0.69706234078944	-26.9434695109186	7.56529324197276	1
X2900703	-27.1579553058067	-2.51256305867897	-24.9599651938639	0.314572946736194	1
X2900704	-30.6500145870185	0.69706234078944	-36.3525514960943	5.00547456828636	1
X2900705	-15.4407144555903	0.309344059420846	-2.68382582849436	-13.0662326865167	1
X2900706	-25.5903465394896	2.28399863842465	-31.0401565762028	3.16581139828854	1
X2900707	-29.4512736230821	-2.13168069972976	-15.4973011114381	-11.8222918119142	1
X2900708	10.9110799666146	-0.163434152553695	8.16919853246821	2.90531558669999	1
X2900709	-5.87988348445715	2.32766528600925	-12.6437274350638	4.43617866459745	1
X2900710	-13.4943441001809	2.32766528600925	-18.269257402578	2.4472480163877	1
X2900711	-34.1099021318239	0.366574160354026	-29.5194306295321	-4.95704566264579	1
X2900712	-12.3555657535248	0.366574160354026	-8.62282873759893	-4.09931117627987	1
X2900713	0.249675750050372	2.32766528600925	-6.23071780327053	4.15272826731164	1
X2900714	-5.53595732312481	0.352769685534347	-5.14748078915533	-0.741246219503713	1
X2900715	-2.27106846027107	-0.163434152553695	6.29017925831553	-8.3978135660328	1
X2900716	-11.9558957484007	-0.111359594110435	-12.658638696745	0.814102542454904	1
X2900717	-9.77239416718218	-0.68422457636418	-0.984551353388639	-8.10361823742924	1
X2900718	-39.8402433235139	-3.39702626608638	-35.8439281958635	-0.599288861563957	1
X2900719	-5.51901504110106	-0.111359594110435	-5.53977186007748	0.132116413086874	1
X2900720	5.9499540659773	-0.163434152553695	10.1714578627957	-4.05806964426462	1
X2900721	30.643039810721	-0.917177835565192	31.1053515762395	0.454866070046834	1
X2900722	-7.47300915227558	-2.04728182982442	-1.0978428995532	-4.32788442289793	1
X2900723	10.386997307143	0.679694591617898	14.4687940718033	-4.76149135627809	1
X2900724	-6.76297368217822	-1.11004736143636	0.22190066451531	-5.87482698525719	1
X2900725	-46.3854027651932	-4.09992724690583	-28.9646593071601	-13.3208162111273	1
X2900726	3.16893327011326	-1.36553042120543	12.4764786401339	-7.94201494881527	1
X2900727	20.5063334565064	-3.34394204150114	27.7622218105471	-3.9119463125395	1
X2900728	-8.95134518781528	-1.11004736143636	-2.70750290949388	-5.13379491688506	1
X2900729	22.5595213079693	-2.14559510086561	37.4691589972908	-12.7640425884559	1
X2900730	-10.2487983487057	-3.797176676158	1.41580423138572	-7.86742590393346	1
X2900731	33.7954143998076	-2.14559510086561	50.7663991111501	-14.825389610477	1
X2900732	11.542835817585	-4.09992724690583	27.9467919268845	-12.3040288623937	1
X2900733	-3.29997894087047	-2.14643680935513	-0.828169320027392	-0.32537281148793	1
X2900734	-1.44234957091735	-0.163434152553695	-0.178019361013689	-1.10089605734999	1
X2900735	23.5157211153998	-0.579989785251764	17.7161321317284	6.37957876892323	1
X2900736	13.5371056714816	0.301346250086285	7.577253376272	5.65850604512322	1
X2900737	3.91470038043462	-1.36553042120543	5.10751249348095	0.172718308159068	1
X2900738	-3.71775197109312	0.95412315185246	-6.84127326909567	2.16939814615003	1
X2900739	-11.2431914073624	-0.0488764411391323	-13.4814678157851	2.28715284956176	1
X2900740	12.766160858112	-2.27211539564371	7.09610493385966	7.94217131989598	1
X2900741	-5.129316090193	0.95412315185246	-6.07829507380335	-0.0051441682421085	1
X2900742	14.4750037308658	-2.13168069972976	14.4445729843494	2.16211144624629	1
X2900743	1.24014532941093	1.21739043516241	3.19703210375032	-3.17427720950179	1
X2900744	-2.11674833687757	1.99087783009857	1.05034453195594	-5.15797069893203	1
X2900745	-26.7857057621953	-2.11692459010439	-21.138306961598	-3.53047421049285	1
X2900746	-10.6656326350591	0.301346250086285	-9.57894149224329	-1.38803739290216	1
X2900747	2.91792274017203	1.21739043516241	4.04904164576161	-2.34850934075199	1
X2900748	-1.29303596142052	1.18268228542433	-4.33335469502691	1.85763644818193	1
X2900749	-8.39391770334591	-0.732375928949451	-7.64504820493839	-0.0164935694581194	1
X2900750	6.96952630861738	-2.13168069972976	13.6481195639206	-4.54691255557353	1
X2900751	-17.0926190521144	1.18268228542433	-14.487424286544	-3.78787705099478	1
X2900752	-30.1703924218295	-2.94916755407017	-26.4457451492422	-0.775479718517109	1
X2900753	-12.239892056446	1.99087783009857	-15.0302994297819	0.799529543237277	1
X2900754	-10.4486338084403	-2.11692459010439	-2.26378551958698	-6.06792369874891	1
X2900755	-15.4788524620321	0.95043006214163	-17.2908543232031	0.861571799029346	1
X2900756	-5.98333947588315	2.28399863842465	-7.43054464154415	-0.836793472763551	1
X2900757	-13.7336319634669	-0.996312573108059	-8.84355919749779	-3.89376019286099	1
X2900758	0.680164878466385	2.32766528600925	-0.371049063534066	-1.27645134400879	1
X2900759	-20.9220291588091	2.32766528600925	-23.8250002220589	0.575305777240571	1
X2900760	4.74793161669295	3.01332818103691	-7.43251790653966	9.16712134219563	1
X2900761	2.4588136195735	4.38382482958516	-14.9100002894647	12.9849890794529	1
X2900762	-2.90942135710867	2.32766528600925	-18.5264905408135	13.2894038976956	1
X2900763	3.60752530635583	3.27439099346462	-7.36052753620215	7.69366184909333	1
X2900764	-0.224433428781275	1.48067431426123	0.698285066222027	-2.40339280926472	1
X2900765	-10.1490099763821	-1.85829559369332	-3.44904224582257	-4.84167213686622	1
X2900766	-12.7331661035994	-1.85829559369332	-11.2577141529842	0.382843643078197	1
X2900767	-7.84760711847983	-3.92880820398189	-1.76768598525904	-2.1511129292389	1
X2900768	-20.4764543117585	-1.99124600381581	-11.6863932422828	-6.79881506565989	1
X2900769	-24.9502627986907	-2.13168069972976	-14.2926379631688	-8.52594413579208	1
X2900770	1.40366738284335	-1.99124600381581	5.47402981137399	-2.07911642471483	1
X2900771	-45.5480502425196	-2.69781038149302	-38.253260592494	-4.5969792685326	1
X2900772	-14.3279777051592	-1.85829559369332	-11.7416957002826	-0.727986411183292	1
X2900773	-10.7626037813391	2.01221971839369	-9.70183097128985	-3.07299252844289	1
X2900774	-9.19569111782193	3.74078266469164	-16.5595319688375	3.6230581863238	1
X2900775	-10.097240732496	3.74078266469164	-26.4982558922872	12.6602324950995	1
X2900776	-0.0331942428548686	0.718174681458689	4.69736683213316	-5.4487357564467	1
X2900777	-28.6080211639573	2.32766528600925	-35.6401326484914	4.7044461985249	1
X2900778	-2.04985922277203	1.48067431426123	3.55030710507562	-7.08084064210879	1
X2900779	-16.2118629931526	1.64200239098158	-17.5934059460328	-0.260459438101295	1
X2900780	0.124021363475343	0.914547907326854	-0.485469855526453	-0.305056688325074	1
X2900781	-9.50754471560668	1.64200239098158	-20.0744164474984	8.92486934091014	1
X2900782	-2.3567517219347	0.366574160354026	-0.0700871883149219	-2.6532386939738	1
X2900783	-46.0127459746287	-2.71079982767481	-44.7016563436913	1.3997101967374	1
X2900784	-28.1309113031472	-2.71079982767481	-28.171670507376	2.75155903190356	1
X2900785	-13.9192578182487	-0.996312573108059	-13.4567143888358	0.533769143695024	1
X2900786	-33.4964473877176	-6.26984350384405	-21.6351577961931	-5.59144608768037	1
X2900787	2.21026818942138	-2.41522633174573	1.57891399941298	3.04658052175406	1
X2900788	-10.3098290283579	0.301346250086285	-7.81521884368414	-2.79595643476009	1
X2900789	-10.2380736205941	-0.0485481069816425	-16.8181355913361	6.62861007772365	1
X2900790	-22.9356109172044	0.301346250086285	-24.6732331416363	1.43627597434553	1
X2900791	-0.191703740111201	2.32766528600925	-10.6699146796684	8.1505456535479	1
X2900792	-0.733095805313837	2.32766528600925	-18.412392035102	15.3516309437788	1
X2900793	9.65842905425414	0.914547907326854	-5.9232840933387	14.6671652402661	1
X2900794	33.3823397310067	-0.808858782635788	31.8370089379664	2.35418957567609	1
X2900795	-20.3022991871741	-1.68177278622043	-22.5615243934536	3.9409979924999	1
X2900796	-21.197090845216	1.64200239098158	-37.3442311623346	14.505137926137	1
X2900797	4.80623209902777	0.95043006214163	4.10106197052064	-0.245259933634513	1
X2900798	-0.682491719631258	3.01332818103691	-12.7077869310463	9.0119670303783	1
X2900799	-2.02048339203741	-1.29575320323389	-4.66934077531896	3.94461058651553	1
X2900800	-8.34643999779042	-0.996312573108059	-10.6224646454976	3.27233722081526	1
X2900801	-0.4225918355951	1.21739043516241	1.61323932732635	-3.25322159808385	1
X2900802	-24.047036435095	0.95043006214163	-28.5116426119009	3.51417611466423	1
X2900803	-9.74717481908468	3.74078266469164	-18.4927281292023	5.00477064542601	1
X2900804	-18.2548584268905	1.99087783009857	-21.7246297781714	1.47889352118222	1
X2900805	-4.59955519798013	1.48067431426123	-5.23841630794311	-0.841813204298284	1
X2900806	-26.9408410121897	-0.996312573108059	-27.0998028143532	1.15527437527158	1
X2900807	-3.97941231743791	-0.808858782635788	-2.18604536272294	-0.9845081720792	1
X2900808	0.176528897047014	-4.5938221511424	8.58464526060632	-3.81429421241687	1
X2900809	16.7050386214052	-2.08308105439541	21.1983206238026	-2.41020094800222	1
X2900810	11.7651270650383	-1.49281712361542	11.2114994869919	2.04644470166186	1
X2900811	-46.133843787915	-1.20183178253958	-46.3925425436104	1.46053053823503	1
X2900812	-17.8529288994886	-2.08308105439541	-14.9662778499065	-0.803569995186716	1
X2900813	-3.96443067575677	-2.13168069972976	-1.90871177811726	0.075961802090244	1
X2900814	-9.14555186169717	0.366574160354026	-17.9332621107417	8.42113608869035	1
X2900815	-22.5999435499754	-0.732375928949451	-17.7151131450589	-4.15245447596708	1
X2900816	-22.0260972700352	-0.732375928949451	-23.2874471630765	1.99372582199064	1
X2900817	-33.1462212996946	-2.11692459010439	-28.4522503206952	-2.57704638889489	1
X2900818	-15.7166128998488	-0.999446589149731	-6.5307236334797	-8.18644267721933	1
X2900819	-3.78143219136057	0.718174681458689	-0.426658801368191	-4.07294807145117	1
X2900820	-4.23417724152819	-4.21136564325881	4.72446195665372	-4.74727355492316	1
X2900821	-30.4928929169099	-1.68177278622043	-31.6711232581608	2.86000312747129	1
X2900822	-1.78671009147651	3.09774049979812	-19.880875955256	14.9964253639813	1
X2900823	-18.9639728391922	-2.11692459010439	-25.4263155883562	8.57926733926838	1
X2900824	3.1123747998319	3.74078266469164	-18.7993508347257	18.1709429698658	1
X2900825	-21.4997779298611	-1.85829559369332	-16.0628526485133	-3.57862968765448	1
X2900826	-10.3908014028509	-2.13168069972976	-2.74304653564002	-5.51607416748113	1
X2900827	-32.3118031834967	-2.69781038149302	-26.4757156509029	-3.13827715110085	1
X2900828	-14.6764551303111	1.73007542596356	-24.838005105516	8.43147454924126	1
X2900829	-28.1028394872194	-1.71518648343457	-23.3743628981466	-3.01329010563822	1
X2900830	-9.68877652137603	-4.4292094506821	-3.23246378611798	-2.02710328457596	1
X2900831	-17.6173284984843	-3.27246522669211	-12.9750411310268	-1.36982214076548	1
X2900832	-13.771875628393	3.27439099346462	-22.7682386913875	5.72197206952987	1
X2900833	3.58316492891011	1.99087783009857	-0.1793380451888	1.77162514400033	1
X2900834	3.92583599961562	-1.66340215729312	3.07867662145794	2.5105615354508	1
X2900835	-16.7891015999225	1.99087783009857	-17.7945210407916	-0.98545838922941	1
X2900836	-15.3372199230247	0.790814316725454	-15.7430773495609	-0.384956890189095	1
X2900837	6.05116818593204	3.74078266469164	-1.63516267615317	3.94554819739347	1
X2900838	3.4401648592163	-0.732375928949451	11.6763488927206	-7.50380810455481	1
X2900839	-13.2007334568621	-2.11692459010439	-2.83206911003901	-8.25173975671874	1
X2900840	-26.0429473994157	-2.94916755407017	-20.3891283259426	-2.70465151940293	1
X2900841	-29.5665768318746	-3.04178961083951	-29.1588827859071	2.63409556487194	1
X2900842	2.42266305249685	3.74078266469164	-2.50763401859107	1.18951440639615	1
X2900843	12.2855425915648	1.48067431426123	15.9202862186289	-5.11541794132532	1
X2900844	-26.9572479751375	1.99087783009857	-33.5057556178859	4.5576298126499	1
X2900845	-25.9793614181468	-0.996312573108059	-21.5082139823621	-3.47483486267669	1
X2900846	-22.2104239613422	1.18268228542433	-16.9168334703055	-6.47627277646101	1
X2900847	-25.2944872010719	1.18268228542433	-25.1352974478009	-1.34187203869532	1
X2900848	-26.3005615894919	-0.426805161725987	-20.0004526645784	-5.87330376318754	1
X2900849	-37.298468266826	0.301346250086285	-40.6625050463402	3.06269052942795	1
X2900850	-21.8906537804379	-2.11692459010439	-15.6505624091469	-4.12316678118654	1
