<Trait>	Trait_1_H2_1	Trait_2_H2_1	Trait_3_H2_1	Trait_4_H2_1	Rep
X2909811	24.5161350694746	0.203071447625864	32.0624491962835	-7.74938557443474	1
X2909812	36.4113060983975	2.97793183514076	30.0993986677362	3.33397559552058	1
X2909813	3.67951767332345	0.431260957179117	2.41946921973573	0.828787496408608	1
X2909814	-25.5450268183053	0.203071447625864	-17.8789225248671	-7.86917574106401	1
X2909815	14.5866787019428	2.51388383268494	15.4188864748376	-3.34609160557969	1
X2909816	33.7281451506083	0.389904877224129	37.6124534352997	-4.27421316191557	1
X2909817	-19.8911159439836	0.596332005430949	-13.3509545777684	-7.13649337164618	1
X2909818	-7.50726595259174	0.801425645024993	-3.73302570076041	-4.57566589685636	1
X2909819	5.32972605215882	2.20563780599122	6.08473295544103	-2.96064470927343	1
X2909820	-7.74999724707344	0.497765770053206	-5.08288918195101	-3.16487383517564	1
X2909821	12.7156295772134	0.203071447625864	18.203925608608	-5.69136747902053	1
X2909822	3.74704008355084	2.71933971459438	-1.01310683527274	2.04080720422921	1
X2909823	25.982464760453	2.20563780599122	24.6539323029025	-0.877105348440594	1
X2909824	1.85607916422383	0.794425596155283	2.46579437745608	-1.40414080938755	1
X2909825	9.58661723523526	0.214362337313393	13.34232263878	-3.97006774085818	1
X2909826	2.65893478287921	0.827836622004175	6.30189706790974	-4.47079890703467	1
X2909827	2.03984697446485	0.801425645024993	8.50431487407913	-7.26589354463927	1
X2909828	28.9569992245367	1.25221384619167	27.2353895658923	0.469395812452839	1
X2909829	25.1886523617112	2.97793183514076	22.8268153135875	-0.616094787016976	1
X2909830	12.2515976007039	0.203071447625864	17.2136433181517	-5.16511716507364	1
X2909831	17.4175087556094	0.203071447625864	27.8001368655349	-10.5856995575514	1
X2909832	-6.90595206224348	2.93459698997945	-5.45565455739463	-4.38489449482829	1
X2909833	-29.7872899253501	-0.00797102754105317	-22.9554528811619	-6.82386601664695	1
X2909834	-21.7684153435777	3.06043512337321	-21.2640673100388	-3.56478315691219	1
X2909835	-17.9407471263065	0.403459397816685	-15.2314285491302	-3.11277797499295	1
X2909836	-18.6136825412667	-0.146979315313996	-12.4133089222488	-6.05339430370394	1
X2909837	-15.8040566470604	2.86841058045771	-15.0810290359286	-3.59143819158937	1
X2909838	9.67088819132858	0.348548797269139	11.9585807064005	-2.63624131234101	1
X2909839	4.56243063368796	3.69584415450821	6.70931184618148	-5.84272536700171	1
X2909840	-24.5580432806112	2.80624985041602	-17.8223513009512	-9.54194183007608	1
X2909841	0.00469813973196676	3.06043512337321	-3.46496047996502	0.409223496323717	1
X2909842	-15.4198339530446	1.23432181040487	-17.9687061728085	1.314550409359	1
X2909843	-27.5558516001074	2.74858311601279	-25.6403084276023	-4.66412628851789	1
X2909844	3.69163931486633	0.348548797269139	9.10026271553819	-5.7571721979411	1
X2909845	15.0951186707255	-0.00797102754105317	11.8902138597358	3.21287583853073	1
X2909846	-30.1079524446176	2.10716380932422	-24.9180231085957	-7.29709314534592	1
X2909847	-8.16801760790371	0.0990694753689986	-10.311149987605	2.04406290433234	1
X2909848	-17.409854003113	2.10716380932422	-14.2703351815152	-5.24668263092205	1
X2909849	-30.9211908387127	2.20563780599122	-24.0716317798671	-9.05519686483675	1
X2909850	-24.4283073678262	1.12907915305284	-22.2755761116568	-3.28181040922226	1
X2909851	-15.6141982714011	3.06043512337321	-15.8060588535524	-2.86857454122194	1
X2909852	-8.62327459899871	1.12907915305284	-7.33776627886717	-2.41458747318437	1
X2909853	-0.510650768802579	2.80624985041602	3.95157935821302	-7.26847997743161	1
X2909854	-23.5548549272728	3.06043512337321	-25.0591874908483	-1.55610255979779	1
X2909855	-14.8048545917507	-0.146979315313996	-11.0978460972521	-3.5600291791846	1
X2909856	-6.11900589632097	2.80624985041602	-5.20921877997085	-3.7160369667661	1
X2909857	-27.1617789181163	0.73378514461055	-23.3882115654533	-4.50735249727362	1
X2909858	-9.08077366102838	2.10716380932422	-4.9292060897666	-6.25873138058598	1
X2909859	10.1229097248493	0.534436936209626	6.20821378788887	3.38025900075079	1
X2909860	4.68960357087818	-1.78207727851682	2.44410371017664	4.02757713921835	1
X2909861	-2.79316933918889	-1.5709110066407	-2.36299290655688	1.1407345740087	1
X2909862	3.52974686969731	-2.18924325942158	0.0755056719969836	5.64348445712192	1
X2909863	35.5269512138847	-2.22827386528711	31.5131712473044	6.2420538318675	1
X2909864	-5.51744801821468	-2.40112243995221	-7.98062563294988	4.86430005468742	1
X2909865	26.8929245201951	-2.11304613154804	25.1237011807696	3.88226947097353	1
X2909866	-5.4363770016184	0.73378514461055	-7.87499909533145	1.70483694910252	1
X2909867	-4.52281514742132	0.346601859433987	-2.34508172722818	-2.52433527962714	1
X2909868	-15.4620723883708	1.06679229458971	-19.5589653325438	3.03010064958328	1
X2909869	20.168691778531	0.0990694753689986	13.9900119859584	6.0796103172036	1
X2909870	-12.6778426061045	-2.11304613154804	-11.4986651928697	0.933868718313128	1
X2909871	-14.010766947022	-1.91367250489691	-16.0203046144263	3.92321017230114	1
X2909872	14.7620047424521	-2.23263280953967	2.06844030276387	14.9261972492279	1
X2909873	-14.5845111970183	-2.486841751298	-14.7678891498806	2.67021970416036	1
X2909874	5.83219075155113	-0.146979315313996	4.80061400276766	1.17855606409744	1
X2909875	-23.7252842420771	-2.486841751298	-28.2477574622456	7.0093149714665	1
X2909876	0.848451079992283	-0.146979315313996	-0.155405158967044	1.15083555427333	1
X2909877	8.0057800410916	-2.40112243995221	9.45531646255113	0.95158601849269	1
X2909878	-19.3727671532835	-2.40112243995221	-13.2699627423031	-3.70168197102824	1
X2909879	1.22776004395381	-2.10483491937019	4.03510133071195	-0.702506367387939	1
X2909880	11.6291768754372	-2.46834138174415	12.1718160036068	1.92570225357458	1
X2909881	15.9286219001936	-1.99156125095396	14.1531389006925	3.76704425045508	1
X2909882	-11.8409946135598	-1.315890971202	-16.7174265963623	6.19232295400448	1
X2909883	-7.40127950492573	-0.00797102754105317	-6.5142357352551	-0.879072742129582	1
X2909884	1.12413319648039	0.346601859433987	3.76152577115405	-2.98399443410761	1
X2909885	0.253403610000244	-0.146979315313996	-5.211655352766	5.61203827808023	1
X2909886	10.8992274592837	-2.40112243995221	19.4622757734931	-6.16192587425724	1
X2909887	3.62940430457241	0.4773690377804	8.60885649024768	-5.45682122345566	1
X2909888	7.48662663135241	1.06679229458971	6.43982320900346	-0.0199888722407544	1
X2909889	-2.31473240014474	-0.00797102754105317	1.84774997257431	-4.15451134517804	1
X2909890	-10.8532420532357	-1.78207727851682	-6.22032204649733	-2.85084272822151	1
X2909891	-2.31382448836598	-2.11304613154804	6.84733393054109	-7.04811228735897	1
X2909892	-2.56565352644067	-1.93860515892307	4.53246138946586	-5.15950975698345	1
X2909893	-8.79758046000266	0.203071447625864	-0.446021476124778	-8.55463043150368	1
X2909894	-19.2072499535013	-2.40112243995221	-5.21429072174217	-11.5918367918069	1
X2909895	0.916594180275995	0.203071447625864	7.27687961385775	-6.56335688120754	1
X2909896	-2.56586147839416	0.403459397816685	0.210739744800728	-3.18006062101157	1
X2909897	-8.30565397647584	-2.22827386528711	0.857706439359159	-6.93508655054788	1
X2909898	-4.8212117782187	-2.10483491937019	-7.20703086553527	4.49065400668677	1
X2909899	-3.14078141525056	1.12096842978711	-8.49192287537306	4.23017303033537	1
X2909900	-4.58470725745376	0.73378514461055	-4.40111250037142	-0.917379901692858	1
X2909901	17.0721292706563	0.348548797269139	16.3693024634493	0.354278009937881	1
X2909902	8.84209935545754	-2.54495907982268	12.0224664788068	-0.635408043526549	1
X2909903	4.86688276919061	-2.25273082794861	5.7771630294871	1.34245056765212	1
X2909904	-10.8443680817485	-3.12792790223759	-8.35581399595355	0.639373816442688	1
X2909905	-12.3967407045335	-2.22827386528711	-12.1469039214046	1.97843708215815	1
X2909906	-11.2873430611451	-3.12792790223759	-5.60495674674914	-2.55445841215836	1
X2909907	-6.33023044773828	-3.19160622407919	-5.37660141537935	2.2379771917203	1
X2909908	-16.2782465758568	0.214362337313393	-10.806992398793	-5.68561651437724	1
X2909909	-4.71629774713142	-0.00797102754105317	1.98982132188024	-6.69814804147059	1
X2909910	21.6063594995689	-0.0012475099144269	21.1826450951322	0.4249619143512	1
X2909911	-4.59722370818591	0.497765770053206	-0.884502991596305	-4.21048648664279	1
X2909912	23.5110161758322	-2.486841751298	24.1510297753762	1.84682815175399	1
X2909913	4.66084822193226	1.67475830594348	0.128610368103438	2.85747954788537	1
X2909914	-13.9997495377139	4.00990223920337	-16.2998066105472	-1.70984516637018	1
X2909915	-22.1882416217071	0.534436936209626	-21.1202962252681	-1.60238233264873	1
X2909916	0.236537939150322	1.06679229458971	-0.34453016415048	-0.4857241912889	1
X2909917	13.4813240760985	1.06679229458971	16.1303942843558	-3.71586250284693	1
X2909918	14.3282913833113	0.348548797269139	13.043500242774	0.936242343268161	1
X2909919	13.2952395827084	0.822754471028507	11.4854879716287	0.986997140051182	1
X2909920	17.6654549493877	3.06043512337321	14.3402689352963	0.264750890718239	1
X2909921	5.28559322163353	0.534436936209626	1.81600058519285	2.93515570023105	1
X2909922	3.04961611893821	3.37695800334836	-6.61120594502041	6.28386406061025	1
X2909923	24.5592477608849	3.06043512337321	19.5430781785984	1.95573445891321	1
X2909924	-17.6839397637099	1.34700563400069	-14.3673521654777	-4.66359323223293	1
X2909925	1.42221044149325	1.78698272974543	-2.96680727967542	2.60203499142322	1
X2909926	6.84835325382084	0.630383924808303	-0.24982770806222	6.46779703707475	1
X2909927	2.34312455230375	4.01370643742221	-1.80894515675375	0.138363271635309	1
X2909928	23.3570585980473	0.822754471028507	18.8843345036555	3.64996962336336	1
X2909929	2.60530156656826	4.01370643742221	-4.62778193192232	3.21937706106839	1
X2909930	-8.68992429471662	3.68353672227892	-6.86547815263841	-5.50798286435713	1
X2909931	-15.1911747251951	0.8452752186858	-11.6786747608659	-4.35777518301503	1
X2909932	-11.0331792630985	1.4596894575965	-11.5129679725156	-0.979900748179494	1
X2909933	27.1311195006569	-1.94202291863737	30.9981702838879	-1.92502786459364	1
X2909934	-31.16234159576	-1.91367250489691	-27.7036261370663	-1.54504295379676	1
X2909935	14.1123294761677	0.312596018026379	8.47134356776188	5.32838989037948	1
X2909936	6.74151909217942	-1.91367250489691	11.3700714557755	-2.71487985869923	1
X2909937	-30.2187670766481	-2.04526773127701	-21.7892236079811	-6.38427573739011	1
X2909938	-31.3148082458791	-2.26556563941015	-29.0562424131258	0.00699980665673478	1
X2909939	-3.56340446079744	-1.99000765858218	0.716230446276073	-2.28962724849132	1
X2909940	-19.0918489636308	0.4773690377804	-17.5281725442318	-2.04104545717941	1
X2909941	-25.1337220737642	-2.51225009526185	-28.6177886625936	5.99631668409122	1
X2909942	14.2017950719486	0.4773690377804	17.5705689054409	-3.84614287127266	1
X2909943	-8.70401616669306	-2.37026198027448	-12.711774942919	6.37802075650034	1
X2909944	-0.407317646082776	-1.40871201395	2.72734184908006	-1.72594748121283	1
X2909945	-2.2570197229766	-2.25368220925096	4.76019914249953	-4.76353665622518	1
X2909946	-13.4476418947968	-1.47956376101857	-9.92540322813272	-2.04267490564548	1
X2909947	-8.50847484572169	1.00651928461904	-8.71126200710592	-0.803732123234808	1
X2909948	-11.0332769552042	-1.94202291863737	-6.84899321760074	-2.24226081896614	1
X2909949	-41.4583755223339	0.4773690377804	-41.4845806310052	-0.451163929109169	1
X2909950	6.96921140661273	-1.91367250489691	5.30266085115218	3.58022306035746	1
X2909951	14.9378662012735	1.23432181040487	15.9229013409865	-2.21935695011776	1
X2909952	-0.465003828575485	0.703510414250028	5.77176996280268	-6.94028420562821	1
X2909953	11.1653440636527	0.534436936209626	10.8203788074483	-0.189471680005289	1
X2909954	1.90832789693971	2.06518422299306	-0.703663561661794	0.54680723560844	1
X2909955	38.6842475003417	3.66687468760039	31.6294125157123	3.38796029702898	1
X2909956	44.9184249808426	3.37695800334836	37.5472443081483	3.99422266934584	1
X2909957	21.108070225202	0.348548797269139	17.5549887219778	3.204532705955	1
X2909958	1.62872581730713	1.06679229458971	2.15918564408644	-1.59725212136903	1
X2909959	23.1477507072363	0.705068622079332	22.1320332424949	0.310648842662032	1
X2909960	-0.208830533952262	1.06679229458971	-0.882331973433626	-0.393290855108359	1
X2909961	-1.28274487940915	3.06043512337321	-4.03657899245642	-0.306601010325938	1
X2909962	3.4154919066616	0.822754471028507	2.7384669000528	-0.145729464419694	1
X2909963	-0.605879313390203	0.707071929825887	-3.00960814756654	1.69665690435045	1
X2909964	19.1699594076363	0.534436936209626	20.3093680028398	-1.67384553141317	1
X2909965	12.3597792750401	1.23432181040487	10.3940242708868	0.731433193748498	1
X2909966	-5.88800994405943	1.34700563400069	-0.380465772272668	-6.85454980578747	1
X2909967	-1.51708715078693	1.23432181040487	4.85960460353382	-7.61101356472564	1
X2909968	-8.73856929377049	2.21664223022097	-14.4124678651163	3.45725634112482	1
X2909969	27.2711548135019	3.69171354926374	21.4180703152046	2.16137094903362	1
X2909970	-10.2527980111476	-0.921234882584005	-9.34938618253737	0.0178230539738081	1
X2909971	14.930783905282	-1.315890971202	8.55829054681616	7.68838432966783	1
X2909972	-29.0892423622108	-1.16303211708142	-21.9967861309279	-5.92942411420134	1
X2909973	0.518789937011587	-1.91367250489691	-2.73790381319599	5.17036625510449	1
X2909974	-7.85579718024084	0.523190581318464	-14.4416125247442	6.06262476318485	1
X2909975	12.6388740072068	-1.223069928454	13.8012253826574	0.0607185530034745	1
X2909976	-16.6456428668344	0.4773690377804	-15.6684273389039	-1.454584565711	1
X2909977	21.7100494886305	-2.09737687329299	18.1726757686802	5.63475059324332	1
X2909978	12.4012708137462	-1.78207727851682	10.6379694598775	3.5453786323855	1
X2909979	11.6374966118602	-2.486841751298	13.2434317233811	0.880906639777125	1
X2909980	19.227534849515	-1.78207727851682	18.4950389947534	2.5145731332784	1
X2909981	-4.0056872010021	0.827836622004175	-6.2535594947796	1.42003567177333	1
X2909982	2.06826530078615	-1.91367250489691	3.71706104608899	0.264876759594067	1
X2909983	-1.09182177944254	0.827836622004175	2.02657939888908	-3.94623780033581	1
X2909984	18.1027909161041	0.403459397816685	15.3544081383686	2.34492337991879	1
X2909985	-4.09645557567308	-1.16303211708142	-2.33363373657006	-0.599789722021585	1
X2909986	-10.2863948312016	1.07011461606493	-9.5246876309399	-1.83182181632666	1
X2909987	-4.80547218386334	1.67475830594348	-6.89791575995628	0.417685270149445	1
X2909988	-15.3750817023786	-0.35006315772975	-18.9431605089865	3.91814196433767	1
X2909989	3.29381227099626	-1.5709110066407	6.07628758053084	-1.2115643028939	1
X2909990	-9.50805692311597	-1.34438113154733	-9.16782917694928	1.00415338538068	1
X2909991	-9.52260062289169	-2.48324008519687	-7.05050076703082	0.0111402293360264	1
X2909992	-24.5583648900271	-1.34438113154733	-22.9497554651646	-0.264228293315115	1
X2909993	23.3913892679371	0.703510414250028	21.9727999158289	0.715078937858193	1
X2909994	10.0668702904205	0.703510414250028	7.33082966770501	2.0325302084655	1
X2909995	-11.3411831213682	-0.728093222893109	-15.2467362548999	4.63364635642477	1
X2909996	3.79565051017396	0.872583892290431	3.91934611196654	-0.996279494083007	1
X2909997	-24.2883946504486	-1.34232710254191	-24.2801355786616	1.33406803075487	1
X2909998	-3.8161970726851	0.872583892290431	7.67444581530901	-12.3632267802846	1
X2909999	-37.6743781714243	1.13554515568721	-35.0073515324663	-3.80257179464515	1
X2910000	-17.7802288726047	-1.91222269008524	-17.591243674006	1.72323749148647	1
X2910001	-5.93191283625099	-1.11785125645396	-6.66123758742105	1.84717600762407	1
X2910002	18.5427393143218	-1.91353015767032	21.0146300015616	-0.558360529569383	1
X2910003	5.15113548493736	-1.69202255947932	4.93773583541015	1.90542220900653	1
X2910004	-10.5461748167475	-2.22827386528711	-3.52857659876947	-4.78932435269092	1
X2910005	-19.8230617589224	-1.91222269008524	-16.2903894607117	-1.62044960812555	1
X2910006	10.6711007601277	-2.11304613154804	20.5579380898292	-7.77379119815344	1
X2910007	-19.6257221369117	-1.8546843511027	-13.5893092221477	-4.18172856366125	1
X2910008	1.89858705925146	-2.22827386528711	2.91745447778746	1.20940644675112	1
X2910009	-7.37139022113973	-1.82496982314387	1.12432546994896	-6.67074586794484	1
X2910010	6.78315656886979	0.73378514461055	6.72283916183882	-0.673467737579581	1
X2910011	20.0034994685026	0.346601859433987	24.4405570776088	-4.78365946854018	1
X2910012	-20.4011823709908	-2.04526773127701	-13.5274383987502	-4.8284762409636	1
X2910013	17.5199248096175	-2.20509470519204	20.0602154509555	-0.335195936145983	1
X2910014	10.9003658043869	-1.33803913137946	15.4837227591453	-3.24531782337883	1
X2910015	12.3693665019055	0.523190581318464	18.857735053342	-7.0115591327549	1
X2910016	-9.78741132040646	-1.71961046080029	-8.35714108892722	0.289340229321028	1
X2910017	-18.6162346193836	-1.02405150417697	-10.413303511752	-7.17887960345464	1
X2910018	-8.33025837758026	-1.34438113154733	-11.1280240372897	4.14214679125677	1
X2910019	-13.1560979070405	2.14556723101276	-20.4643549021655	5.16268976411225	1
X2910020	8.66711694176725	1.63316427869096	6.4359760226476	0.597976640428692	1
X2910021	4.68820386477965	0.741930933446547	3.33112142104212	0.615151510290973	1
X2910022	-8.74560893681231	-1.11785125645396	-10.1715937214264	2.54383604106808	1
X2910023	5.29688879521789	-0.921234882584005	7.35189448298182	-1.1337708051799	1
X2910024	15.5850935320492	-1.96976102906778	15.6656440736086	1.8892104875083	1
X2910025	-20.4729673090986	-1.11785125645396	-17.9523534739414	-1.40276257870336	1
X2910026	-7.96011495137315	-1.81555451405845	-10.478313106105	4.33375266879033	1
X2910027	6.93115549101854	-1.83043818276041	7.51381286591183	1.24778080786712	1
X2910028	-18.0649714233819	-1.1143765422749	-13.0020907148223	-3.94850416628479	1
X2910029	-0.00195359348726454	1.20429801678472	4.08320319381104	-5.289454804083	1
X2910030	-25.3054238994903	-1.45628197293868	-25.1358029407384	1.28666101418673	1
X2910031	20.7731404233623	-0.526578793966011	22.1594871232455	-0.859767905917169	1
X2910032	4.92302045636575	1.13554515568721	0.158348945522438	3.62912635515609	1
X2910033	-34.6691567727559	-1.43751781758825	-37.1052646420472	3.87362568687959	1
X2910034	17.941964277122	-1.66471075891769	12.0142482205401	7.59242681549964	1
X2910035	20.6205866072612	-1.91222269008524	19.7052866889125	2.82752260843388	1
X2910036	-26.3496117359348	-1.34438113154733	-20.2713985610796	-4.73383204330787	1
X2910037	25.0763014654201	-1.33786026688142	14.8924893295751	11.5216724027264	1
X2910038	8.94052857817283	1.49008495634582	2.73489224430809	4.71555137751893	1
X2910039	-2.02706714996851	-1.66471075891769	-7.88875342254534	7.52639703149451	1
X2910040	12.7679427574235	-0.718109437507082	4.01946710217716	9.46658509275343	1
X2910041	18.7565942664605	1.06793075082532	8.60579061274671	9.08287290288846	1
X2910042	11.6377603084208	-1.33786026688142	15.9198488671655	-2.94422829186326	1
X2910043	16.4344079114305	-1.66471075891769	10.0500488175092	8.04906985283906	1
X2910044	19.278605980901	-2.10483491937019	11.1115654854579	10.2718754148133	1
X2910045	-17.2957346816581	1.13554515568721	-18.0425469447971	-0.388732892548245	1
X2910046	-17.2578785913323	-1.66471075891769	-19.3842826953694	3.79111486295475	1
X2910047	-5.06807429287814	-1.36759630038128	-5.81361805961167	2.11314006711478	1
X2910048	24.9933336035518	-1.83043818276041	22.0412414633657	4.78253032294655	1
X2910049	-2.19401008886272	-1.315890971202	-0.405238652652657	-0.472880465008077	1
X2910050	8.74965385618711	-1.5298094299303	12.3519053908968	-2.07244210477941	1
X2910051	5.00295865753327	1.13554515568721	0.42594896674423	3.44146453510182	1
X2910052	-0.343768839302858	1.06793075082532	-4.05722403338814	2.64552444325994	1
X2910053	6.77971852121648	-1.66471075891769	8.84127988750795	-0.396850607373768	1
X2910054	19.5462158525078	-1.315890971202	13.9248884101776	6.93721841353216	1
X2910055	-1.24253782569856	-1.92473789864479	2.47220561894156	-1.79000554599533	1
X2910056	13.5215379447216	-1.81502290052132	14.8126010193063	0.523959825936609	1
X2910057	13.1617636706055	-2.74984825833949	9.64187575087271	6.2697361780723	1
X2910058	-1.40198819432401	-1.73069505255399	7.42240754924572	-7.09370069101575	1
X2910059	12.728766057921	-1.91353015767032	10.5463947296992	4.09590148589218	1
X2910060	8.86514964021035	1.12608801249778	5.0240399430017	2.71502168471088	1
X2910061	7.89484521845542	0.637626984605511	0.0939222817904706	7.16329595205946	1
X2910062	1.6874319098881	1.15761913633268	-4.40259091753342	4.93240369108884	1
X2910063	1.81041620653058	-2.18924325942158	-2.30209830166919	6.30175776762135	1
X2910064	8.49521507862468	-2.74984825833949	5.41384073772053	5.83122259924364	1
X2910065	-18.2090304684687	-1.81502290052132	-13.7432266011976	-2.65078096674978	1
X2910066	-6.27950572706118	-2.2227100901652	-11.2063131650292	7.14951752813314	1
X2910067	-8.55135500882448	-1.8175528201354	-8.17406995183747	1.44026776314836	1
X2910068	14.1483365212599	0.644870044402719	12.5930009269087	0.910465549948547	1
X2910069	-12.608748748317	-2.0686963316778	-7.86247608190663	-2.67757633473258	1
X2910070	-5.06854390546043	0.851841484997443	-12.6381345096198	6.7177491191619	1
X2910071	1.8375961160959	-1.92473789864479	0.372886339562237	3.38944767517846	1
X2910072	-1.37175030002736	1.12206685871714	-1.39888310998852	-1.094934048756	1
X2910073	-2.36218089883376	0.851841484997443	-2.27109662581301	-0.942925758018198	1
X2910074	-2.45120416135859	1.04520778427001	-7.8906535406868	4.3942415950582	1
X2910075	-18.9090538119848	-1.78207727851682	-13.7478159902799	-3.37916054318813	1
X2910076	-5.38241915724858	-2.2906150399676	-0.12857043739579	-2.9632336798852	1
X2910077	1.34559409590178	0.827836622004175	0.436398176851532	0.0813592970460661	1
X2910078	2.02880548722578	1.06679229458971	-2.22501859482492	3.18703178746098	1
X2910079	7.03474184535637	-1.223069928454	1.80316074588489	6.45465102792545	1
X2910080	8.36032454748068	0.0990694753689986	4.20669234701203	4.05456272509965	1
X2910081	5.54951627608768	-0.00797102754105317	4.55669086220544	1.00079644142331	1
X2910082	1.00408474471449	-2.40112243995221	8.27561922780517	-4.87041204313846	1
X2910083	4.72499029313707	-2.67986040881008	6.30262159038311	1.10222911156403	1
X2910084	-7.9734967366272	-0.00797102754105317	-11.4209741356774	3.45544842659132	1
X2910085	9.24953377552062	-1.78207727851682	6.38935851111751	4.64225254291992	1
X2910086	8.93461545689379	-1.66471075891769	8.55388241261306	2.04544380319844	1
X2910087	-5.47697878602973	-1.78207727851682	-0.865027506990864	-2.82987400052204	1
X2910088	-6.19920867347542	-1.315890971202	-11.8087366778348	6.92541897556141	1
X2910089	-8.88906897461459	-2.22827386528711	-5.9188773141939	-0.741917795133572	1
X2910090	8.39144972792934	-1.78207727851682	8.28260634638442	1.89092066006171	1
X2910091	8.9783431574372	-2.37026198027448	9.4459373689666	1.90266776874508	1
X2910092	-23.3925767633228	0.523190581318464	-22.092426268166	-1.82334107647525	1
X2910093	-7.16421925204718	1.23432181040487	-9.4545290465399	1.05598798408784	1
X2910094	-32.3376725375514	-1.88547152047314	-26.0267784449095	-4.42542257216874	1
X2910095	-10.2543863972471	0.636330129479568	-12.0367664165692	1.14604988984261	1
X2910096	-51.1622711731241	-1.91367250489691	-46.8538770317852	-2.39472163644204	1
X2910097	-14.3996128470286	1.34700563400069	-22.5381943915107	6.79157591048136	1
X2910098	-39.3290629201623	-1.16303211708142	-27.518656132703	-10.6473746703781	1
X2910099	-29.7485317850919	-2.486841751298	-19.4452380650891	-7.81645196870481	1
X2910100	-30.0892171636062	-1.78207727851682	-26.6848607566188	-1.62227912847062	1
X2910101	-41.727229643326	0.827836622004175	-35.4475766372425	-7.1074896280878	1
X2910102	-29.4717786888552	-1.78207727851682	-30.0615131724636	2.37181176212525	1
X2910103	-15.8572529116942	-1.315890971202	-16.0712872903063	1.52992534981404	1
X2910104	-40.5487580494936	-1.16303211708142	-29.1037846643212	-10.281941268091	1
X2910105	-36.5151634032535	-0.967071183486303	-33.982220641197	-1.56587157857027	1
X2910106	16.0144836204109	-1.62676570712438	18.7160117157552	-1.07476238821999	1
X2910107	-12.4308276414104	-1.78207727851682	-9.33372842102529	-1.31502194186825	1
X2910108	-30.4273635045221	-1.91367250489691	-25.5681604619381	-2.94553053768706	1
X2910109	-50.3789038152748	-2.37026198027448	-45.8201870540804	-2.18845478091999	1
X2910110	-9.5759030822782	0.403459397816685	-8.0310913375121	-1.94827114258278	1
X2910111	-51.6992703817404	0.410182915443311	-41.4158827032291	-10.6935705939546	1
X2910112	19.5967928187495	0.8452752186858	19.8447751421581	-1.09325754209445	1
X2910113	-33.8431026910232	0.801425645024993	-28.1273949017987	-6.5171334342494	1
X2910114	3.72135313222867	3.13744213131461	-1.11654885234446	1.70045985325852	1
X2910115	-14.1858179925859	0.551278677744115	-12.3164806393779	-2.42061603095206	1
X2910116	-9.61868436498471	0.523190581318464	-6.26014029698981	-3.88173464931334	1
X2910117	-15.4709349578607	0.312596018026379	-14.3407619656697	-1.44276901021732	1
X2910118	-39.7739957524223	0.449701565386745	-41.6693709530543	1.4456736352453	1
X2910119	-11.3377134570729	0.58326168843319	-3.49402751737185	-8.4269476281342	1
X2910120	-19.3108396943931	0.4773690377804	-20.6458094095845	0.857600677411102	1
X2910121	-15.7750186487967	3.15653103544856	-12.265124050996	-6.66642563324934	1
X2910122	-34.2438632543102	0.4773690377804	-30.2943353536013	-4.42689693848934	1
X2910123	4.59464015394178	4.00990223920337	-3.41780962072862	4.00254753546703	1
X2910124	-16.6335585476215	1.34700563400069	-21.7911597940987	3.81059561247657	1
X2910125	-15.4679518816845	2.94089042142945	-6.35586586060135	-12.0529764425127	1
X2910126	-4.87162283826546	1.00651928461904	2.01293405964977	-7.89107618253427	1
X2910127	42.2576751794113	1.12608801249778	35.1661386114528	5.96544855546072	1
X2910128	2.6808281567152	-1.69202255947932	1.10439807113249	3.26845264506205	1
X2910129	26.9646851890641	0.73378514461055	24.1245780612554	2.10632198319811	1
X2910130	-11.4885692754492	-1.91353015767032	-13.6706541443454	4.09561502656645	1
X2910131	39.3011861394055	-2.50665287830542	38.1270908820412	3.68074813566963	1
X2910132	39.3636532331072	0.73378514461055	35.7568667337666	2.87300135473002	1
X2910133	38.4565825388681	0.73378514461055	36.5682043385496	1.15459305570792	1
X2910134	35.8214460835083	0.855797892522099	28.3911314377401	6.5745167532461	1
X2910135	46.292294265048	-2.50665287830542	40.7230454067357	8.07590173661768	1
X2910136	31.6497135837212	-2.37026198027448	32.3395835723415	1.68039199165417	1
X2910137	26.194931823657	-2.25368220925096	27.1934919880311	1.25512204487689	1
X2910138	29.6558095393035	0.855797892522099	34.3482400247796	-5.54822837799813	1
X2910139	21.2927183881531	1.12907915305284	15.7803009742065	4.38333826089375	1
X2910140	2.53285275310602	-1.81670490884029	13.0450920734076	-8.6955344114613	1
X2910141	47.3883113823339	1.11526377961325	47.2240680525188	-0.9510204497981	1
X2910142	25.3098398874345	0.794425596155283	22.2934592092561	2.22195508202309	1
X2910143	6.48936035187333	1.07011461606493	3.0545607674065	2.3646849684019	1
X2910144	-6.98052932007305	-2.2906150399676	-4.36358302669154	-0.326331253413948	1
X2910145	-9.13567433264962	-2.43554243615381	-0.747578459024426	-5.9525534374714	1
X2910146	-0.47317955501941	1.07011461606493	-4.7511160685054	3.20782189742107	1
X2910147	-3.86335679612447	-2.77108702978967	-6.90337887399671	5.81110910766183	1
X2910148	-2.18198589221996	-1.73069505255399	3.33564661822642	-3.7869374578924	1
X2910149	-8.52921909758042	0.436695702167839	-6.67207624836432	-2.29383855138394	1
X2910150	24.416494968738	0.214362337313393	28.0122917254582	-3.81015909403359	1
X2910151	7.39183054368502	0.436695702167839	2.05058252439422	4.90455231712296	1
X2910152	19.1778561734432	0.389904877224129	16.4031258849784	2.38482541124069	1
X2910153	27.0609542504384	-1.93860515892307	26.0747298689476	2.92482954041392	1
X2910154	-9.24415886247756	-1.8546843511027	-0.520023790793734	-6.86945072058112	1
X2910155	1.45130699979861	0.436695702167839	11.0713999887125	-10.0567886910817	1
X2910156	14.0825002688722	0.225653227000922	11.2508134555923	2.60603358627901	1
X2910157	3.19073025956382	0.214362337313393	-3.7570911906179	6.73345911286834	1
X2910158	18.267097290388	-2.2906150399676	20.0151182155437	0.54259411481181	1
X2910159	-23.2506280947366	0.167694918102237	-20.3305012584073	-3.08782175443154	1
X2910160	1.12429413986884	-2.67986040881008	1.33272001562768	2.47143453305125	1
X2910161	24.0407873643684	1.19136601151598	21.3224510188196	1.52697033403273	1
X2910162	27.7709321163023	0.822754471028507	20.9473756334755	6.00080201179836	1
X2910163	-0.00758759672379261	-2.74641656061919	2.67348217701352	0.0653467868819048	1
X2910164	25.0286366108363	-2.01861990459923	23.2211737396261	3.82608277580942	1
X2910165	21.2827571279072	-2.10483491937019	22.8999382520533	0.487653795224073	1
X2910166	0.708755804819044	-2.10483491937019	2.60263267824118	0.210958045948054	1
X2910167	18.8231728340802	-2.46834138174415	11.0661817037996	10.2253325120247	1
X2910168	8.86521825878513	1.52437316149513	3.20997995609587	4.13086514119411	1
X2910169	20.3924953846744	-3.36815956666619	18.8792536947462	4.88140125659441	1
X2910170	-14.5116881082634	-2.46834138174415	-10.8065881598322	-1.23675856668702	1
X2910171	5.73006891253243	0.162660658328653	-1.42815036074756	6.99555861495132	1
X2910172	17.1654318453174	-3.36815956666619	13.9206634125287	6.61292799945486	1
X2910173	1.55797184380931	-2.67986040881008	-1.71524342663335	5.95307567925276	1
X2910174	-7.43701232891816	-2.67986040881008	-1.66877446770238	-3.08837745240571	1
X2910175	25.3151111852522	-2.74641656061919	30.4763474118047	-2.41481966593333	1
X2910176	17.67119892538	0.389904877224129	13.2725322900595	4.00876175809641	1
X2910177	24.43019893243	-2.09737687329299	24.7800031066931	1.74757269902986	1
X2910178	22.867613078113	-3.36815956666619	22.7741740186262	3.46159862615296	1
X2910179	-2.51455931402517	-2.74641656061919	1.9554372972085	-1.72358005061447	1
X2910180	23.0603716127138	1.12907915305284	23.2581926475799	-1.32690018791901	1
X2910181	23.8634972445352	-2.67986040881008	34.5174028008444	-7.9740451474991	1
X2910182	8.6113003869915	-2.54495907982268	8.04664409353166	3.10961537328255	1
X2910183	13.2476557200929	0.822754471028507	12.2531654801556	0.171735768908793	1
X2910184	14.9686296861599	0.179822049246902	7.11970501727095	7.6691026196421	1
X2910185	-37.5037900321796	-1.7994949107395	-27.1422286566302	-8.56206646480984	1
X2910186	-6.8649339440288	-2.2906150399676	4.79534149719082	-9.36966040125209	1
X2910187	0.678911272116824	-1.5709110066407	10.5948824203762	-8.34506014161871	1
X2910188	10.7358570372828	0.855797892522099	18.1530071441466	-8.2729479993859	1
X2910189	-19.5895176050829	-1.7994949107395	-4.30950923288822	-13.4805134614551	1
X2910190	-11.0008460478164	-1.61173921927822	0.840307361279692	-10.2294141898178	1
X2910191	-24.469713302031	-2.38692756258223	-12.7912063332391	-9.2915794062097	1
X2910192	13.8881218617516	-2.2906150399676	17.6725187176886	-1.49378181596942	1
X2910193	-23.6641982700887	-1.61173921927822	-11.3705192214131	-10.6819398293974	1
X2910194	-8.26718662443091	-1.39036856654813	-5.44059056531398	-1.43622749256881	1
X2910195	4.48452516807961	-2.19077045977603	13.2483404253186	-6.57304479746302	1
X2910196	16.8317265708742	-2.2906150399676	27.6830678720527	-8.56072626121099	1
X2910197	-4.19258110840638	0.553122210565724	4.80167852027761	-9.54738183924971	1
X2910198	0.53525661453434	0.596332005430949	9.56208288465984	-9.62315827555651	1
X2910199	8.41172867416722	-1.34438113154733	11.2281308451282	-1.47202103941365	1
X2910200	-8.93903255520594	-1.10612328805647	-4.34305346621669	-3.48985580093277	1
X2910201	-10.0892365371763	-2.11304613154804	-14.9398889808948	6.96369857526659	1
X2910202	-8.98177742164155	-1.99156125095396	-7.98538138633228	0.995165215644696	1
X2910203	-11.6868000549261	0.534436936209626	-14.5127522096468	2.29151521851104	1
X2910204	-4.96129299219982	0.827836622004175	-7.8887764674211	2.09964685321706	1
X2910205	-8.86889802583928	-2.10483491937019	-11.2693903121906	4.50532720572149	1
X2910206	-4.24842006094075	-1.78207727851682	-8.10065508483	5.63431230240609	1
X2910207	-8.09890996270288	-2.67986040881008	-6.92186839612099	1.50281884222813	1
X2910208	-22.9755578491541	-2.2906150399676	-19.1362819300807	-1.54866087910584	1
X2910209	-1.6756578185027	-2.486841751298	-2.89030640999089	3.70149034278619	1
X2910210	-35.4596196883225	-0.146979315313996	-35.6657749839936	0.35313461098503	1
X2910211	-2.49290238941979	-1.93860515892307	-2.21083791124316	1.65654068074644	1
X2910212	-47.5381257397662	0.203071447625864	-42.2839877212829	-5.45720946610908	1
X2910213	-33.7430666830108	-2.40112243995221	-37.3796431137911	6.03769887073257	1
X2910214	-0.584227913148186	0.534436936209626	-2.30798937696208	1.18932452760428	1
X2910215	8.50736123383783	0.201105943951129	5.44621428837206	2.86004100151463	1
X2910216	-4.06314816403943	-1.78207727851682	-1.80159326484591	-0.479477620676721	1
X2910217	-39.2490194038327	-2.11304613154804	-38.2596309200428	1.12365764775809	1
X2910218	-23.084236762676	-2.10483491937019	-23.0703433514442	2.09094150813837	1
X2910219	20.1911387734659	-1.10612328805647	18.3144864131261	2.98277564839627	1
X2910220	9.21040159269104	1.59914765296979	1.6838047712342	5.92744916848706	1
X2910221	35.0853763747927	1.59914765296979	27.1590615231792	6.32716719864364	1
X2910222	10.8528439758243	-1.91367250489691	8.96179084682275	3.80472563389847	1
X2910223	18.3392973587969	-2.10483491937019	15.5487511474207	4.89538113074631	1
X2910224	42.085094336833	0.346601859433987	42.3526284644712	-0.61413598707213	1
X2910225	28.156638487835	-2.11304613154804	26.74303413246	3.52665048692303	1
X2910226	21.8976551743476	0.346601859433987	24.8031162926777	-3.25206297776405	1
X2910227	11.720584829383	-1.92234600484244	12.1689586978051	1.47397213642039	1
X2910228	24.2736337921883	-2.22827386528711	19.1600795423537	7.34182811512169	1
X2910229	1.50071383929738	0.719529790477644	5.13345239551779	-4.35226834669805	1
X2910230	26.2199987685718	-2.1538540963608	25.7024520099075	2.67140085502511	1
X2910231	20.811416382908	-2.04526773127701	20.5700467381019	2.28663737608303	1
X2910232	19.259155668934	-1.82496982314387	18.3965454570117	2.68758003506616	1
X2910233	11.4308307420827	-1.69202255947932	7.21464513864403	5.90820816291794	1
X2910234	16.5956338085079	0.801425645024993	19.5912737232973	-3.79706555981433	1
X2910235	25.3760727211027	0.346601859433987	26.0667236517117	-1.03725279004306	1
X2910236	-5.64977979548253	0.523190581318464	-4.68181789887259	-1.49115247792839	1
X2910237	17.3014833242774	1.12907915305284	14.0835605878148	2.08884358340976	1
X2910238	32.9309381890507	5.78087449449944	26.6495133174903	0.500550377060948	1
X2910239	0.907643060445261	4.64310519300363	-3.06365584686281	-0.671806285695585	1
X2910240	6.27576409654365	4.36299322547587	-0.222338845830218	2.13510971689799	1
X2910241	13.6761603775027	3.36140558579773	6.80283980097405	3.51191499073088	1
X2910242	13.074949213943	0.73378514461055	8.73289796497265	3.60826610435978	1
X2910243	-18.9742494189468	0.73378514461055	-20.0525238616662	0.344489298108798	1
X2910244	19.4726738771379	0.73378514461055	20.4806939092629	-1.74180517673557	1
X2910245	9.42494040833739	1.19136601151598	6.58322156638298	1.65035283043843	1
X2910246	-19.3196629528473	0.8452752186858	-25.3488180691454	5.18387989761228	1
X2910247	21.507856544917	1.12608801249778	15.7234928799325	4.65827565248675	1
X2910248	7.81246523684355	0.569012124856529	1.8950106840782	5.3484424279088	1
X2910249	-6.15071105191936	0.73378514461055	-5.87313191304438	-1.01136428348552	1
X2910250	-14.4939744393438	2.2200713647033	-18.7658749582581	2.05182915421095	1
X2910251	1.56739738483508	1.62669827605659	-2.60169034688246	2.54238945566096	1
X2910252	-27.9795551883479	2.11089959934234	-27.515188124555	-2.57526666313517	1
X2910253	-6.54243869664938	3.36140558579773	-8.02380014311699	-1.88004413933008	1
X2910254	8.44437169597619	3.69584415450821	2.12138415893943	2.62714338252859	1
X2910255	3.31313302041755	2.11089959934234	-1.37321293123818	2.57544635231341	1
X2910256	4.53789066828229	0.523190581318464	3.03149527343295	0.983204813530856	1
X2910257	-25.2244499418202	4.64310519300363	-25.6586360268404	-4.20891910798333	1
X2910258	-20.4115589957698	4.36299322547587	-26.0747009751043	1.3001487538585	1
X2910259	8.85593081393093	4.16570618266589	3.23748005085481	1.4527445804102	1
X2910260	-1.94225337208612	1.47554131676215	-2.34945496460601	-1.06833972424223	1
X2910261	17.5951558632762	1.19136601151598	11.7543754683378	4.64941438342244	1
X2910262	7.39254355406636	1.11526377961325	4.72125166527887	1.55602810917424	1
X2910263	-18.5994246162511	1.47554131676215	-18.894206007948	-1.18075992506525	1
X2910264	-14.8873438001812	0.8452752186858	-15.738214124787	0.00559510591998841	1
X2910265	-28.3573533656107	3.69584415450821	-30.1607260672636	-1.89247145285536	1
X2910266	-6.76736441070251	1.47554131676215	-4.95717436257394	-3.28573136489073	1
X2910267	7.69239360370612	2.2200713647033	2.3765587347187	3.09576350428415	1
X2910268	-18.8900796786815	0.523190581318464	-16.2687978336474	-3.1444724263526	1
X2910269	-10.7338257708962	0.8452752186858	-8.866692156796	-2.71240883278604	1
X2910270	-1.70278209555352	4.5854384586004	-9.27381546154914	2.98559490739526	1
X2910271	16.1406748297407	1.12096842978711	11.5338863258545	3.48582007409911	1
X2910272	14.647509220688	3.9648757053651	14.2913170621477	-3.60868354682477	1
X2910273	2.3212645763795	4.64310519300363	0.848199351843594	-3.17003996846775	1
X2910274	-8.17833697545772	2.11089959934234	-13.1615926208492	2.87235604604916	1
X2910275	-3.81832500046215	1.12907915305284	-6.97762286164764	2.03021870813265	1
X2910276	12.871472198941	1.78698272974543	5.51913960300833	5.56534986618729	1
X2910277	13.0460078725203	4.7903408457782	-0.0775945079074174	8.33326153464953	1
X2910278	18.0743471005827	3.90140479527565	9.32578572376326	4.84715658154379	1
X2910279	3.20678969345065	1.06679229458971	-1.53085145368885	3.67084885254979	1
X2910280	7.51107384828095	4.36299322547587	-2.96620731336404	6.1142879361691	1
X2910281	-25.1852982380044	5.5669752541342	-48.5968617700674	17.8445882779288	1
X2910282	11.5277773269967	1.06679229458971	7.17909929169329	3.28188574071374	1
X2910283	12.9715507471198	4.36299322547587	3.39202351988054	5.21653400176337	1
X2910284	-35.5071564625882	1.06679229458971	-35.5732992907877	-1.00064946639015	1
X2910285	-2.21157699495566	4.7903408457782	-12.5742409079952	5.57232306726137	1
X2910286	-1.79488116432242	1.08329267508504	-4.56356716235406	1.6853933229466	1
X2910287	-22.5792621022563	3.61547144292176	-24.9745546693248	-1.22017887585329	1
X2910288	-2.66259990005267	4.53615557282101	-4.82287456282312	-2.37588091005058	1
X2910289	4.82181230451256	4.00990223920337	-5.69269965792213	6.5046097232313	1
X2910290	-28.3865842448302	1.59914765296979	-31.4214086376821	1.43567673988204	1
X2910291	17.0319734653382	1.12096842978711	16.9770554071361	-1.066050371585	1
X2910292	-7.89736364977541	0.348548797269139	-11.3370568680494	3.09114442100489	1
X2910293	-3.96121642169284	0.497765770053206	-7.33265604857532	2.87367385682924	1
X2910294	-3.6660070331824	-2.7645251710949	1.96723709730058	-2.86871895938805	1
X2910295	-9.10471050577874	-0.00797102754105317	-10.1903540869255	1.09361460868778	1
X2910296	25.9818884761371	-2.18924325942158	17.2053442637857	10.9657874717729	1
X2910297	9.08570770764356	1.12907915305284	2.95876016006697	4.99786839452376	1
X2910298	-14.4804068044254	-2.486841751298	-9.92202497008544	-2.07154008304197	1
X2910299	-22.2787253749839	-3.12792790223759	-18.7561018951775	-0.394695577568847	1
X2910300	12.8044657000682	-0.00797102754105317	18.4597560857341	-5.64731935812487	1
X2910301	-18.5514015585142	-2.7645251710949	-21.4438263386995	5.65694995128016	1
X2910302	-9.26122455788531	-2.37026198027448	-1.8033474420189	-5.08761513559193	1
X2910303	7.10301494918518	-2.10483491937019	8.84062528074854	0.367224587806813	1
X2910304	-0.89599876435944	-2.486841751298	0.525666374870218	1.06517661206831	1
X2910305	-14.7458854287591	0.348548797269139	-17.6016007128052	2.50716648677687	1
X2910306	-8.55402547121411	-2.22827386528711	-3.70347074251125	-2.62228086341578	1
X2910307	5.85428315701701	-2.7645251710949	17.4306856982606	-8.8118773701486	1
X2910308	-18.5666521072265	-2.34350159902618	-16.0320291249636	-0.191121383236739	1
X2910309	4.35880076507989	-0.00797102754105317	4.72477360734708	-0.358001814726169	1
X2910310	-30.2346947499648	-0.0012475099144269	-29.8672143597815	-0.366232880268825	1
X2910311	-0.224795972364347	-2.486841751298	-1.52894536899106	3.79099114792469	1
X2910312	-10.3800308043596	-1.98139597345327	-9.42137147890488	1.02273664799853	1
X2910313	-1.39809121818466	-2.48324008519687	-0.018785714846056	1.10393458185824	1
X2910314	10.066622984213	0.348548797269139	7.66970746842523	2.04836671851867	1
X2910315	-3.66889584894092	0.534436936209626	-3.67101620899785	-0.53231657615269	1
X2910316	-11.1126462793524	-2.25273082794861	-9.7604348174935	0.900519366089705	1
X2910317	5.31835256038061	-1.88547152047314	4.0383980190298	3.16542606182395	1
X2910318	29.2853611628763	-2.67986040881008	29.2617888726554	2.70343269903101	1
X2910319	-14.9979594283218	-1.99156125095396	-15.4321574706124	2.42575929324461	1
X2910320	-5.47020253339311	-1.98139597345327	-1.57072656539691	-1.91807999454294	1
X2910321	-10.9794431724122	-1.21637538628734	-9.0971404539453	-0.665927332179542	1
X2910322	12.3265283572389	-1.88547152047314	8.70322325765491	5.50877662005711	1
X2910323	1.20698031572137	-1.223069928454	8.4841919121664	-6.05414166799104	1
X2910324	6.3443990469917	-2.10483491937019	15.6364097721473	-7.18717580578542	1
X2910325	24.5191247223612	-1.58200006195571	25.228313962115	0.872810822201859	1
X2910326	-2.40888683176401	1.47772174969291	0.782771634662398	-4.6693802161193	1
X2910327	17.1899387247555	0.703510414250028	17.6280027155378	-1.14157440503233	1
X2910328	-2.95737776500388	1.47772174969291	-2.76585119949169	-1.66924831520509	1
X2910329	-7.13796361341558	0.707071929825887	-8.67812555613348	0.833090012891939	1
X2910330	33.5408722154684	0.73378514461055	31.2349848036003	1.57210226725755	1
X2910331	21.2335381869443	1.06793075082532	18.3970960606463	1.76851137547263	1
X2910332	33.8962684621692	0.73378514461055	36.9404523313964	-3.7779690138378	1
X2910333	29.3191018403563	0.523190581318464	24.9034336663206	3.89247759271715	1
X2910334	-2.70226644217044	0.569012124856529	-7.58645563798069	4.31517707095372	1
X2910335	26.1276786804779	0.637633935930295	26.030838984029	-0.540794239481316	1
X2910336	14.1846517369061	1.12096842978711	12.4644122785465	0.599271028572457	1
X2910337	15.3475115065926	0.73378514461055	18.1646751916537	-3.55094882967162	1
X2910338	4.18503507795717	0.8452752186858	11.3786312945292	-8.03887143525788	1
X2910339	4.22054258101571	2.2200713647033	5.4713975431274	-3.47092632681496	1
X2910340	22.5630430989972	3.5662801361469	16.2468659464644	2.74989701638586	1
X2910341	23.383108908082	1.62669827605659	21.3713610616333	0.385049570392108	1
X2910342	8.08731335106008	1.42878957182476	6.70264200311159	-0.0441182238762611	1
X2910343	26.894470034677	3.36140558579773	26.1282941899974	-2.59522974111811	1
X2910344	15.4236248510659	4.5854384586004	11.2079684876332	-0.369782095167681	1
X2910345	35.8584748264019	1.12096842978711	36.3445294998548	-1.60702310323994	1
X2910346	-0.0617340795487102	2.2200713647033	-2.07262579679669	-0.209179647455354	1
X2910347	32.7325239123346	1.90960950883654	25.7288589140041	5.09405548949404	1
X2910348	16.1819191159034	1.47554131676215	18.2168766691459	-3.5104988700046	1
X2910349	30.7306942509385	4.64310519300363	30.881239634202	-4.79365057626719	1
X2910350	-12.6646880450647	4.53615557282101	-14.4229277413486	-2.77791587653712	1
X2910351	-3.36780852779205	0.346601859433987	-2.15542648124146	-1.55898390598458	1
X2910352	2.38523985498974	1.34700563400069	3.7714847464804	-2.73325052549132	1
X2910353	-0.858582290696868	3.41664314291141	-7.20182324860575	2.92659781499746	1
X2910354	42.0642010612836	0.73378514461055	37.8417752343659	3.48864068230718	1
X2910355	7.85910803683256	0.840183034181969	15.870428899864	-8.85150389721344	1
X2910356	-16.6882013919749	2.80624985041602	-13.0235713854059	-6.47087985698513	1
X2910357	-1.6713289529793	0.346601859433987	2.61492035559718	-4.63285116801046	1
X2910358	-4.03981395609536	0.551278677744115	4.96877536181744	-9.55986799565691	1
X2910359	-13.0018252583287	3.79829534809711	-9.87967155865011	-6.92044904777572	1
X2910360	-13.9761032713853	0.840183034181969	-5.89429925334312	-8.92198705222418	1
X2910361	-27.6422233771219	1.4596894575965	-27.5837323626983	-1.51818047202008	1
X2910362	-27.8812821673883	3.69584415450821	-24.5413106320884	-7.03581568980809	1
X2910363	-8.65141621896184	2.80440323014012	-5.67130687927304	-5.78451256982895	1
X2910364	-32.5427284942582	4.14037841170359	-34.965831737192	-1.71727516876978	1
X2910365	9.26999085513607	1.59914765296979	3.11035820221217	4.56048499995407	1
X2910366	-9.66909958893526	0.346601859433987	-9.19179477387639	-0.823906674492783	1
X2910367	-14.2686825861909	0.840183034181969	-11.2452454990322	-3.86362012134055	1
X2910368	8.24889248980857	1.47554131676215	7.59371919931815	-0.820368026271719	1
X2910369	11.8342624915179	2.80624985041602	14.5034486709663	-5.47543602986438	1
X2910370	11.7817079534084	2.06518422299306	1.64748655706101	8.06903717335439	1
X2910371	-9.63215055276103	1.06679229458971	-9.69016613824582	-1.0087767091049	1
X2910372	32.3976594881754	4.7903408457782	12.6204240748101	14.986894567587	1
X2910373	1.9269129334727	0.534436936209626	-1.77806331660504	3.17053931386811	1
X2910374	-14.4044813878308	2.97793183514076	-17.6453177068037	0.262904483832119	1
X2910375	4.45678689282657	3.53098046253015	-2.86272396381499	3.78853039411136	1
X2910376	-3.36399223723038	1.34700563400069	-0.889425285784112	-3.82157258544697	1
X2910377	7.8248705177039	1.78698272974543	3.64655643945417	2.39133134850429	1
X2910378	6.85756305682166	2.97793183514076	-0.0366151171212894	3.91624633880222	1
X2910379	-12.5634705746326	3.37695800334836	-13.9225493777011	-2.01787920027988	1
X2910380	15.4883116994005	3.05686449973843	10.3324850050779	2.09896219458409	1
X2910381	-17.0199587144628	0.794425596155283	-14.8077711357158	-3.00661317490227	1
X2910382	33.6153307910436	0.497765770053206	26.8935388288409	6.22402619214943	1
X2910383	-12.7608931063413	0.801425645024993	-12.970927133738	-0.591391617628334	1
X2910384	-22.523017459713	1.00651928461904	-26.6512860537086	3.12174930937659	1
X2910385	6.75763461666828	2.76179653206482	2.13486241066984	1.86097567393362	1
X2910386	9.51022299000581	0.827836622004175	2.87598210191968	5.80640426608196	1
X2910387	19.8219479282077	2.93459698997945	10.4835553403267	6.40379559790155	1
X2910388	31.3753834906576	3.68353672227892	24.541913283625	3.14993348475372	1
X2910389	-5.67519254836673	1.15215549014273	-11.2220396207473	4.39469158223786	1
X2910390	18.5210400304621	1.45260179638249	13.5622871657888	3.50615106829083	1
X2910391	5.67506099886747	-2.10483491937019	5.21745423140871	2.56244168682894	1
X2910392	-19.5903158155533	2.34367770091094	-30.1715365368488	8.23754302038456	1
X2910393	18.5137990388392	-2.87886277538399	16.9966889973767	4.39597281684642	1
X2910394	-13.9643689661823	-2.10483491937019	-12.2538716067102	0.394337559898132	1
X2910395	-2.38124356547353	1.07011461606493	-1.41729145290441	-2.03406672863406	1
X2910396	3.07018136385447	-1.94202291863737	10.8558981649827	-5.84369388249083	1
X2910397	-0.884729634729292	-1.88444189014358	2.56116717378779	-1.56145491837349	1
X2910398	8.5188877398912	1.52437316149513	3.63107792393864	3.36343665445744	1
X2910399	19.2746861874242	1.06793075082532	16.3834958628394	1.82325957375944	1
X2910400	-12.0277890661933	1.55950568751698	-11.9281433590715	-1.65915139463878	1
X2910401	9.46663646780059	-1.36759630038128	2.75619601176453	8.07803675641736	1
X2910402	13.3797053188836	1.06679229458971	14.2105800337237	-1.89766700942986	1
X2910403	30.7107460553838	1.52437316149513	31.1755486431503	-1.9891757492617	1
X2910404	25.7621528448105	1.12907915305284	17.7648112483235	6.86826244343418	1
X2910405	-8.439188626685	1.4596894575965	-13.3858300992668	3.48695201498523	1
X2910406	3.69898958734189	1.06793075082532	3.35440865939588	-0.723349822879307	1
X2910407	12.1122378635754	4.36299322547587	3.08991053149539	4.65933410660415	1
X2910408	-7.48464464484555	3.79829534809711	-12.7449346647356	1.46199467179299	1
X2910409	-7.48271360034159	1.06679229458971	-8.11023152244288	-0.439274372488432	1
X2910410	-3.36271364239071	1.34700563400069	-8.75503427648425	4.04531500009287	1
X2910411	-23.7060895691737	1.4596894575965	-21.3613614282539	-3.80441759851636	1
X2910412	0.455396197652437	2.35811227175761	-5.56706080648447	3.66434473237927	1
X2910413	-0.968418365248597	1.18915026016757	-3.05722066399519	0.89965203857904	1
X2910414	27.3484989850731	4.23323837494364	20.4639508459347	2.65130976419469	1
X2910415	-9.58614267089578	1.59914765296979	-11.2769770956926	0.0916867718270692	1
X2910416	8.72644863095456	1.90960950883654	2.37900215636063	4.43783696575736	1
X2910417	-20.2441524142145	-2.38692756258223	-17.6391051750078	-0.218119676624407	1
X2910418	-13.848566635879	-1.83233788202321	-12.6096179650889	0.593389211233134	1
X2910419	-6.13937145100367	0.167787192364109	-7.06216164234862	0.755002998980845	1
X2910420	6.0509203720673	-1.91222269008524	5.23777430251828	2.72536875963424	1
X2910421	-40.1216961155468	-3.03772867038133	-32.6509977619416	-4.43296968322372	1
X2910422	24.3712469728821	-3.20294411852376	17.0055553261007	10.5686357653051	1
X2910423	-16.373562908759	-1.83043818276041	-12.723688799989	-1.81943592600961	1
X2910424	-2.66681119985116	-1.91222269008524	-2.60763204953056	1.85304353976463	1
X2910425	-17.4308456042396	-2.19077045977603	-24.2219368077703	8.98186166330674	1
X2910426	16.9477887028926	0.389904877224129	15.8208776730981	0.73700615257032	1
X2910427	27.3267365904193	0.389904877224129	23.9628555983477	2.97397611484745	1
X2910428	11.3605214894391	0.389904877224129	13.3255229568359	-2.3549063446209	1
X2910429	-36.497816276861	-2.38692756258223	-40.0188056243423	5.90791691006351	1
X2910430	-20.715244617037	-1.83043818276041	-13.7013361275562	-5.18347030672044	1
X2910431	-15.0469742004119	-2.48006424862315	-8.05402836508735	-4.51288158670136	1
X2910432	-22.3134856859557	-2.48324008519687	-21.009228991702	1.17898339094314	1
X2910433	-0.955353968119581	0.938437012231127	0.510337973614839	-2.40412895396555	1
X2910434	-5.38327634795286	0.0762993401982284	-7.2592008259039	1.79962513775281	1
X2910435	-12.7712917830325	1.07011461606493	-14.9127953118062	1.07138891270871	1
X2910436	4.58879595292865	-0.00797102754105317	-0.709482135521224	5.30624911599092	1
X2910437	-45.321105504353	-1.91367250489691	-46.8153069917312	3.40787399227519	1
X2910438	-7.19293858382091	-2.7645251710949	-4.31602050131535	-0.112392911410721	1
X2910439	-1.40175268678422	-1.93860515892307	-0.892867109985555	1.42971958212441	1
X2910440	-0.874807031979379	-0.146979315313996	-2.90487282759851	2.1770451109331	1
X2910441	-14.4631779988409	-2.486841751298	-19.6287302555548	7.65239400801189	1
X2910442	-31.2112926940251	-2.40112243995221	-25.8732536592581	-2.9369165948148	1
X2910443	26.1257379627219	-2.46834138174415	26.8857048703524	1.70837447411369	1
X2910444	-2.09502934495931	-1.78207727851682	1.31080767606668	-1.62375974250914	1
X2910445	17.404003657463	-2.22827386528711	25.3175340136935	-5.6852564909434	1
X2910446	4.27398102328388	-2.23263280953967	1.20601481456935	5.30059901825419	1
X2910447	14.7306918303096	0.346601859433987	16.4027330313406	-2.01864306046506	1
X2910448	-6.28599947171954	0.902315390185588	-7.17928842867695	-0.00902643322817259	1
X2910449	8.27499374679843	0.201105943951129	10.0088967461773	-1.93500894333002	1
X2910450	-23.7836954484845	-2.11304613154804	-20.8549078702594	-0.815741446676957	1
X2910451	-6.62461040624855	-0.146979315313996	-2.02165622159786	-4.45597486933671	1
X2910452	-20.9645820594964	-2.11304613154804	-14.3225962732999	-4.52893965464843	1
X2910453	-20.9292645104432	-0.146979315313996	-16.9249035315425	-3.85738166358672	1
X2910454	-30.4747671042236	-2.486841751298	-34.1863200371319	6.19839468420631	1
X2910455	-28.1018697184236	-2.40112243995221	-21.3495793667752	-4.3511679116962	1
X2910456	7.68886789099885	0.534436936209626	9.62362036470763	-2.46918940991843	1
X2910457	-19.6750025342984	-1.78207727851682	-12.7755594329782	-5.11736582280341	1
X2910458	-24.4228458398654	-2.23263280953967	-21.3799456544885	-0.810267375837196	1
X2910459	-25.9324295992844	-2.10483491937019	-21.6076788152715	-2.2199158646427	1
X2910460	-9.8026559139899	-0.146979315313996	-6.30548483498616	-3.35019176368973	1
X2910461	-32.2802216706847	0.201105943951129	-31.3531101076345	-1.12821750700125	1
X2910462	-14.6414311273347	-1.78207727851682	-12.4627826865982	-0.396571162219667	1
X2910463	24.5235176877065	-1.223069928454	25.697580519004	0.049007097156565	1
X2910464	2.97758112252962	-1.315890971202	-1.17107362559676	5.46454571932833	1
X2910465	15.2144535437571	1.23432181040487	12.4268942548823	1.55323747847002	1
X2910466	-13.6532544580874	-1.82560124708715	-16.642503124051	4.81484991305066	1
X2910467	23.1478778586899	-1.223069928454	19.2473351087505	5.12361267839342	1
X2910468	2.07317340765865	-0.967071183486303	5.74632074360319	-2.70607615245828	1
X2910469	-23.5503846782391	-0.219843488726822	-31.7264943033899	8.39595311387757	1
X2910470	-2.24410258795089	0.707071929825887	-3.39846648141418	0.447291963637445	1
X2910471	9.47527041194895	1.47772174969291	8.78046683869185	-0.782918176435778	1
X2910472	-9.69867309134301	1.00896621383741	-10.9094870603086	0.201847755128171	1
X2910473	4.36784244682631	-1.223069928454	-0.670871153637882	6.26178352891819	1
X2910474	24.2598919180694	-1.223069928454	28.4032256333803	-2.92026378685696	1
X2910475	6.89288390567335	1.06559506238264	2.51943288069322	3.30785596259749	1
X2910476	1.65078119458034	-0.454578605954038	0.140141820166277	1.96521798036809	1
X2910477	-1.02532308483859	0.636330129479568	-4.67696625430225	3.01531303998408	1
X2910478	28.5584731523567	0.637626984605511	25.4894230250552	2.43142314269588	1
X2910479	10.9572705081358	2.43077176027766	8.25035129379674	0.276147454061492	1
X2910480	21.4723899193445	3.49760221038661	7.77672833205807	10.1980593768998	1
X2910481	11.5703624605857	0.636330129479568	10.7589253390403	0.175106992065872	1
X2910482	-8.47702800174559	0.644870044402719	-6.60029992136964	-2.52159812477863	1
X2910483	25.1616909147312	2.43077176027766	20.4538210120367	2.27709814241685	1
X2910484	24.0807835304929	2.43077176027766	18.5757909816819	3.07422078853335	1
X2910485	-23.586952253177	0.0990694753689986	-26.8333155754793	3.14729384693324	1
X2910486	-8.51998534376729	0.0990694753689986	-6.24816245928784	-2.37089235984843	1
X2910487	23.9054465585809	0.926705171941882	20.1513176277029	2.82742375893614	1
X2910488	3.57109258425698	1.12206685871714	2.08926252741814	0.3597631981217	1
X2910489	32.242381819376	2.86931959731292	27.5112466100058	1.86181561205721	1
X2910490	14.5827943629864	2.89942596608352	6.21825956109199	5.46510883581089	1
X2910491	22.1472214513206	2.86931959731292	18.1279614172786	1.14994043672902	1
X2910492	14.2175619246658	0.0990694753689986	19.5324632173926	-5.41397076809576	1
X2910493	3.86506981184926	3.05686449973843	6.36613469885854	-5.55792938674767	1
X2910494	9.09589578393577	0.410182915443311	-1.71231824882467	10.3980311173171	1
X2910495	-25.6468676438395	0.84076895687479	-27.7827500111494	1.2951134104351	1
X2910496	-28.3933794844431	-0.133532280060743	-34.9284582120113	6.66861100762888	1
X2910497	-15.6952752038398	0.201105943951129	-25.1327073426379	9.23632619484696	1
X2910498	-3.30060951170239	0.201105943951129	-1.65365542651135	-1.84806002914217	1
X2910499	-5.18467934624243	0.788855867649958	-11.3406663327406	5.36713111884819	1
X2910500	40.2798207675244	3.66687468760039	29.4347139606553	7.17823211926867	1
X2910501	12.4918535098867	2.9882199857993	11.422463942348	-1.91883041826065	1
X2910502	4.77761628727941	0.73378514461055	1.34655706495984	2.69727407770898	1
X2910503	-4.02192984455793	0.201105943951129	-2.48874412180511	-1.73429166670391	1
X2910504	-9.03574048260317	0.131037260231889	-6.79262323342875	-2.37415450940631	1
X2910505	-40.552709403388	0.644870044402719	-41.6929680673834	0.49538861959271	1
X2910506	5.70549055946332	2.74858311601279	2.74469408463649	0.212213358814052	1
X2910507	-6.88346597728391	3.39000242270137	-14.1593545278527	3.88588612786747	1
X2910508	-12.0107023428626	0.167694918102237	-9.86709454614756	-2.31130271481726	1
X2910509	27.9431193566921	0.131037260231889	28.9195711623972	-1.10748906593705	1
X2910510	3.01896805927367	0.523190581318464	1.93596937191056	0.559808106044637	1
X2910511	-18.8137388278541	1.19136601151598	-20.9430554352151	0.937950595845023	1
X2910512	23.4701301316591	3.37695800334836	17.1445360862897	2.9486360420211	1
X2910513	3.60304657677273	2.71933971459438	5.93531033621983	-5.05160347404147	1
X2910514	16.8917016043353	3.69584415450821	8.18653595609049	5.00932149373654	1
X2910515	11.4778705620491	0.497765770053206	9.88946966660841	1.09063512538756	1
X2910516	40.7111698105671	1.12907915305284	29.0864703262792	10.4956203312351	1
X2910517	0.0033367865211078	-0.00797102754105317	-5.13484449618645	5.14615231024863	1
X2910518	4.49548905020921	0.201105943951129	4.71117458258986	-0.416791476331785	1
X2910519	11.0138795133023	1.06679229458971	6.65454197451205	3.29254524420055	1
X2910520	4.53720478552841	-1.78207727851682	14.9908862950198	-8.67160423097464	1
X2910521	9.39088935996336	-2.40112243995221	17.4390667710829	-5.64705497116724	1
X2910522	-14.5302451538609	0.203071447625864	-8.19977990133493	-6.5335367001518	1
X2910523	11.7113476581907	0.497765770053206	13.0137918099549	-1.8002099218175	1
X2910524	-5.01732366685414	-2.40112243995221	7.68412173378624	-10.3003229606882	1
X2910525	38.3698734530186	-1.99156125095396	43.1947517508513	-2.83331704687873	1
X2910526	7.74759372156119	0.203071447625864	12.086785423791	-4.54226314985567	1
X2910527	-0.0728803989680213	-0.146979315313996	0.537158039734879	-0.463059123388897	1
X2910528	12.6824947084075	-3.36815956666619	13.5415716747324	2.50908260034127	1
X2910529	-4.30756397661318	-0.00797102754105317	-6.68748489494015	2.38789194586807	1
X2910530	-11.424755719548	-3.19160622407919	-15.2915897110512	7.05844021558237	1
X2910531	4.10171516565488	-0.00797102754105317	1.34536671592958	2.76431947726635	1
X2910532	15.2143644888359	-3.12792790223759	14.0003215918283	4.34197079924516	1
X2910533	-6.66390029075167	-2.37026198027448	-1.14033970033859	-3.15329861013859	1
X2910534	9.38525407956769	-0.0012475099144269	5.81200284192482	3.57449874755729	1
X2910535	-9.08454207479525	-2.486841751298	-8.8096262170162	2.21192589351893	1
X2910536	18.3344134477904	-2.10483491937019	12.824607893359	7.61464047380159	1
X2910537	24.1458198961484	-2.10483491937019	23.356715609223	2.89393920629552	1
X2910538	-12.2533175116525	-1.8546843511027	-9.63149258292026	-0.767140577629554	1
X2910539	-5.85662168074521	-1.92234600484244	-2.95355799884146	-0.980717677061303	1
X2910540	3.2960810930656	-2.11304613154804	4.82405834531545	0.585068879298178	1
X2910541	5.70275214806646	-2.11304613154804	8.46201709880028	-0.646218819185773	1
X2910542	-26.4525869983465	0.596332005430949	-18.2410265351592	-8.80789246861826	1
X2910543	34.6870844016634	-1.91367250489691	32.3682955944451	4.23246131211529	1
X2910544	10.1872554056696	0.596332005430949	9.85892964878593	-0.268006248547322	1
X2910545	-0.250916312357651	-2.1538540963608	0.92100843731236	0.981929346690788	1
X2910546	10.0455605778621	-2.04526773127701	13.8031320911224	-1.7123037819833	1
X2910547	2.49708760434964	-1.69202255947932	9.90407097478418	-5.71496081095523	1
X2910548	-3.78139909564164	-1.66471075891769	-6.80986525097914	4.69317691425518	1
X2910549	-12.8078066037089	-1.40871201395	-18.0477460871712	6.6486514974122	1
X2910550	24.7198453827362	-2.22827386528711	28.8544077697591	-1.90628852173582	1
X2910551	4.66675246860508	0.346601859433987	6.69123514488256	-2.37108453571148	1
X2910552	2.43950802111505	-1.82496982314387	6.02932831445271	-1.76485047019377	1
X2910553	22.3160918209527	-2.11304613154804	32.4648651374319	-8.03572718493115	1
X2910554	-10.7786155022412	0.801425645024993	-6.53086548816135	-5.04917565910485	1
X2910555	-51.1270572888812	-1.62676570712438	-48.1460557102148	-1.35423587154196	1
X2910556	-27.1865258549621	0.827836622004175	-26.6520876675805	-1.3622748093857	1
X2910557	-6.94326770935187	0.403459397816685	-4.4795366262293	-2.86719048093925	1
X2910558	6.26768473178497	0.827836622004175	1.16856263600542	4.27128547377536	1
X2910559	12.7838278190532	1.45260179638249	9.23775427873476	2.09347174393599	1
X2910560	0.798756363966777	0.201105943951129	-4.24751170072467	4.84516212074031	1
X2910561	-1.79462891344162	-2.09737687329299	-1.50108391517096	1.80383187502233	1
X2910562	-7.36610101385493	1.23432181040487	-9.07367033734377	0.47324751308395	1
X2910563	9.27353330922304	-1.78207727851682	5.70755606385922	5.34805452388064	1
X2910564	-25.0939489523722	1.45260179638249	-25.671419525265	-0.875131223489682	1
X2910565	1.95057813567439	-2.25273082794861	6.23690646204988	-2.03359749842687	1
X2910566	23.9030228696689	-3.36815956666619	25.918899684858	1.35228275147718	1
X2910567	-5.7493346193723	-2.09737687329299	-0.771978032501099	-2.87997971357823	1
X2910568	2.78052261482676	-1.98139597345327	5.05443869979799	-0.292520111517953	1
X2910569	44.0033074971344	-3.04284981805316	40.6680296998918	6.37812761529576	1
X2910570	25.4156565503357	0.822754471028507	30.4201814280611	-5.82727934875392	1
X2910571	-2.50940609543181	1.12907915305284	-0.493190428227348	-3.14529482025731	1
X2910572	0.215755282519392	-2.54495907982268	-0.194683607717827	2.9553979700599	1
X2910573	-30.8036996149101	-2.77108702978967	-27.1504253885641	-0.882187196556292	1
X2910574	-22.3747478156925	0.214362337313393	-19.2014278149635	-3.38768233804239	1
X2910575	-4.96871705896198	0.794425596155283	-0.946231215825277	-4.81691143929198	1
X2910576	-19.3826383866135	0.436695702167839	-12.7538382931209	-7.06549579566047	1
X2910577	-25.5446156667061	0.794425596155283	-14.4237830675236	-11.9152581953377	1
X2910578	11.0012140525541	-2.37026198027448	8.30916572069426	5.06231031213433	1
X2910579	32.9136583103918	-0.00797102754105317	22.8421015574131	10.0795277805197	1
X2910580	21.4821375646651	-2.77108702978967	18.1979520414674	6.05527255298727	1
X2910581	30.410271561074	-0.00797102754105317	22.563902113289	7.85434047532606	1
X2910582	-4.29584195267555	-3.19160622407919	-13.4773763549277	12.3731406263313	1
X2910583	43.7911335929831	-0.00797102754105317	33.3431493086062	10.455955311918	1
X2910584	22.06889576198	-2.77108702978967	17.3103925535438	7.52959023822601	1
X2910585	21.0705185427694	-2.10483491937019	16.765234941523	6.41011852061656	1
X2910586	50.4981307002117	0.348548797269139	37.8314723928594	12.3181095100831	1
X2910587	16.230910760345	-2.34350159902618	19.6832416245791	-1.10882926520786	1
X2910588	34.5237256451329	-3.12792790223759	27.0174377688197	10.6342157785508	1
X2910589	8.84016198440588	0.201105943951129	1.59298331094792	7.04607272950683	1
X2910590	31.9824027190673	-2.7645251710949	34.1466062475591	0.600321642603069	1
X2910591	-17.828099849991	0.346601859433987	-14.0735330449815	-4.10116866444351	1
X2910592	-51.7549009761278	-2.20509470519204	-47.9991805936253	-1.55062567731046	1
X2910593	1.88833661358614	0.346601859433987	7.72271953961028	-6.18098478545814	1
X2910594	-20.35008839665	-1.40871201395	-20.5248930079355	1.58351662523554	1
X2910595	-1.18186985757766	-2.20509470519204	0.0937439242647287	0.929480923349577	1
X2910596	-17.163959425519	0.523190581318464	-14.7927939292134	-2.8943560776241	1
X2910597	-3.12989278366718	-1.91367250489691	-5.31551507996334	4.09929480119307	1
X2910598	-4.34899752682361	0.4773690377804	-1.98180990719915	-2.84455665740489	1
X2910599	-32.2435494767217	-1.91367250489691	-34.4227190471708	4.09284207534607	1
X2910600	7.16066526992118	-2.15957410930372	6.10172261480335	3.21851676442158	1
X2910601	-5.00072695435265	0.312596018026379	-11.3119739874455	5.99865101506641	1
X2910602	-8.77488635129634	-2.26556563941015	-7.7691785579047	1.25985784601851	1
X2910603	-15.0703952477002	0.801425645024993	-14.092752093964	-1.7790687987612	1
X2910604	5.86434476780986	0.551278677744115	12.3930268154546	-7.07996072538889	1
X2910605	-7.67453448910216	0.608136216126813	-9.74857628950149	1.46590558427253	1
X2910606	1.96585228163629	-1.91367250489691	-1.89105235138206	5.77057713791526	1
X2910607	-32.6588000607365	2.20563780599122	-30.9513689751884	-3.91306889153921	1
X2910608	-11.6036407939929	-0.146979315313996	-10.9804164113968	-0.476245067282193	1
X2910609	-3.51253863504328	1.06679229458971	-3.99583927550171	-0.583491654131297	1
X2910610	9.80256481168063	3.06043512337321	7.40352550029856	-0.661395811991169	1
X2910611	-22.7493549858648	0.346601859433987	-18.1989284418836	-4.89702840341531	1
X2910612	-39.2730841228208	2.76179653206482	-36.0939301949282	-5.94095045995749	1
X2910613	-4.05012166553714	-2.22827386528711	-0.44723577542406	-1.37461202482597	1
X2910614	-22.4558004938697	-2.37026198027448	-25.6481715100605	5.5626329964653	1
X2910615	15.6395963039409	-2.20509470519204	18.0418150041486	-0.197123995015592	1
X2910616	-5.19113094957623	1.06679229458971	-3.23451899765404	-3.0234042465119	1
X2910617	-4.75735127091916	0.801425645024993	-3.65610637356338	-1.90267054238079	1
X2910618	-8.09847723308618	-1.92473789864479	-19.7302189987576	13.5564796643163	1
X2910619	18.6741686199388	0.644870044402719	6.54130814408731	11.4879904314488	1
X2910620	15.9631998488052	0.0990694753689986	8.24973909681893	7.61439127661725	1
X2910621	15.8016355339303	-2.23263280953967	7.98519426183259	10.0490740816373	1
X2910622	-4.63813795773083	0.433758314049136	-4.50113496541089	-0.570761306369108	1
X2910623	35.9930581064095	-1.62676570712438	23.2556922329164	14.3641315806175	1
X2910624	25.6971516868481	-2.25682235467823	17.121383083181	10.8325909583453	1
X2910625	25.0056531935417	0.644870044402719	19.3309229511865	5.02986019795238	1
X2910626	9.91231651493738	0.0990694753689986	-1.37150078595383	11.1847478255222	1
X2910627	24.3457655649845	-2.23263280953967	15.0948542661708	11.4835441083534	1
X2910628	3.34779903105259	0.84076895687479	-4.95616873147219	7.46319880565001	1
X2910629	20.5694913954507	-1.62676570712438	7.40896950883999	14.787287593735	1
X2910630	-2.65098577677483	1.08329267508504	-3.23780680782594	-0.496471644033936	1
X2910631	-1.32182468672492	4.36299322547587	-14.9909816778674	9.30616376566667	1
X2910632	-2.70582110013745	3.79829534809711	-14.506788980595	8.00267253236041	1
X2910633	-6.17381200363629	3.79829534809711	-17.5249298932397	7.55282254150632	1
X2910634	-13.5755030943443	1.08329267508504	-16.313868204963	1.6550724355337	1
X2910635	-16.5285848635086	1.18915026016757	-26.0856850686334	8.36794994495723	1
X2910636	-36.8521938623603	1.59914765296979	-42.2249796211625	3.77363810583245	1
X2910637	-3.68309760673661	4.36299322547587	-10.5662541188376	2.52016328662518	1
X2910638	-27.4889687030413	3.61547144292176	-35.1796290216028	4.0751888756398	1
X2910639	-16.8615493679165	4.23323837494364	-23.9240401374911	2.82925239463095	1
X2910640	8.51573089463895	1.06679229458971	-2.71024719233999	10.1591857923892	1
X2910641	-24.3716930994595	1.59914765296979	-31.4881868564733	5.51734610404402	1
X2910642	24.8224829970276	1.06679229458971	22.2252633585034	1.53042734393448	1
X2910643	7.35679298997043	3.79829534809711	-5.18158373198063	8.74008137385398	1
X2910644	-26.1289681507786	-2.2091583315011	-26.6105017560964	2.69069193681887	1
X2910645	8.4385912507036	-2.486841751298	12.3358160435578	-1.41038304155622	1
X2910646	9.93991056272345	-1.58659527787854	10.0995150303105	1.4269908102915	1
X2910647	16.7292116163682	-1.16303211708142	23.1468908287695	-5.25464709531995	1
X2910648	7.02501339855354	-1.71429887824578	11.4229224518437	-2.68361017504441	1
X2910649	-7.74964083773287	-1.91367250489691	0.610723831715333	-6.4466921645513	1
X2910650	-19.4528628887826	-0.967071183486303	-19.7943609519464	1.30856924665008	1
X2910651	16.5976356640001	1.45260179638249	19.2135754923592	-4.06854162474164	1
X2910652	2.17384695198365	0.201105943951129	6.60922821671615	-4.63648720868364	1
X2910653	-18.1636444003648	-2.09737687329299	-12.6077412458177	-3.45852628125412	1
X2910654	-17.4050157361126	1.23432181040487	-15.7023432694717	-2.93699427704575	1
X2910655	3.56482712352847	-1.78207727851682	8.04589679297336	-2.6989923909281	1
X2910656	-17.3998673049229	-1.91367250489691	-9.33502907732407	-6.15116572270193	1
X2910657	13.7695157825522	0.4773690377804	16.1951523326866	-2.90300558791476	1
X2910658	13.8138338407255	-2.7645251710949	22.4457867240777	-5.86742771225733	1
X2910659	-17.3278032577525	-2.7645251710949	-6.27452067549775	-8.28875741115976	1
X2910660	0.700983412457634	-2.37026198027448	11.165299806539	-8.09405441380685	1
X2910661	14.5981500403749	0.348548797269139	14.8423477856566	-0.592746542550845	1
X2910662	4.66639445285545	-2.37026198027448	9.82776270704102	-2.79110627391113	1
X2910663	23.6593911883568	-1.93860515892307	22.4373599990352	3.16063634824468	1
X2910664	7.36686586019784	-0.00797102754105317	8.17173364880214	-0.796896761063233	1
X2910665	4.04921773463276	1.35492921498443	4.37868581944973	-1.68439729980142	1
X2910666	2.93873818272407	0.73378514461055	4.39026283188776	-2.18530979377425	1
X2910667	8.89894369519531	-2.486841751298	12.439802904321	-1.05401745782771	1
X2910668	-13.6944045424585	-2.76043889038363	-13.7306972394109	2.79673158733596	1
X2910669	-27.8932810207183	0.497765770053206	-25.7939117235245	-2.59713506724696	1
X2910670	-32.431399696468	-2.486841751298	-25.3737977829538	-4.57076016221614	1
X2910671	-24.9760244190579	0.497765770053206	-28.1945922252056	2.7208020360945	1
X2910672	21.8331235288445	-2.67725847813664	17.4435793213271	7.0668026856541	1
X2910673	6.934469206126	-1.92473789864479	6.12003804492922	2.73916905984158	1
X2910674	-5.77446450736368	-2.87886277538399	-5.48901192159831	2.59341018961862	1
X2910675	-26.6078766681402	-2.82685145565204	-25.569158308543	1.78813309605483	1
X2910676	-38.1408275965617	-0.133532280060743	-38.5109277503546	0.503632433853583	1
X2910677	-32.9187440656954	-1.92473789864479	-31.5738565174406	0.579850350390024	1
X2910678	-23.0614876645005	-2.12052221716909	-19.9270593339783	-1.01390611335312	1
X2910679	-19.1075331195898	0.433758314049136	-22.6367283928739	3.09543695923493	1
X2910680	-15.6840544237163	0.644870044402719	-14.2355017471158	-2.09342272100326	1
X2910681	-47.5266733420648	0.416722842285219	-51.3965482315215	3.45315204717164	1
X2910682	-22.3765193966975	1.28144019905271	-25.3035582705114	1.64559867476122	1
X2910683	-6.72713116189089	-2.12052221716909	-8.60694368032903	4.00033473560721	1
X2910684	-21.7327595805884	-2.23263280953967	-8.40121890307363	-11.0989078679751	1
X2910685	3.44887088636717	-1.93860515892307	5.6424787288722	-0.255002683581954	1
X2910686	-9.20972624020569	-1.93860515892307	-6.23860110709432	-1.0325199741883	1
X2910687	-15.9268975176136	-1.99000765858218	-3.56570943374045	-10.371180425291	1
X2910688	-7.5483797116752	-2.73964148293682	-3.0984961505684	-1.71024207816998	1
X2910689	11.4613072288669	0.822754471028507	9.03810421235058	1.60044854548786	1
X2910690	-5.49511431175571	-2.26559323484648	-8.8112386104323	5.58171753352306	1
X2910691	12.178911295108	-1.88547152047314	12.216170249595	1.84821256598608	1
X2910692	-8.57120609278721	0.781169202793019	-6.3823504591381	-2.97002483644211	1
X2910693	-4.86999306329295	0.497765770053206	-9.630947665386	4.26318883203983	1
X2910694	-2.04008266074632	-1.93860515892307	-0.242272748252575	0.140795246429329	1
X2910695	7.36607668033706	-1.93860515892307	14.2083177996667	-4.90363596040654	1
X2910696	28.8688801483419	2.10716380932422	25.9469416516442	0.814774687373559	1
X2910697	9.33296732367943	-0.146979315313996	12.0989950981112	-2.61904845911776	1
X2910698	8.97125236225883	2.20563780599122	3.37321950057508	3.39239505569249	1
X2910699	21.3971135398651	2.88905363920026	20.8186244753903	-2.3105645747253	1
X2910700	26.8564942763011	0.534436936209626	25.5689410319084	0.753116308183031	1
X2910701	8.14771142273116	-0.00797102754105317	12.898023944616	-4.74234149434381	1
X2910702	7.45954948513495	2.20563780599122	10.0650275111095	-4.81111583196582	1
X2910703	3.4315889632888	2.80624985041602	3.0518304814922	-2.42649136861945	1
X2910704	-7.89329920308151	0.73378514461055	-8.40083736621293	-0.226246981479137	1
X2910705	-0.457861745595994	2.76179653206482	4.46066394910615	-7.68032222676693	1
X2910706	-13.4178056994866	-2.486841751298	-18.7730302535729	7.84206630538431	1
X2910707	-1.21692783919125	-0.00797102754105317	-6.4308522876664	5.22189547601627	1
X2910708	20.7430914537684	-2.40112243995221	22.6941373316444	0.45007656207625	1
X2910709	15.4407742145974	-1.91367250489691	17.8966130457995	-0.542166326305145	1
X2910710	11.1312681813744	-2.11304613154804	15.5577047535079	-2.31339044058547	1
X2910711	2.89020206160928	-1.315890971202	-2.93500746188598	7.14110049469724	1
X2910712	18.4088373644608	-2.7645251710949	21.9288696768401	-0.755507141284511	1
X2910713	-3.98479237740553	-2.10483491937019	-2.18959140929354	0.309633951258191	1
X2910714	6.02420276813664	0.203071447625864	10.3264701063041	-4.50533878579333	1
X2910715	5.17123836509262	-0.146979315313996	0.885601121301184	4.43261655910541	1
X2910716	-22.4737337932548	0.827836622004175	-16.5139517074989	-6.78761870776002	1
X2910717	10.4402175904402	-1.78207727851682	8.57449279417787	3.64780207477922	1
X2910718	-11.3193265084219	-0.0012475099144269	-17.9068727759986	6.58879377749122	1
X2910719	-4.39405017225542	-2.486841751298	-1.67554352604744	-0.231664894909988	1
X2910720	-10.7067029981733	-2.09737687329299	-10.7068267937325	2.09750066885221	1
X2910721	-4.40949930180644	0.707071929825887	-12.3370909674972	7.22051973586494	1
X2910722	-22.4480219841267	-1.92473789864479	-23.7011767832492	3.17789269776718	1
X2910723	-4.78642263726647	-0.0012475099144269	-12.2863946090155	7.50121948166346	1
X2910724	-8.626045015827	-2.09737687329299	-11.3087796211656	4.78011147863163	1
X2910725	-2.38243396456964	0.781169202793019	-2.23733647410848	-0.926266693254178	1
X2910726	5.29344132411341	0.131037260231889	2.51462330661419	2.64778075726734	1
X2910727	15.6043066916811	0.201105943951129	10.7632399354148	4.63996081231519	1
X2910728	0.122083088454581	2.71933971459438	-11.7791661624249	9.18190953628505	1
X2910729	-6.51532834218815	3.18911120425033	-12.9703304058238	3.26589085938536	1
X2910730	-27.1340691671283	0.73378514461055	-27.1811043461935	-0.686749965545335	1
X2910731	-0.0142969958598549	2.71933971459438	-3.19416087125009	0.460524160795839	1
X2910732	-26.2846910950761	2.88905363920026	-34.2379258837082	5.06418114943191	1
X2910733	8.56570315580911	0.497765770053206	4.00163742814033	4.06629995761554	1
X2910734	-34.7582543617865	1.12096842978711	-37.1607023233791	1.28147953180552	1
X2910735	-9.55433482613771	0.497765770053206	-10.0001456290862	-0.0519549671047609	1
X2910736	29.7668596729091	0.403459397816685	28.3083149434598	1.05508533163284	1
X2910737	8.04036228959141	0.4773690377804	16.2441544912896	-8.68116123947857	1
X2910738	11.408436423159	1.12907915305284	12.7062828089576	-2.42692553885146	1
X2910739	35.7260377702972	0.73378514461055	44.5989938970969	-9.60674127141012	1
X2910740	33.19001777946	2.80624985041602	35.1043002008636	-4.72053227181951	1
X2910741	-1.29269285954542	-0.146979315313996	-4.23525322924534	3.08953968501392	1
X2910742	-11.192053006122	0.497765770053206	-12.2689481977193	0.579129421544097	1
X2910743	-16.1649635678631	2.93413669902948	-17.652570598435	-1.4465296684576	1
X2910744	20.4986180394907	3.06043512337321	16.6183136883296	0.819869227787897	1
X2910745	-11.7693583038044	1.34700563400069	-16.1080063708243	2.99164243301926	1
X2910746	-10.4228535940995	2.74858311601279	-8.28074620545709	-4.89069050465523	1
X2910747	-26.3404945559011	2.10716380932422	-33.4341369117257	4.98647854650055	1
X2910748	-16.2802555119746	-0.146979315313996	-17.5129992269284	1.37972303026768	1
X2910749	-6.33029589608418	2.80624985041602	-8.49157075282505	-0.644974993675146	1
X2910750	-7.8172632883787	0.403459397816685	-6.193171437407	-2.02755124878842	1
X2910751	14.2204363400942	-1.93860515892307	16.1362195078791	0.0228219911381935	1
X2910752	-14.1868083705297	0.203071447625864	-7.43231929096576	-6.95756052718983	1
X2910753	2.03576625209882	-1.66471075891769	2.17489301148716	1.52558399952934	1
X2910754	14.0462059410366	0.534436936209626	13.8068183286306	-0.295049323803607	1
X2910755	17.3412022668852	0.201105943951129	16.500516073606	0.639580249328074	1
X2910756	-38.2872650428632	-2.11304613154804	-32.6295407722457	-3.54467813906942	1
X2910757	-0.56557938032332	-1.315890971202	-6.60719926794823	7.35751085882689	1
X2910758	-18.7770268376462	0.346601859433987	-14.0311183745892	-5.09251032249093	1
X2910759	2.71389320870673	0.497765770053206	6.81742270800146	-4.60129526934793	1
X2910760	-10.7249829083252	-2.73964148293682	-9.02262115913778	1.03727973374937	1
X2910761	20.539843166385	-2.4530784930063	16.763843888679	6.22907777071234	1
X2910762	-6.46282050371683	-1.99000765858218	-3.78632095597641	-0.686491889158245	1
X2910763	2.03066065079105	1.15215549014273	-2.2917693999184	3.17027456056672	1
X2910764	-19.9865400508387	0.781169202793019	-21.0419618109106	0.274252557278927	1
X2910765	-9.28440067227312	-2.37026198027448	-5.38037519862144	-1.53376349337727	1
X2910766	-5.43728569210275	-2.486841751298	-4.67677759435881	1.72633365355406	1
X2910767	-2.22643141669249	-2.09737687329299	-9.11890600278903	8.98985145938953	1
X2910768	20.354550220705	0.497765770053206	22.5763013601203	-2.7195169094684	1
X2910769	20.3528268339419	-1.93860515892307	15.3652685965553	6.92616339630968	1
X2910770	10.0754671528931	-0.0012475099144269	16.4013355979826	-6.32462093517509	1
X2910771	6.87775029997247	0.73378514461055	2.79849357400877	3.34547158135315	1
X2910772	11.4835222282123	-2.7645251710949	21.0410999917479	-6.79305259244077	1
X2910773	14.5476101011219	-0.00797102754105317	15.6649655144657	-1.10938438580274	1
X2910774	-2.8229377800705	-0.0012475099144269	0.129583546906303	-2.95127381706237	1
X2910775	-40.307762774998	0.203071447625864	-35.8964863411284	-4.61434788149547	1
X2910776	14.4344984039108	0.663621140300777	15.2991817286777	-1.52830446506775	1
X2910777	-14.3144419126475	2.93413669902948	-15.652605950337	-1.59597266133998	1
X2910778	-2.0772357193802	0.855797892522099	7.90644292102332	-10.8394765329256	1
X2910779	3.33889790525207	0.433758314049136	4.35642224136492	-1.45128265016202	1
X2910780	-25.0554014676967	2.76179653206482	-28.0138560588143	0.196658059052845	1
X2910781	9.03210671124416	2.93413669902948	9.65762773825419	-3.55965772603943	1
X2910782	-0.0506236854444944	0.4773690377804	9.7871129765866	-10.3151056998115	1
X2910783	-6.97385647595391	1.12907915305284	-2.95924351087954	-5.14369211812721	1
X2910784	3.28146263088865	2.88905363920026	7.82964819500284	-7.43723920331444	1
X2910785	8.7467688194741	-0.146979315313996	11.7510670502295	-2.85731891544145	1
X2910786	-30.3879763009529	0.346601859433987	-23.7577336359569	-6.97684452442995	1
X2910787	-16.3245877193616	2.9792197588587	-16.7878376221336	-2.51596985608661	1
X2910788	-2.28738567807706	0.58326168843319	-2.18461374117017	-0.686033625340106	1
X2910789	-4.69499354013155	1.09647073410516	-7.4014958019775	1.6100315277408	1
X2910790	2.49857372338244	0.676500393824267	3.62846825439293	-1.80639492483475	1
X2910791	-0.264269384638301	3.53098046253015	-2.39883267574952	-1.39641717141893	1
X2910792	-5.502987362593	0.497765770053206	-4.6488260033224	-1.3519271293238	1
X2910793	-20.7421712729135	0.719529790477644	-20.8007819401096	-0.660919123281605	1
X2910794	16.4222905333138	0.497765770053206	21.6153950517708	-5.69087028851026	1
X2910795	-12.0183671010513	-1.91367250489691	-3.91621726346418	-6.18847733269023	1
X2910796	-41.3733986622753	-1.315890971202	-46.7869500759173	6.72944238484405	1
X2910797	-25.9646182525773	-2.40112243995221	-28.521516021644	4.95802020901886	1
X2910798	-11.9755494106823	-2.10483491937019	-6.9318942951743	-2.9388201961378	1
X2910799	-3.35493829529238	-2.46834138174415	3.19915343204081	-4.08575034558905	1
X2910800	-14.7960197435315	-1.78207727851682	-2.98845963623204	-10.0254828287827	1
X2910801	0.749854733272237	-2.22827386528711	13.9625930492177	-10.9844644506584	1
X2910802	-14.557776612085	-1.315890971202	-14.6002947531886	1.35840911230562	1
X2910803	-13.7969344529436	0.827836622004175	-5.65113459201363	-8.97363648293409	1
X2910804	-7.46795879812509	-2.7645251710949	2.60106832204131	-7.30450194907149	1
X2910805	12.688731438168	-1.66471075891769	9.59475015008628	4.75869204699944	1
X2910806	12.4744019192903	-0.146979315313996	18.455018044089	-5.8336368094848	1
X2910807	32.0766976695281	-2.0543898599028	27.3336798479764	6.79740768145446	1
X2910808	8.4981343476072	-1.58659527787854	5.96563307468593	4.11909655079983	1
X2910809	-6.72621889221484	-2.09737687329299	-10.7901094954352	6.16126747651336	1
X2910810	-8.00138194718865	0.4773690377804	-1.76386923163809	-6.71488175333096	1
X2910811	29.2028571585338	-0.41275166537344	29.2335321689636	0.382076654943837	1
X2910812	-9.89907273532641	1.23432181040487	-15.8594051041726	4.72601055844129	1
X2910813	15.1980212202879	0.403459397816685	10.3904800219395	4.40408180053171	1
X2910814	-14.8666684009625	1.45260179638249	-8.87381512982507	-7.44545506751991	1
X2910815	6.31045409818245	-1.16303211708142	6.49572686878224	0.97775934648162	1
X2910816	-24.6950025609336	-1.94202291863737	-15.5850438504679	-7.16793579182832	1
X2910817	-5.63408610108404	0.801425645024993	-2.41372061706099	-4.02179112904805	1
X2910818	-10.5923903875782	-1.71429887824578	4.13774654800022	-13.0158380573326	1
X2910819	-14.9418134545651	-2.26556563941015	-0.648239388701416	-12.0280084264536	1
X2910820	-19.7891297547304	-1.315890971202	-15.7786522842801	-2.6945864992483	1
X2910821	-2.90451966699445	0.523190581318464	-0.346802203991933	-3.08090804432099	1
X2910822	-27.4771092813805	0.4773690377804	-22.6682960218458	-5.28618229731509	1
X2910823	-5.16130469157552	-1.91367250489691	1.26311008344242	-4.51074227012104	1
X2910824	4.31479329410031	1.00651928461904	11.4223197570343	-8.11404574755301	1
X2910825	-10.3729552591799	-1.94202291863737	-7.84726438525332	-0.583667955289204	1
X2910826	0.848861147460566	-1.72175859297917	9.00202375319667	-6.43140401275689	1
X2910827	-2.25080016911671	1.07011461606493	5.49011382824406	-8.81102861342569	1
X2910828	-18.5398628249099	-1.72175859297917	-17.3670990494953	0.54899481756457	1
X2910829	11.5306557609153	1.12907915305284	12.047978921886	-1.64640231402358	1
X2910830	9.58051808588448	-2.09737687329299	10.2192607813716	1.45863417780587	1
X2910831	22.2724123574815	1.06793075082532	16.1115323436695	5.09294926298673	1
X2910832	7.12174655329003	-1.40871201395	7.47144966311525	1.0590089041248	1
X2910833	14.3014572138753	1.34700563400069	8.93190264460789	4.02254893526675	1
X2910834	-0.873451127320738	1.78698272974543	-6.5344869463779	3.87405308931176	1
X2910835	2.98125701383631	1.06793075082532	2.12206223229042	-0.208735969279437	1
X2910836	-6.27048100044573	1.06793075082532	-10.743279299364	3.40486754809294	1
X2910837	-13.4551578608211	2.93413669902948	-18.2523868662914	1.86309230644081	1
X2910838	-4.7469883047733	0.596332005430949	-2.02427646036766	-3.31904384983658	1
X2910839	-15.756136154204	1.49008495634582	-18.2728925877617	1.02667147721187	1
X2910840	-15.0535363986503	2.93459698997945	-16.3286808969595	-1.65945249167023	1
X2910841	-3.53339169694593	2.71933971459438	-4.32976457550301	-1.92296683603731	1
X2910842	-5.58185647060037	0.663621140300777	-0.0500502162780294	-6.19542739462311	1
X2910843	20.6110481123452	-2.25682235467823	21.8408998941658	1.02697057285769	1
X2910844	-18.2472253501827	-2.75240634095643	-18.3641990488637	2.86938003963733	1
X2910845	21.7763246689726	-2.46834138174415	23.7883903454982	0.456275705218517	1
X2910846	19.657338729503	-2.46834138174415	31.0432083241777	-8.91752821293048	1
X2910847	-9.92578693808539	2.21664223022097	-20.6275069491424	8.48507778083602	1
X2910848	48.680109878714	1.47772174969291	47.3291548698884	-0.126766740867253	1
X2910849	38.442390638166	1.78698272974543	26.170270771323	10.4851371370975	1
X2910850	19.0686881687293	3.66687468760039	15.0183935281322	0.383419952996626	1
X2910851	14.2915681746749	3.68353672227892	13.2773654098072	-2.66933395741119	1
X2910852	-0.730318693760779	-1.92234600484244	2.83055477542365	-1.63852746434199	1
X2910853	15.7988280479593	-1.88547152047314	11.216251883757	6.4680476846754	1
X2910854	-0.732747787042956	1.15215549014273	-5.06411585355091	3.17921257636522	1
X2910855	-0.634872905109473	0.167694918102237	-4.5275950164729	3.72502719326115	1
X2910856	-2.44159643601038	0.822754471028507	-4.48679655054122	1.2224456435023	1
X2910857	-19.397327205146	0.91738119909541	-17.0487276045854	-3.26598079965601	1
X2910858	-27.5727710971894	-1.92234600484244	-29.6509401193267	4.00051502697977	1
X2910859	-25.8265063012296	1.15215549014273	-21.4467039329692	-5.53195785840305	1
X2910860	-4.22797023339113	0.497765770053206	-6.74136745385667	2.01563145041235	1
X2910861	8.2121184973422	-1.58659527787854	8.63535807891834	1.16335569630245	1
X2910862	9.92784092777064	0.410182915443311	7.49536804571566	2.02228996661169	1
X2910863	-3.30101394743264	2.93413669902948	-1.09644329928618	-5.13870734717596	1
X2910864	-3.80088801546912	2.88905363920026	-11.969862898463	5.2799212437936	1
X2910865	9.58614109410413	-1.62676570712438	10.5955494006293	0.61735740059917	1
X2910866	13.7144352999343	-2.486841751298	19.0990571523969	-2.89778010116471	1
X2910867	-21.9527611568085	-2.09737687329299	-15.0427209628571	-4.81266332065846	1
X2910868	15.5483872590168	-1.78207727851682	27.9489969909412	-10.6185324534077	1
X2910869	16.3722856888013	0.403459397816685	18.0698376795739	-2.10101138858922	1
X2910870	5.93768874310851	1.34700563400069	3.61333449713875	0.977348611969062	1
X2910871	-28.5863735443499	-2.25368220925096	-24.9683436855789	-1.3643476495201	1
X2910872	-24.6061541875543	-2.10483491937019	-19.9725997951166	-2.52871947306758	1
X2910873	-12.1422985521295	-1.94202291863737	-11.199252778994	0.998977145501934	1
X2910874	-7.8406337396465	0.855797892522099	6.04152699174991	-14.7379586239185	1
X2910875	25.3081941878579	0.73378514461055	32.6194778367236	-8.04506879347623	1
X2910876	-16.3155687044697	0.596332005430949	-0.575456942122526	-16.3364437677782	1
X2910877	-14.2341235089285	-2.22827386528711	-6.48067906701075	-5.52517057663064	1
X2910878	-6.96605493830731	0.596332005430949	-0.139234457735885	-7.42315248600234	1
X2910879	-29.1526280383832	0.963861823496386	-25.9640460179544	-4.15244384392525	1
X2910880	-28.6031375068374	0.523190581318464	-24.1398128337464	-4.98651525440952	1
X2910881	6.40629518896337	-2.11304613154804	9.44853159079167	-0.929190270280268	1
X2910882	18.2016643195485	1.47772174969291	23.8386531839688	-7.11471061411322	1
X2910883	26.9129257175215	-2.67986040881008	29.4773793319025	0.115406794429027	1
X2910884	-30.1842078538509	-1.98139597345327	-30.9916339881793	2.78882210778163	1
X2910885	-5.61321548811668	1.21585318773325	-9.47056692223778	2.64149824638785	1
X2910886	2.00838104473434	-1.21637538628734	-8.78047194961035	12.005228380632	1
X2910887	3.17274512604251	1.84462475700443	1.94163882730829	-0.613518458270211	1
X2910888	-17.6823387703278	1.62721897341167	-21.8441793619556	2.53462161821622	1
X2910889	-2.17426338145999	-0.498088633620679	-0.0289750351194127	-1.64719971271992	1
X2910890	-24.0573459467229	1.34700563400069	-27.403542088607	1.99919050788336	1
X2910891	8.22486163108807	-0.772156296622981	-4.11034446715925	13.1073623948703	1
X2910892	-7.00065351992936	2.30411180265823	7.49747149732767	-16.8022368199152	1
X2910893	16.5320638388443	1.25221384619167	21.7048066724308	-6.42495667977819	1
X2910894	-0.742825386766987	2.20563780599122	4.93613686830683	-7.88460006106502	1
X2910895	-8.90349332384411	3.80272763067558	-9.67970373959355	-3.02651721492614	1
X2910896	9.28612340088304	2.93413669902948	18.4051126391218	-12.0531259372682	1
X2910897	6.5394321998691	2.20563780599122	19.1502764308048	-14.816482036927	1
X2910898	-2.70552972233985	0.827836622004175	7.82684172097411	-11.3602080653181	1
X2910899	41.8165965281486	-0.966173640923755	40.8665321944606	1.91623797461177	1
X2910900	20.7638777726462	0.84076895687479	17.5390750820116	2.38403373375977	1
X2910901	1.33938642146791	2.93413669902948	9.22278571046269	-10.8175359880243	1
X2910902	-4.0387091062899	3.31795525813841	-4.44851344706833	-2.90815091736001	1
X2910903	-1.45134433365925	3.56508217730068	0.850663161005414	-5.86708967196536	1
X2910904	-8.17584531839912	2.71933971459438	-0.250832821467007	-10.6443522115265	1
X2910905	9.17483365580469	-0.00797102754105317	8.36243156923437	0.820373114111406	1
X2910906	0.0403670928020925	-0.0012475099144269	2.58674598703899	-2.54513138432249	1
X2910907	-3.61715144209407	-1.36759630038128	-10.023994733489	7.77443959177628	1
X2910908	8.65882738490438	-2.10483491937019	8.59510269269388	2.1685596115807	1
X2910909	-9.00827815497456	1.08329267508504	-8.75649326274059	-1.33507756731901	1
X2910910	0.0912906671644569	2.97793183514076	2.39135516592554	-5.2779963339018	1
X2910911	11.2916597333915	2.80624985041602	10.1551284663348	-1.66971858335928	1
X2910912	-13.6735916234962	1.47554131676215	-13.2436570475225	-1.90547589273581	1
X2910913	6.99756817725826	3.41664314291141	6.67686480763891	-3.09593977329206	1
X2910914	-4.04059545459213	3.02952416238773	-4.07488122809565	-2.99523838888419	1
X2910915	-13.1617009635114	2.86841058045771	-18.952014511777	2.9219029678079	1
X2910916	-1.13885355447424	0.403459397816685	3.16926312699273	-4.71157607928365	1
X2910917	4.20929947486912	2.58899607415019	-2.02314934213004	3.64345274284899	1
X2910918	36.06546216482	-0.921234882584005	32.4011858469245	4.58551120047949	1
X2910919	20.5504644034335	1.78698272974543	6.21029167503376	12.5531899986543	1
X2910920	27.185076302389	3.79829534809711	22.1693452519194	1.21743570237251	1
X2910921	-0.792920951844535	2.88905363920026	-6.6154089141023	2.93343432305755	1
X2910922	21.3209024074248	0.403459397816685	20.2658929950517	0.6515500145565	1
X2910923	13.1074862521279	0.523190581318464	15.443028224984	-2.85873255417453	1
X2910924	27.0436460864258	2.88905363920026	28.3427967236793	-4.18820427645377	1
X2910925	11.811292773067	-2.40112243995221	22.421480296053	-8.20906508303384	1
X2910926	-13.1856808029187	-2.11304613154804	-0.54885047339354	-10.5237841979771	1
X2910927	2.56934092027666	-1.91367250489691	4.25269855223729	0.230314872936277	1
X2910928	37.5714089979528	-0.146979315313996	46.6489933587509	-8.93060504548408	1
X2910929	-17.973753726324	0.73378514461055	-18.3245560683672	-0.382982802567329	1
X2910930	-46.0881894726035	3.14893368346458	-36.9154193622139	-12.3217037938542	1
