<Trait>	Trait_1_H2_1	Trait_2_H2_1	Trait_3_H2_1	Trait_4_H2_1	Rep
X2910931	22.9527797687676	0.207280577707094	20.2705446304456	2.47495456061492	1
X2910932	6.80694040363703	-2.23669815501989	6.1706287407818	2.87300981787507	1
X2910933	-14.9945450160674	0.594463862883656	-19.2223850141192	3.63337613516823	1
X2910934	-10.2444417204573	-2.24415620109708	-9.61699693546948	1.61671141610921	1
X2910935	-6.06847986201265	4.50378391127673	-8.17980020349221	-2.39246356979719	1
X2910936	4.66218134646553	0.594463862883656	6.64646558765658	-2.57874810407471	1
X2910937	-0.839491184339622	-0.147292309267947	9.79510777439919	-10.487306649471	1
X2910938	-26.9891197897099	2.66692856868912	-23.84134757793	-5.81470078046903	1
X2910939	0.84392616948448	0.338047756053506	7.0304477350961	-6.52456932166509	1
X2910940	10.0162516206611	0.383869299591571	8.05534605557005	1.5770362654995	1
X2910941	-3.0516378633113	0.700861752455076	-0.702021307193007	-3.05047830857338	1
X2910942	-29.4985466614479	0.207280577707094	-19.6954600308847	-10.0103672082703	1
X2910943	-24.0209862215482	0.207280577707094	-22.4273474358865	-1.80091936336876	1
X2910944	-2.39753651250212	1.96784252759733	0.327415698230166	-4.69279473832947	1
X2910945	-22.5924255590075	0.383869299591571	-23.175190662797	0.198895804197929	1
X2910946	-7.97595609890204	-1.92139856024371	4.18640281193214	-10.2409603505904	1
X2910947	-23.2665995147169	0.927471012862815	-24.4940709048916	0.300000377311882	1
X2910948	1.36343090682154	1.33622003503526	0.839447778867093	-0.812236907080797	1
X2910949	-20.1673523173914	-2.25236741327494	-11.7069679933845	-6.20801691073204	1
X2910950	-12.0371064158247	-2.34441598691893	-10.9169673849371	1.22427695603129	1
X2910951	-12.1025472109929	-1.47736041310636	-12.2547464046449	1.62955960675833	1
X2910952	3.10000369317748	0.264138116089791	13.0415846489285	-10.2057190718409	1
X2910953	35.2295040632673	-1.45521225292889	33.104733074825	3.57998324137125	1
X2910954	-5.2438199921712	1.35076367461893	-2.90024087430828	-3.69434279248184	1
X2910955	-2.45605095516644	0.264138116089791	4.71609913097903	-7.43628820223531	1
X2910956	-20.3314742205082	-0.261588017367208	-22.3625626415606	2.29267643841955	1
X2910957	4.3208077744285	-1.96975946448731	7.33104020874266	-1.04047296982684	1
X2910958	-0.201035763501658	0.358444488326313	-2.1821948431544	1.62271459132645	1
X2910959	-1.44793986766381	-2.06166728656934	-0.0609693006886509	0.674696719594205	1
X2910960	5.09611602063377	0.688515340277282	5.40852569965696	-1.00092501930045	1
X2910961	18.4885176541015	-0.0402518063578948	23.3296180005652	-4.80084854010583	1
X2910962	7.61816609793973	0.497008847752675	2.95126656239722	4.16989068778982	1
X2910963	34.315326981687	0.580208508750751	38.228660146315	-4.49354167337885	1
X2910964	3.21410726939649	-2.367595147014	1.65227934334827	3.92942307306226	1
X2910965	12.0193584904242	1.11628278310599	11.6815720925711	-0.778496385252874	1
X2910966	16.337641639666	0.716476610795205	17.5073468210109	-1.88618179214013	1
X2910967	29.3513947987586	1.09500052867798	28.278669703308	-0.02227543322735	1
X2910968	1.6715733227668	-2.02479280220003	-3.20159186626592	6.89795799123274	1
X2910969	26.5093728816537	0.457010723704056	28.8758198465098	-2.82345768856014	1
X2910970	26.7065938360203	4.65101956405131	24.0469468918656	-1.99137261989649	1
X2910971	31.1671932239717	0.395115654482732	22.0996430232516	8.6724345462374	1
X2910972	1.9216635530857	1.07653190600635	-3.02631126439963	3.87144291147894	1
X2910973	16.0691726190672	2.92111384164632	13.9916397303306	-0.843580952909579	1
X2910974	15.4062511636115	1.33840046796601	18.5961677605346	-4.52831706488905	1
X2910975	-8.50009657426037	0.431113114339006	-6.69258534238464	-2.23862434621469	1
X2910976	16.5020008008704	-1.76608698885127	9.26053331280914	9.00755447691244	1
X2910977	-4.42188172313968	0.688515340277282	7.04291589082081	-12.1533129542378	1
X2910978	-0.741658101356521	-2.62616303302489	1.77347924693651	0.111025684731857	1
X2910979	39.2523334611132	3.55652287278132	29.2582030710846	6.43760751724732	1
X2910980	45.5800613340315	3.55415960159661	33.0484757699603	8.97742596247459	1
X2910981	5.06111189057028	-2.90384645282179	9.59456293178672	-1.62960458839466	1
X2910982	18.3751040859312	3.21622151719332	8.06019656435577	7.09868600438207	1
X2910983	24.4747402627433	-2.90384645282179	25.2719090374277	2.10667767813738	1
X2910984	44.9948324362499	-2.92105645092259	41.0057087924238	6.91018009474865	1
X2910985	-8.89174504829048	-2.24415620109708	-5.99367768066847	-0.653911166524929	1
X2910986	-9.08293371049541	0.594463862883656	-8.50683365322554	-1.1705639201536	1
X2910987	32.8829495857239	2.79481541730259	22.686667054174	7.40146711424736	1
X2910988	7.94783708080622	-2.52624884430912	5.38390718487065	5.09017874024472	1
X2910989	60.4620461938097	4.18883576042679	54.7963662256433	1.47684420773962	1
X2910990	-3.11786796832369	3.27732186118451	-4.75390891078214	-1.64128091872605	1
X2910991	20.0316707876104	0.594463862883656	18.2889742997967	1.14823262493006	1
X2910992	43.659745392928	-2.62616303302489	37.1800206934064	9.10588773254644	1
X2910993	-6.87685347441511	-2.96617273737894	-7.45849815916236	3.54781742212611	1
X2910994	19.9083885205801	2.6092618342859	11.7048523330519	5.59427435324239	1
X2910995	13.8014595558501	-0.147292309267947	15.0494816216237	-1.10072975650567	1
X2910996	-13.0520214360086	-2.5748637178807	-15.1567162838739	4.67955856574596	1
X2910997	29.8497924400407	0.594463862883656	24.0945699573298	5.16075861982723	1
X2910998	-13.6082434512908	-2.06166728656934	-10.3514763467426	-1.1950998179789	1
X2910999	23.6602748607302	0.209227515542246	18.2886651908182	5.16238215436994	1
X2911000	9.90914229023754	-0.063021941528665	4.11910660171316	5.85305763005304	1
X2911001	5.81759131855371	-2.90384645282179	1.55598684442697	7.16545092694851	1
X2911002	6.53388237341307	0.0863319452740285	4.52162987569901	1.92592055244016	1
X2911003	24.5244504987747	-0.147292309267947	12.3263962435026	12.34534656454	1
X2911004	2.6560302862072	3.55652287278132	3.87888663857536	-4.77937922514944	1
X2911005	22.1326836496958	0.93079333433804	20.160398113532	1.04149220182575	1
X2911006	21.0081125324874	1.09500052867798	6.86441333287963	13.0486986709298	1
X2911007	3.68444550743732	-2.06166728656934	8.13314840362218	-2.38703560961551	1
X2911008	8.50499952112851	-2.39205210967551	3.89566935381239	7.00138227699163	1
X2911009	5.15771720971076	-3.26724918396448	-1.40774868214738	9.83271507582258	1
X2911010	4.31705184186798	1.96784252759733	0.752480587272871	1.59672872699786	1
X2911011	0.190287345138792	-3.26724918396448	0.118183386532419	3.33935314257083	1
X2911012	18.338521535749	2.83861055341387	15.2846341805002	0.215276801835	1
X2911013	8.38208861869946	-1.7102322883676	14.4695888759989	-4.37726796893182	1
X2911014	9.7025115907271	-2.13088253268086	2.0782392245559	9.7551548988521	1
X2911015	27.2282326324421	3.23910292105449	21.7249471398941	2.26418257149365	1
X2911016	-25.9502215245251	0.395115654482732	-26.569195105678	0.223857926670146	1
X2911017	9.56215673034466	1.0646280991473	7.34370158601439	1.15382704518298	1
X2911018	39.6547719795212	1.1583898346196	37.1330496262669	1.36333251863478	1
X2911019	-36.0399118721835	-0.147292309267947	-31.6745591067569	-4.21806045615866	1
X2911020	-6.70919993828887	-2.92105645092259	-6.39068073979664	2.60253725243036	1
X2911021	-2.17633571601177	1.37906959865813	-3.756704137884	0.201298823214084	1
X2911022	27.1155670591266	-1.90175840462202	23.947129604464	5.07019585928454	1
X2911023	-12.0566674640531	-2.20346446085401	-6.70439732940069	-3.14880567379835	1
X2911024	4.64414952502497	3.66340634894869	5.6640181964727	-4.68327502039638	1
X2911025	-2.834534836107	3.55415960159661	-2.62384344770192	-3.76485099000172	1
X2911026	-22.1349474952112	-2.34441598691893	-14.0388056352066	-5.75172587308569	1
X2911027	1.03898172715025	-2.28517499103038	0.451053608770245	2.87310310941037	1
X2911028	-23.0860240144269	2.37456255095805	-15.6108782217307	-9.84970834365431	1
X2911029	-15.7325648910225	2.1109826849141	-18.6700851599925	0.826537584055912	1
X2911030	-18.0149158755062	0.505548762675826	-16.013500818831	-2.50696381935105	1
X2911031	-11.9227759859552	-2.25984349889598	-13.2073898341392	3.54445734707999	1
X2911032	27.9398879786563	4.38787365444947	21.940284209214	1.6117301149929	1
X2911033	11.5647210495019	2.6092618342859	8.13823686700681	0.817222348209152	1
X2911034	15.0073836576477	-2.64597416003231	14.0128002261034	3.64055759157656	1
X2911035	-30.3369036787208	0.989757871325949	-26.9109060500225	-4.41575550002426	1
X2911036	-8.25108030568867	0.207280577707094	-7.8490991432416	-0.609261740154176	1
X2911037	1.02388365394249	0.338047756053506	4.18938756816653	-3.50355167027756	1
X2911038	-7.48591776359658	0.338047756053506	1.98606458504739	-9.8100301046975	1
X2911039	24.5560165414952	-2.81918169053697	23.5700246857019	3.80517354633019	1
X2911040	16.2234434937048	0.209227515542246	6.51817486224127	9.4960411159214	1
X2911041	-13.7729412098771	0.207280577707094	-0.0599359037126668	-13.9202858838715	1
X2911042	-29.7328119680314	1.97157831761544	-23.231042990238	-8.47334729540892	1
X2911043	53.2524169023513	0.594463862883656	56.4376351512924	-3.77968211182463	1
X2911044	15.197475890448	0.505548762675826	1.2806644310829	13.4112626966892	1
X2911045	-36.1607248946258	-2.24415620109708	-28.904879162085	-5.01168953144369	1
X2911046	-27.0497491530448	3.22208430407084	-27.6572435924331	-2.61458986468249	1
X2911047	16.0448344260592	0.989757871325949	15.540279834885	-0.485203280151689	1
X2911048	6.77775822340574	-2.62616303302489	2.94135431059633	6.4625669458343	1
X2911049	20.0663818563689	-0.147292309267947	13.7670748175729	6.44659934806386	1
X2911050	3.5313832116486	-2.05299378662381	12.5234499557256	-6.93907295745325	1
X2911051	31.7348777464728	-1.66913071165719	20.5259535459214	12.8780549122086	1
X2911052	-28.4753832092828	0.801972529175189	-21.1622331443965	-8.11512259406144	1
X2911053	2.22294443444064	-1.08175099136783	-0.921269288060927	4.22596471386943	1
X2911054	-8.56285521994263	-3.01818405711088	-6.18576297731981	0.641091814488046	1
X2911055	1.5315421313854	0.383869299591571	-1.0261920989574	2.17386493075123	1
X2911056	18.9923172634478	-2.91040831151656	17.2899955017266	4.61273007323764	1
X2911057	0.573359719742225	0.0206828105204488	-1.19398899710724	1.74666590632904	1
X2911058	19.039873586373	0.705953936958907	20.9384596427024	-2.60453999328828	1
X2911059	9.4761545728715	-1.95687410186229	10.3453297650658	1.08769890966802	1
X2911060	-14.6234929308057	0.65510431442839	-12.0461991347755	-3.23239811045859	1
X2911061	19.5798705079762	-2.39205210967551	15.394964059364	6.57695855828774	1
X2911062	-25.8026080384183	0.801972529175189	-23.4617152142224	-3.14286535337103	1
X2911063	21.9076385213905	-3.33092750580608	11.2906696947982	13.9478963323985	1
X2911064	-6.57698019807211	2.08075008297641	-12.1313572818866	3.47362700083812	1
X2911065	8.86128505956209	0.712520203270549	4.98437275413608	3.16439210215542	1
X2911066	-33.0552228124743	0.77654771790993	-29.4821078915902	-4.34966263879402	1
X2911067	-17.7349277360147	-2.39205210967551	-22.449370890833	7.10649526449377	1
X2911068	11.9732479068212	-3.50748084839309	8.92082232205828	6.55990643315608	1
X2911069	-7.53586793410506	-2.62616303302489	-13.4804466976097	8.57074179652953	1
X2911070	16.8680102668414	-2.59239977473319	13.6220392478816	5.83837079369303	1
X2911071	12.130755141715	1.64766144801854	-1.16049915471695	11.6435928484133	1
X2911072	32.0994004723727	1.38505187976824	23.9500379756711	6.7643106169333	1
X2911073	15.5114737772623	0.395115654482732	9.88388526515302	5.23247285762647	1
X2911074	18.9477801636495	-0.867414504620002	16.7945969791773	3.0205976890922	1
X2911075	17.2764958882176	-2.81918169053697	21.922547388395	-1.82686980964025	1
X2911076	-14.4825418977129	1.77028822710965	-17.4173955760468	1.16456545122419	1
X2911077	30.0143124957876	1.33840046796601	32.1851664925974	-3.50925446477568	1
X2911078	21.5591619832293	0.209227515542246	18.6318619078638	2.71807255982315	1
X2911079	-16.8071001208181	1.38505187976824	-22.3821755258163	4.19002352522992	1
X2911080	6.6588755048673	-2.73451692825215	10.0390343410922	-0.645641907972808	1
X2911081	26.5885421353914	0.989757871325949	25.1478175060695	0.450966757995922	1
X2911082	13.5516203448827	-2.81918169053697	15.2639458285812	1.10685620683848	1
X2911083	-22.6462164881902	-1.35569666801424	-16.4764679700755	-4.81405185010049	1
X2911084	-12.380698631222	-1.48370241327422	-14.9085890976674	4.01159287971958	1
X2911085	13.7561330762342	3.23763672162146	8.70263296298732	1.81586339162535	1
X2911086	37.9500520964269	0.54921871488187	30.2780399363343	7.12279344521067	1
X2911087	-16.6315991297418	-1.80403204064459	-13.4386338544198	-1.38893323467744	1
X2911088	6.87944399668508	-1.48370241327422	6.97188368307766	1.39126272688168	1
X2911089	7.56630813686342	4.66028078055999	-0.879545725070727	3.78557308137411	1
X2911090	25.5107998708093	0.209227515542246	17.4737570945486	7.82781526071844	1
X2911091	12.1183277977688	2.88095890799236	6.64333828387616	2.59403060590026	1
X2911092	0.648365341050322	-0.00828402149500407	6.2534970454003	-5.59684768285498	1
X2911093	-32.6122794927741	0.209227515542246	-32.8738196169945	0.0523126086781443	1
X2911094	4.32423827665389	-0.147292309267947	9.2190700560708	-4.74753947014898	1
X2911095	3.17014383863339	0.594463862883656	-1.83852938264322	4.41420935839294	1
X2911096	25.0237100130516	3.5275534058735	18.6223542084751	2.87380239870294	1
X2911097	-4.10831777974896	1.30773427796555	-9.07501503317417	3.65896297545965	1
X2911098	-10.3343904616292	3.23763672162146	-16.9482834027579	3.37625621950726	1
X2911099	-8.93618153634008	0.567750648098994	-12.1349433102037	2.63101112576467	1
X2911100	10.9699583416327	0.989757871325949	0.531856474977886	9.44834399532886	1
X2911101	-5.75166054623798	2.92111384164632	-4.14169366263479	-4.53108072524948	1
X2911102	4.52533183781867	0.358444488326313	9.1487989577289	-4.98191160823658	1
X2911103	-1.42454644532169	2.96715558426725	10.0980401853395	-14.4897422149285	1
X2911104	30.4084097977118	0.395115654482732	29.9996107361398	0.0136834070892757	1
X2911105	24.2471114386567	2.6092618342859	20.4523433525818	1.18550625178892	1
X2911106	3.07309411777666	0.209227515542246	10.1658129568212	-7.30194635458681	1
X2911107	3.4396507987964	-2.81918169053697	7.76918233893416	-1.51034984960081	1
X2911108	22.6645050176058	0.943971393358152	22.0370985299878	-0.316564905740183	1
X2911109	25.2949310915485	-3.26724918396448	21.4734138197281	7.08876645578479	1
X2911110	12.933259626939	-2.52624884430912	15.8242857716896	-0.364777300441477	1
X2911111	17.0563622817047	0.981647148060219	25.3503475450524	-9.27563241140779	1
X2911112	-0.872912104206975	-3.34226540025065	3.89691193310182	-1.42755863705812	1
X2911113	9.1859369189135	0.291939675452224	8.06221801186246	0.831779231598862	1
X2911114	18.437984327891	1.05204472978908	19.4734453677483	-2.08750576964632	1
X2911115	22.900775456251	0.93079333433804	27.0465241148426	-5.07654199292969	1
X2911116	12.549097751347	0.209227515542246	13.4461722426659	-1.10630200686121	1
X2911117	-20.9126485388045	1.38505187976824	-26.4364014540566	4.13870103548388	1
X2911118	-8.22098980656491	-2.73931601618368	-3.85463075821979	-1.62704303216145	1
X2911119	3.18645180214274	2.6092618342859	13.3986425475618	-12.8214525797048	1
X2911120	4.28613909892909	-0.286300597040889	14.2571179088601	-9.68467821289016	1
X2911121	4.29784680077437	0.209227515542246	4.14433990408148	-0.0557206188493924	1
X2911122	1.75566939268286	3.55239226753685	0.621179439161086	-2.41790231401512	1
X2911123	-22.9928311959587	-0.14056879164132	-28.7492863135144	5.89702390919697	1
X2911124	15.9450217903971	0.207280577707094	22.444642559354	-6.70690134666403	1
X2911125	-24.9871001618235	3.87058095747648	-28.4862326093797	-0.371448509920261	1
X2911126	0.534257466894129	0.567750648098994	-1.65759410910821	1.62410092790336	1
X2911127	7.04546288578679	3.87058095747648	-1.7490365454453	4.92391847375561	1
X2911128	-14.6412699356225	2.44967479242329	-8.9515658473329	-8.13937888071282	1
X2911129	0.239556660349823	0.383869299591571	-1.91797998887248	1.77366734963076	1
X2911130	3.71371465802845	0.338047756053506	1.77557827437312	1.60008862760188	1
X2911131	3.25709281324995	3.55652287278132	8.40417802230331	-8.70360808183476	1
X2911132	6.76711959473393	1.12244231151795	-11.3549169630807	16.9995942462967	1
X2911133	7.89038043192552	2.92111384164632	4.14792315647306	0.821343433806145	1
X2911134	-30.2413337405311	0.338047756053506	-21.2377144208887	-9.34166707569591	1
X2911135	14.6369561124792	0.209227515542246	16.4727314965259	-2.04500289958893	1
X2911136	7.42356638903346	-2.367595147014	5.55789430485703	4.23326723119041	1
X2911137	-20.0491414758735	-1.96975946448731	-18.3035802846343	0.224198273248101	1
X2911138	-13.7393540345336	-2.54044372167911	-19.4203514931932	8.22144118033872	1
X2911139	-37.2213706216535	0.207280577707094	-35.9564343216894	-1.47221687767117	1
X2911140	11.6130609581424	0.207280577707094	12.2609244273467	-0.855144046911448	1
X2911141	14.7979398616609	1.33622003503526	15.5129924365492	-2.05127260992353	1
X2911142	16.9509405060848	0.981647148060219	6.32364922936242	9.64564412866213	1
X2911143	-13.0508242060413	2.66692856868912	-11.8723177357379	-3.84543503899254	1
X2911144	4.91891754278481	3.55652287278132	0.0436277838556727	1.31876688614777	1
X2911145	-5.04079453026358	0.0283736363753432	3.43135306742781	-8.50052123406672	1
X2911146	-15.6626176819344	-2.62616303302489	-17.467243726873	4.43078907796351	1
X2911147	23.9267443246216	3.27732186118451	16.603774041639	4.04564842179807	1
X2911148	-16.8080475460583	-2.367595147014	-13.839869879393	-0.600582519651235	1
X2911149	-1.95959027325651	-2.34441598691893	1.19286106762085	-0.808035353958458	1
X2911150	10.8234939806656	0.505548762675826	9.04595503163888	1.2719901863509	1
X2911151	-5.99969990859214	-2.367595147014	-5.61726854112554	1.98516377954735	1
X2911152	-7.88233137159771	4.22367194374898	-18.1061133286305	6.00011001328386	1
X2911153	-20.1420061203252	0.93079333433804	-19.0322553088601	-2.04054414580323	1
X2911154	6.77740839092699	1.11955090473151	2.24026305292162	3.41759443327387	1
X2911155	-31.4349377745621	-2.05285143939722	-27.3675402625526	-2.0145460726123	1
X2911156	20.0301159326394	0.943971393358152	20.2110404566661	-1.12489591738476	1
X2911157	0.111737828207509	0.595054927474546	-3.45259652645261	2.96927942718555	1
X2911158	7.08368342510713	-2.25984349889598	3.73847595759385	5.60505096640919	1
X2911159	-54.025725124143	1.01829785460578	-51.576036886751	-3.46798609199782	1
X2911160	-5.84454720173044	-2.20346446085401	-1.09953874637666	-2.54154399449979	1
X2911161	-2.58644300057206	1.78074229720823	-0.92920171424629	-3.4379835835341	1
X2911162	-11.9374460766135	0.54921871488187	-12.7687311541414	0.282066362646042	1
X2911163	6.4515137140259	0.505548762675826	16.7497924148815	-10.8038274635315	1
X2911164	-6.49113495387973	0.19279116433355	-0.126101194726061	-6.55782492348726	1
X2911165	-4.81433649380037	3.16009509922465	-5.57167160142255	-2.40275999160248	1
X2911166	-5.14214994304499	-2.2931753780877	-11.8584258057932	9.00945124083581	1
X2911167	-44.1159787541493	0.498305702878617	-38.3737749453019	-6.24050951172612	1
X2911168	4.65267239333149	0.54921871488187	0.113199043643785	3.99025463480584	1
X2911169	3.36102845651863	-2.81657975986353	0.057223466482661	6.12038474989945	1
X2911170	20.9309062223832	2.61505842950421	12.1882952223277	6.12755257055141	1
X2911171	-7.868041782093	1.01829785460578	-5.45277049003415	-3.43356914666465	1
X2911172	-18.4231165633183	0.277401560558326	-26.2241853838494	7.52366725997277	1
X2911173	27.9915979149877	-1.57084252339586	27.1589404981334	2.4034999402501	1
X2911174	-2.88128740060991	4.3275892304642	-1.01860972373775	-6.19026690733637	1
X2911175	-7.64044837030533	0.0549627746985232	-18.5728083479814	10.8773972029775	1
X2911176	18.8888434242384	3.65897406637022	8.73810062003473	6.49176873783346	1
X2911177	2.27327410340874	3.55415960159661	-1.96532064706614	0.684435148878231	1
X2911178	31.4791614386203	0.0405007675200091	24.7701320993831	6.66852857171722	1
X2911179	20.286934353402	1.07371663397375	14.3243352496333	4.88888246979492	1
X2911180	-2.65937296061439	0.250583595497235	-0.262285691271646	-2.64767086483998	1
X2911181	7.56280123163426	0.0617846622242356	13.9477391338126	-6.44672256440256	1
X2911182	16.4557603261422	1.07371663397375	11.9296900020786	3.45235369008983	1
X2911183	27.3296586027632	3.86601160895703	21.1200547439375	2.34359224986872	1
X2911184	1.26462317925027	3.87058095747648	-7.63125484689428	5.0252970686681	1
X2911185	12.3024007573235	3.04978992252344	2.5622251682026	6.69038566659742	1
X2911186	-43.8912938618455	2.74973235747337	-48.7042637010209	2.06323748170198	1
X2911187	-2.25048051599169	3.39165918080326	-7.31238819497862	1.67024849818366	1
X2911188	1.70581740685022	0.701447675147897	2.85485745913742	-1.85048772743507	1
X2911189	16.4703191234714	0.567750648098994	8.70827681143062	7.19429166394179	1
X2911190	-68.5488830511604	0.683433189301614	-60.4208818627343	-8.81143437772761	1
X2911191	35.433943708559	0.567750648098994	35.1659966721758	-0.299803611715718	1
X2911192	30.6716894455051	0.565747340352439	22.7460801907092	7.35986191444353	1
X2911193	-12.6590782610922	2.79481541730259	-13.9837654461197	-1.47012823227512	1
X2911194	13.1371517532086	4.50219225086816	11.1529813464489	-2.51802184410852	1
X2911195	23.9768405505531	-2.1937111416297	13.8153614779217	12.3551902142611	1
X2911196	11.7778537619589	-2.34441598691893	4.28520068443814	9.83706906443973	1
X2911197	5.95828168054377	-2.37195409126656	3.80716424729035	4.52307152452002	1
X2911198	12.2118893222065	-1.36239121018089	-0.744082594521608	14.318363126909	1
X2911199	13.1370918100862	-1.78568848631356	6.52214019299354	8.4006401034063	1
X2911200	-20.5711053697547	0.383869299591571	-22.700044172484	1.74506950313771	1
X2911201	9.02865630429439	0.0617846622242356	8.67298031441042	0.293891327659762	1
X2911202	4.29808995073319	-2.62616303302489	-3.19163175831921	10.1158847420773	1
X2911203	33.1057950094806	-2.29889539103061	26.6870387957969	8.71765160471419	1
X2911204	11.8833912881778	-1.92139856024371	5.17135329300519	8.63343655541636	1
X2911205	14.0327662411125	-2.06405918037168	6.84425322981601	9.25257219166817	1
X2911206	13.0665380730516	0.498305702878617	9.72369211111022	2.84454025906278	1
X2911207	-2.60389034854048	-2.62616303302489	-6.74313915066039	6.76541183514478	1
X2911208	2.9641898005492	-2.07792644064996	1.14227170667908	3.89984453452006	1
X2911209	-0.26906155512436	0.277401560558326	-9.63229611163724	9.0858329959545	1
X2911210	-19.2128497767407	0.497008847752675	-18.8664161442647	-0.843442480228656	1
X2911211	7.75302788618746	-3.33092750580608	6.43203956355038	4.65191582844314	1
X2911212	4.25946484552463	-3.34226540025065	11.4068321881659	-3.80510194239054	1
X2911213	2.8626085392188	-3.33594516994716	2.39284659426344	3.80570711490245	1
X2911214	23.7940413443441	-3.50748084839309	20.3096898080495	6.99183238468752	1
X2911215	-10.9342485401859	0.537179112097373	-9.90189002302412	-1.56953762925921	1
X2911216	9.73617412726867	-0.47971443136124	12.7001544777322	-2.48426591910227	1
X2911217	50.81296647395	-3.42171300917012	49.0284327234568	5.20624675966314	1
X2911218	25.7968488468296	0.0284659106372154	23.5312647496994	2.23711818649307	1
X2911219	-20.8311420010705	-2.348479613228	-19.4867309531033	1.00406856526083	1
X2911220	-2.66359795714519	-2.62616303302489	3.97360976378322	-4.01104468790348	1
X2911221	28.5158199342514	-2.94262919038999	25.0370757249621	6.42137339967929	1
X2911222	8.51847328226818	0.989757871325949	4.04575747073515	3.48295794020707	1
X2911223	21.7134552008312	0.221570326681338	22.1011150197223	-0.609230145572385	1
X2911224	0.391650043995806	-2.07792644064996	1.29591815267615	1.17365833196966	1
X2911225	26.2242871417152	0.641847921066126	16.052133827329	9.53030539332013	1
X2911226	-16.3478032953871	0.358444488326313	-11.599522395719	-5.10672538799451	1
X2911227	5.6238222716052	-2.88676078579363	0.0659551683240345	8.44462788907478	1
X2911228	-13.4513278536968	0.498312654203402	-10.6393931446881	-3.31024736321212	1
X2911229	-3.52224270899036	0.250583595497235	2.15043162377918	-5.92325792826676	1
X2911230	13.9409989570626	-2.05154397181213	12.7661872347456	3.22635569412909	1
X2911231	11.4494325914302	0.683433189301614	13.0585711527757	-2.29257175064707	1
X2911232	20.7548745940489	-2.50958326200137	15.3252724209237	7.93918543512663	1
X2911233	20.2354530209881	-2.68428036154958	14.4141152368812	8.50561814565651	1
X2911234	-28.0952506880773	-2.39300349097785	-19.7759111685004	-5.92633602859901	1
X2911235	-12.2908713956184	-2.02479280220003	-9.37136856908613	-0.894710024332184	1
X2911236	-40.7775126266996	-2.02479280220003	-38.3779208594423	-0.374798965057227	1
X2911237	-15.2018321446959	-2.89976017211053	-7.57919014083499	-4.72288183175035	1
X2911238	7.58336741383164	-3.26724918396448	-2.02392955186911	12.8745461496653	1
X2911239	4.69693994654175	-2.2769743503396	7.29982498736392	-0.325910690482543	1
X2911240	2.75155970594307	0.936552866162329	8.37331946539456	-6.55831262561381	1
X2911241	1.48896239144406	-1.5580749439647	4.89175696097812	-1.84471962556937	1
X2911242	-1.22694264869358	-2.23669815501989	-2.21742731261758	3.22718281894391	1
X2911243	2.88554266222177	0.209227515542246	-4.04383854760089	6.72015369428041	1
X2911244	15.2300169009967	-3.33092750580608	15.1472395345015	3.41370487230125	1
X2911245	1.02769777843726	-3.50748084839309	-1.06138196719187	5.59656059402223	1
X2911246	0.585690613203379	-2.92105645092259	-4.18779717213738	7.69454423626339	1
X2911247	1.3455088855975	0.981647148060219	-4.64497865024686	5.00884038778416	1
X2911248	-2.77038302291007	-3.26724918396448	8.11745570621737	-7.62058954516304	1
X2911249	36.2802683232474	-2.90384645282179	33.6438936116324	5.54022116443694	1
X2911250	27.3122593586998	-3.26724918396448	24.5865184217068	5.99299012095759	1
X2911251	-26.8556751768409	-2.32615578687571	-27.0594562662557	2.52993687629055	1
X2911252	-34.6362109644853	0.0637501658989708	-30.5184704857449	-4.1814906446393	1
X2911253	4.21204936071655	0.594463862883656	2.61558272068801	1.00200277714489	1
X2911254	-17.5233668807079	-1.93881619246639	-11.8547773488958	-3.7297733393457	1
X2911255	10.2548124953898	-2.05299378662381	15.0498921007154	-2.74208581870183	1
X2911256	-25.6961143519472	-2.54044372167911	-17.5814925228115	-5.57417810745663	1
X2911257	-1.68932095055913	-2.54044372167911	-5.15867833205713	6.00980110317712	1
X2911258	4.99094844701246	-2.88916954006639	1.60175542317256	6.27836256390627	1
X2911259	3.8967792735241	-2.54044372167911	11.6919271673824	-5.25470417217916	1
X2911260	-7.16719779786419	-1.59560325466558	-12.2683756355934	6.69678109239483	1
X2911261	14.3534630107639	0.700861752455076	13.2798233724227	0.372777885885986	1
X2911262	22.7070531518536	1.77028822710965	23.4520719937454	-2.51530706900133	1
X2911263	2.90664411409093	1.20768435227379	-5.32223306391041	7.02119282572753	1
X2911264	-5.67639239423422	-2.12071725518016	-3.66631873752831	0.110643598474212	1
X2911265	-0.668528915171081	2.20435641918404	-12.6012629658393	9.7283776314842	1
X2911266	-33.0441116960552	0.989757871325949	-24.6473232725737	-9.38654629480738	1
X2911267	-16.6443849327341	0.594463862883656	-17.0031695564228	-0.235679239194891	1
X2911268	-20.9536376180952	3.55652287278132	-16.5941476801745	-7.91601281070204	1
X2911269	3.29723494332982	4.11368976897586	3.95739996579782	-4.77385479144388	1
X2911270	11.4452460851459	-2.29889539103061	6.47990663665008	7.26423483952646	1
X2911271	9.02651351248807	0.927471012862815	16.7865394641962	-8.68749696457102	1
X2911272	-0.0934787499280887	3.65897406637022	-11.6112114642142	7.85875864791593	1
X2911273	5.94708426962376	-2.23669815501989	-0.0267320335379502	8.21051445818162	1
X2911274	-30.66533002611	-1.47736041310636	-22.9150777685546	-6.27289184444901	1
X2911275	40.1167456186453	-2.2931753780877	41.4792725826538	0.930648414079065	1
X2911276	-16.7180285525262	0.19279116433355	-23.2078789270265	6.29705921016665	1
X2911277	-16.611927514869	0.927471012862815	-16.8595290870656	-0.679869440666152	1
X2911278	-11.1667247888113	0.19279116433355	-7.52519120666238	-3.83432474648252	1
X2911279	-1.81298824302088	0.457010723704056	0.711508406928548	-2.9815073736535	1
X2911280	-0.991882389992917	2.66692856868912	-11.1229008762715	7.46408991758944	1
X2911281	0.624647522027491	3.36601460978092	1.59121702167291	-4.33258410942632	1
X2911282	8.72270231049152	0.594463862883656	15.5389526599798	-7.41071421237188	1
X2911283	12.240935818319	0.99622387396032	7.61017579019102	3.6345361541677	1
X2911284	-10.4809555452147	0.580208508750751	-8.34184910048052	-2.71931495348495	1
X2911285	-1.17586444584898	-0.063021941528665	-4.46658718893178	3.35374468461147	1
X2911286	6.89637285382633	2.79481541730259	5.69598172975656	-1.59442429323291	1
X2911287	25.9296749506168	2.66692856868912	23.9992603762799	-0.736513994352186	1
X2911288	-21.6438619701615	0.981647148060219	-19.1337951949788	-3.49171392324288	1
X2911289	7.31304645384421	0.928609469098429	7.44026655579492	-1.05582957104917	1
X2911290	28.9422052415574	3.55652287278132	21.1114525471896	4.27422982158655	1
X2911291	1.87461329321954	0.981647148060219	-0.894531414803449	1.78749755996277	1
X2911292	3.50885361156643	0.250583595497235	4.45668972984506	-1.19841971377594	1
X2911293	-8.06234731269183	4.22367194374898	-14.2539732173195	1.96795396087869	1
X2911294	-3.56339676677062	0.93079333433804	-6.64333969836766	2.149149597259	1
X2911295	-12.9919213497726	4.11368976897586	-16.5554117665529	-0.55019935219556	1
X2911296	-35.8976951530522	1.06497673505783	-32.3324724904957	-4.63019939761434	1
X2911297	-10.3976884440311	1.77028822710965	-10.7192193958241	-1.44875727531673	1
X2911298	37.0294705500152	-0.147292309267947	30.7185814460083	6.45818141327479	1
X2911299	5.76839827631102	0.986766730770891	1.95208982858149	2.82954171695862	1
X2911300	-19.7920954464716	0.207280577707094	-16.9522344460988	-3.0471415780799	1
X2911301	-6.59898299343416	1.11289256446477	0.389866764478562	-8.10174232237751	1
X2911302	-3.69440860438312	3.42695885442001	-4.32189416989588	-2.79947328890719	1
X2911303	5.75552909083084	0.0617846622242356	2.73184537430243	2.96189905430412	1
X2911304	-2.94055559749033	2.79481541730259	-8.88025995605769	3.1448889412648	1
X2911305	21.6313457555125	-0.14056879164132	19.1272630156351	2.64465153151881	1
X2911306	-29.0068366438833	1.4598263712429	-32.0910238968377	1.62436088171146	1
X2911307	17.6817701176978	-2.05299378662381	17.8263415050181	1.90842239930348	1
X2911308	11.8558968839511	-2.08134420036426	14.9005760950775	-0.963335010762007	1
X2911309	32.8984796170043	0.649534585923065	29.3921002997893	2.85684473129206	1
X2911310	4.31337267517712	-2.62616303302489	1.03895723473624	5.90057847346584	1
X2911311	-8.52988199211326	-1.75106050100512	-4.48485671254781	-2.29396477856036	1
X2911312	-1.85333579766734	-2.52624884430912	0.334615337684806	0.338297708957053	1
X2911313	3.62574207896532	0.0164310537544217	-0.231072433644847	3.84038345885578	1
X2911314	0.458856538990847	-2.02479280220003	0.638146629826405	1.84550271136451	1
X2911315	-14.903862682577	-3.1537073617474	-19.0075718981878	7.2574165773582	1
X2911316	-0.233435439700163	-2.23669815501989	-5.70871263349271	7.71197534881248	1
X2911317	13.163603630547	1.61100307317885	19.2365239492535	-7.68392339188531	1
X2911318	-25.608132637389	0.6621043632981	-22.0081242112961	-4.26211278939098	1
X2911319	10.0130180180767	-1.96975946448731	11.0296389981929	0.953138484371181	1
X2911320	-16.5310800975453	0.649534585923065	-19.7786139897723	2.59799930630393	1
X2911321	14.7114092201354	-2.13088253268086	14.8453619566363	1.99692979618002	1
X2911322	22.5542048871174	-2.90384645282179	15.5695189553707	9.88853238456847	1
X2911323	17.156347735941	0.209227515542246	6.2966474170979	10.650472803301	1
X2911324	33.1707116251244	-0.00828402149500407	28.070098818453	5.10889682816644	1
X2911325	1.29622805634164	-1.93881619246639	-5.48642766223217	8.72147191104021	1
X2911326	16.0128981423222	-0.286300597040889	9.43805676273889	6.86114197662422	1
X2911327	-2.59800826322219	4.44611717687351	-9.03864916393935	1.99452372384363	1
X2911328	7.02233170625174	0.927471012862815	2.0901621036996	4.00469858968931	1
X2911329	1.44922071102366	-0.00828402149500407	-6.98537761357677	8.44288234609537	1
X2911330	-7.38278689887799	0.250583595497235	-16.1751984644309	8.54182797005563	1
X2911331	2.99919757138152	0.0637501658989708	1.08496784894989	1.85047955653265	1
X2911332	-14.3683600204316	2.58001843286749	-8.7543615069255	-8.19401694637352	1
X2911333	11.3660994531493	3.65897406637022	3.19654647132236	4.51057891545675	1
X2911334	0.0959837485147972	2.92111384164632	-8.58880369510958	5.76367360197805	1
X2911335	-3.15996023924763	0.0637501658989708	-5.51923750342713	2.29552709828049	1
X2911336	39.3144927916252	-2.62616303302489	38.5402444911405	3.40041133350962	1
X2911337	29.8036240622472	0.264138116089791	28.4206122937367	1.11887365242078	1
X2911338	-7.34539368749093	0.209227515542246	-11.0193007417506	3.46467953871737	1
X2911339	24.7442901034317	-2.48282288075307	29.817225136582	-2.59011215239726	1
X2911340	-4.98417581008456	0.927471012862815	-3.4298064981458	-2.48184032480158	1
X2911341	-4.41393203591284	-0.803383860118077	-6.82124037017603	3.21069219438122	1
X2911342	35.1541856635407	1.07653190600635	32.4147307747509	1.66292298278354	1
X2911343	4.53045285228155	0.207280577707094	5.42362998606082	-1.10045771148641	1
X2911344	-9.92310020740453	0.564189132523135	-11.9857145731717	1.49842523324404	1
X2911345	-1.04637845250054	-2.13088253268086	7.98721930996949	-6.90271522978918	1
X2911346	-30.7960768979809	0.207280577707094	-24.266244064921	-6.73711341076697	1
X2911347	16.256333327787	-0.286300597040889	22.0127236970518	-5.47008977222377	1
X2911348	-17.6658025558075	-2.24415620109708	-14.2665970594993	-1.15504929521112	1
X2911349	-8.57214453109134	-2.05299378662381	-10.5297337862099	4.01058304174231	1
X2911350	-3.24303396474696	-1.93881619246639	-0.54787578730727	-0.756341984973265	1
X2911351	-25.4173306113871	-2.13088253268086	-29.8152472356994	6.52879915699315	1
X2911352	44.2914673987335	-0.147292309267947	50.563534251182	-6.12477454318075	1
X2911353	-15.1658330122296	0.564189132523135	-12.3553371827939	-3.37468496195886	1
X2911354	-22.0165366770381	-1.36239121018089	-15.8207256160325	-4.83341985082476	1
X2911355	-10.0776141206464	-2.24415620109708	-8.93193344740367	1.09847552785437	1
X2911356	19.2428225395257	1.09500052867798	18.7254617261622	-0.577639715314413	1
X2911357	-16.899985214758	-2.25236741327494	-12.6995864762187	-1.94803132526444	1
X2911358	-16.0192325418033	-2.25236741327494	-4.66145803307358	-9.10540709545477	1
X2911359	6.4460381255869	-2.90384645282179	11.0332181931726	-1.68333361476395	1
X2911360	-12.2258969805567	-2.32856454114847	4.89941363575066	-14.7967460751589	1
X2911361	10.0814227171243	1.96784252759733	13.6898053553078	-5.57622516578072	1
X2911362	-10.2490911831893	0.927471012862815	-13.18772696769	2.01116477163787	1
X2911363	24.2628514966771	0.209227515542246	28.8943128515772	-4.84068887044219	1
X2911364	5.14266927716806	-2.90384645282179	4.01413516586864	4.03238056412125	1
X2911365	9.76548737011559	3.55652287278132	10.7041657587225	-4.49520126138816	1
X2911366	13.0459829264088	0.207280577707094	16.449575429538	-3.61087308083627	1
X2911367	-20.7029851112661	-0.286300597040889	-15.4457675557197	-4.9709169585055	1
X2911368	-7.8726511640283	-0.147292309267947	-4.56963386604178	-3.15572498871858	1
X2911369	-9.77595814481467	1.20768435227379	-7.8992512713002	-3.08439122578825	1
X2911370	23.5920336183719	2.92111384164632	24.3210563777131	-3.65013660098756	1
X2911371	0.543371545837218	0.250583595497235	5.41952747123241	-5.12673952089243	1
X2911372	-9.60976981816822	-0.0402518063578948	-1.99137770418725	-7.57814030762314	1
X2911373	25.5931726786326	-2.13088253268086	36.4886683084624	-8.76461309714898	1
X2911374	2.26242948513933	1.96784252759733	6.99460817100381	-6.70002121346191	1
X2911375	-31.721277897952	2.06631652426433	-25.5974010982546	-8.1901933239617	1
X2911376	-5.01741551188901	2.44967479242329	-6.98630208917542	-0.4807882151368	1
X2911377	-7.0734981322935	-2.61938553035004	-4.78708201672138	0.3329694147779	1
X2911378	-17.6849662320331	1.05204472978908	-22.5703198892893	3.83330892746707	1
X2911379	-11.5637027608764	0.981647148060219	-8.69901102944374	-3.84633887949294	1
X2911380	6.27507038683265	-0.147292309267947	8.13307922019747	-1.71071652409681	1
X2911381	-31.2766355941342	-2.367595147014	-22.4261430919514	-6.48289735516891	1
X2911382	32.7499605644857	4.22367194374898	20.4852923033841	8.04099631735254	1
X2911383	-26.9963163920676	0.0617846622242356	-22.4138453987414	-4.64425565555049	1
X2911384	14.8124956788536	0.989757871325949	12.8155317072949	1.00720610023271	1
X2911385	11.045585301876	-2.68428036154958	12.830451841368	0.899413822057563	1
X2911386	-10.2699348955004	-2.25236741327494	-6.8461467046537	-1.17142077757178	1
X2911387	-7.63047317533651	3.87438515569531	-23.09583042567	11.5909720946381	1
X2911388	-7.63846444677898	1.05204472978908	-11.6515142743991	2.96100509783102	1
X2911389	-34.40898016644	1.05204472978908	-32.0251016057167	-3.43592329051242	1
X2911390	31.1549667963649	0.54921871488187	22.6583432797569	7.94740480172614	1
X2911391	-2.89897811225524	-0.14056879164132	2.91452631963458	-5.67293564024858	1
X2911392	-8.30981188163552	1.05134933170955	-4.17971640384506	-5.18144480949999	1
X2911393	18.9235257614111	0.54921871488187	10.2092445120689	8.1650625344603	1
X2911394	48.8386745893785	4.89082101471664	37.5885600531354	6.35929352152638	1
X2911395	56.6161931439171	1.96784252759733	46.5719097024015	8.07644091391824	1
X2911396	-36.1549824603335	0.207280577707094	-36.2779708870074	-0.0842921510332444	1
X2911397	-26.2305863802948	0.0617846622242356	-21.4725157200628	-4.81985532245622	1
X2911398	5.35855996990704	4.50378391127673	10.6344952209341	-9.77971916230379	1
X2911399	-9.77532094631148	4.39683429109411	-15.8471466906077	1.67499145320204	1
X2911400	-10.8222418947862	3.55652287278132	-11.9265766707559	-2.45218809681159	1
X2911401	-36.8974518492511	0.594463862883656	-30.1251702576648	-7.36674545446992	1
X2911402	9.49971953898472	0.700861752455076	21.5507021298109	-12.7518443432813	1
X2911403	2.20092923534086	0.594463862883656	8.20530761767528	-6.59884224521808	1
X2911404	-6.2695619388413	2.06631652426433	-1.77535633292965	-6.56052213017611	1
X2911405	-9.98643882685627	0.927471012862815	-3.34848783084458	-7.56542200887451	1
X2911406	-15.7099447403308	0.207280577707094	-10.0758302036113	-5.84139511442654	1
X2911407	-1.07592930357256	3.55652287278132	1.1883539728472	-5.82080614920109	1
X2911408	-15.1321297723021	1.96784252759733	-15.7958161964287	-1.30415610347073	1
X2911409	8.36051415411586	2.72908929873082	11.5457260020354	-5.91430114665028	1
X2911410	20.8450487154443	-0.286300597040889	21.0323985928125	0.0989507196727506	1
X2911411	15.4974277873586	-0.147292309267947	17.9319239594121	-2.28720386278557	1
X2911412	-7.21811874719301	-2.23669815501989	-0.796681593025348	-4.18473899914782	1
X2911413	-6.03936163849032	0.207280577707094	2.61897115428669	-8.86561337048409	1
X2911414	6.57368643070327	-2.367595147014	8.72251892276265	0.21876265495466	1
X2911415	10.277895515368	0.594463862883656	5.52599754642533	4.15743410605896	1
X2911416	-1.11413549430759	-2.50958326200137	7.47645800551437	-6.08101023782058	1
X2911417	27.0015372306114	0.989757871325949	22.6897363861801	3.32204297310539	1
X2911418	-4.64154951892241	-0.00828402149500407	-8.28213657853959	3.64887108111217	1
X2911419	-26.8428466460803	-1.36239121018089	-22.8052526672442	-2.6752027686553	1
X2911420	-26.6283771039803	-0.14056879164132	-29.2377521394508	2.7499438271118	1
X2911421	14.9678785357645	2.06631652426433	15.5275235811627	-2.62596156966254	1
X2911422	-14.9739600702266	0.207280577707094	-8.99234007039107	-6.1889005775427	1
X2911423	-8.28278178458285	1.05204472978908	-9.61000457852514	0.275178064153199	1
X2911424	19.690372631987	0.6621043632981	24.8245289901361	-5.79626072144719	1
X2911425	-26.8439165058967	-2.367595147014	-18.1999805983874	-6.27634076049526	1
X2911426	-10.1273541521406	0.981647148060219	0.726065929910888	-11.8350672301117	1
X2911427	13.0298198614196	0.338047756053506	14.4113073931874	-1.71953528782127	1
X2911428	4.79921484869955	3.47615016119486	-0.810573560759075	2.13363824826379	1
X2911429	54.4603353389677	2.66692856868912	49.9809020465776	1.81250472370088	1
X2911430	17.170625709545	2.66692856868912	14.3355537521779	0.168143388678034	1
X2911431	-22.4083202216236	-0.14056879164132	-11.9811821096089	-10.2865693203734	1
X2911432	13.5248135526361	-1.25369782400179	21.5599152019432	-6.7814038253052	1
X2911433	19.3426647318936	-2.367595147014	14.6475210253197	7.06273885358776	1
X2911434	25.0437947326475	-2.48282288075307	23.3993320505293	4.12728556287145	1
X2911435	-1.19936880064979	-2.96617273737894	0.19503637847281	1.57176755825633	1
X2911436	15.7783917243998	-2.81918169053697	19.4005775694286	-0.803004154491758	1
X2911437	16.215020870761	0.457010723704056	24.5666095347929	-8.80859938773601	1
X2911438	-7.65319211479812	-2.68428036154958	-2.08665175502692	-2.88225999822164	1
X2911439	-3.33978689442846	0.564189132523135	-1.65991215632096	-2.24406387063062	1
X2911440	-2.47764811457189	0.209227515542246	-0.147747370177871	-2.53912825993635	1
X2911441	5.60436867558867	-2.48282288075307	2.75925704307963	5.3279345132621	1
X2911442	-15.1365071720489	-2.39300349097785	-20.1061524955846	7.36264881451355	1
X2911443	21.9301782435961	-3.33092750580608	14.4011317592056	10.8599739901966	1
X2911444	-16.0553083374577	0.594463862883656	-15.1916841881235	-1.45808801221792	1
X2911445	15.860993840449	-2.81918169053697	13.1268489799705	5.55332655101538	1
X2911446	16.352644960211	-2.24415620109708	18.7434056000263	-0.146604438718226	1
X2911447	-4.53031832590985	0.358444488326313	-1.30017136914012	-3.58859144509603	1
X2911448	-8.35847752300552	-2.50958326200137	-4.89879955170077	-0.950094709303439	1
X2911449	-5.21133118094382	0.580208508750751	-1.23792346834584	-4.5536162213487	1
X2911450	7.47076469282269	3.23763672162146	8.72787577592019	-4.49474780471906	1
X2911451	-13.5393097636349	0.19279116433355	-14.6002304981236	0.868129570155193	1
X2911452	42.0660350340583	0.594463862883656	37.1035027778024	4.36806839337216	1
X2911453	-18.2450152050198	0.209227515542246	-11.6071904815761	-6.84705223898598	1
X2911454	11.3860365919955	0.594463862883656	19.6678798643461	-8.87630713523423	1
X2911455	-4.37403692633871	0.0750410555864995	5.00010517776174	-9.44918315968699	1
X2911456	18.3501500006274	0.594463862883656	16.7134705717538	1.04221556598997	1
X2911457	11.1876789585469	-2.90384645282179	13.0238072439506	1.06771816741813	1
X2911458	8.51656785798924	0.19279116433355	8.71696314781201	-0.393186454156326	1
X2911459	-3.38314560943208	4.39683429109411	-7.55648500780705	-0.22349489271911	1
X2911460	-21.2227853491857	4.22367194374898	-19.2902962502217	-6.15616104271296	1
X2911461	-3.78310511812401	-2.367595147014	-6.69459025353166	5.2790802824216	1
X2911462	-14.8621729944308	-1.75106050100512	-2.87666129560522	-10.2344511978204	1
X2911463	-14.3165006607972	-1.80403204064459	-10.0074418038274	-2.50502681632526	1
X2911464	20.6647713578569	-0.00828402149500407	21.3577090280264	-0.684653648674348	1
X2911465	39.3817966873966	-2.06166728656934	43.9059470665148	-2.46248309254886	1
X2911466	-4.14989594247952	-2.90384645282179	-1.75220524433763	0.506155754679937	1
X2911467	-17.2932484575469	-2.367595147014	-8.83824673753569	-6.08740657299718	1
X2911468	-8.13357105161282	-2.25236741327494	3.63511726865635	-9.51632090699424	1
X2911469	14.5078707713508	-0.147292309267947	21.36663502258	-6.71147194196114	1
X2911470	16.0672543567181	1.79488540287322	7.13787589921179	7.13449305463302	1
X2911471	14.9166136286605	3.54421544055203	6.81795928434897	4.55443890375947	1
X2911472	-8.18461871681291	-1.52968984827503	-6.60658682757859	-0.0483420409592454	1
X2911473	28.5589608569071	2.44967479242329	24.519786909206	1.58949915527777	1
X2911474	-32.2268908820019	-2.5748637178807	-30.4115263328817	0.7594991687605	1
X2911475	-16.2956114753583	0.383869299591571	-17.3850273912844	0.705546616334494	1
X2911476	27.6231826003531	-0.14056879164132	18.0770518826915	9.68669950930296	1
X2911477	34.8029899674662	0.207280577707094	29.9945543363887	4.60115505337045	1
X2911478	-0.737565789793052	-2.54044372167911	-0.837310197255885	2.64018812914191	1
X2911479	38.8144250377539	0.0637501658989708	44.7575737385771	-6.00689886672232	1
X2911480	28.7425248535728	-1.24544456978336	28.4708106939369	1.51715872941925	1
X2911481	2.2294812029078	0.0283736363753432	-2.7512659162075	4.95237348273998	1
X2911482	-5.00345801160717	-2.42993632169449	-12.4929728860355	9.91945119612277	1
X2911483	-4.10152600680642	3.01720975372167	-7.99695111441138	0.878215353883268	1
X2911484	16.3750776211276	0.0750410555864995	25.5362520767367	-9.23621551119561	1
X2911485	-14.7089021193225	-1.93881619246639	-13.7760525140866	1.00596658723052	1
X2911486	-6.16951389948759	0.982745576990251	-9.12297798051993	1.97071850404208	1
X2911487	-8.41264008098704	-1.47736041310636	-2.80343004158905	-4.13184962629161	1
X2911488	11.1927409840435	0.209227515542246	5.73088451543774	5.25262895306348	1
X2911489	31.2501476964943	2.62247525033793	24.4704307648857	4.15724168127065	1
X2911490	-19.100600752713	-2.62616303302489	-19.1988097380436	2.72437201835548	1
X2911491	-10.1222051122522	1.09500052867798	-5.06773849829382	-6.14946714263642	1
X2911492	31.8802298916938	-2.1937111416297	32.8348201080739	1.23912092524959	1
X2911493	14.1930718316247	-2.39205210967551	19.7173706839873	-3.13224674268709	1
X2911494	-4.88703394749456	0.928609469098429	-4.2707264648504	-1.54491695174256	1
X2911495	-19.1245547354393	-2.25236741327494	-17.0817323127927	0.209544990628313	1
X2911496	-0.492257384683491	-2.06405918037168	0.739280804213319	0.832520991474863	1
X2911497	16.5697511424682	0.928609469098429	20.1943356968992	-4.55319402352942	1
X2911498	3.98122641034928	1.09500052867798	5.36430010024087	-2.47807421856959	1
X2911499	12.4910384281497	-2.32615578687571	4.54491640736176	10.2722778076638	1
X2911500	8.56274438122452	1.97157831761544	5.45436674179037	1.13679932181877	1
X2911501	1.78776199808432	4.66028078055999	-2.11802616897561	-0.75449261350008	1
X2911502	24.6125913783086	0.207280577707094	26.0603685198105	-1.65505771920898	1
X2911503	-4.3932093302043	-2.42993632169449	-2.98142081968559	1.01814781117581	1
X2911504	-27.6780662565049	-0.147292309267947	-26.3289740417945	-1.20179990544241	1
X2911505	-1.30884232283842	2.58001843286749	-2.68495416594343	-1.2039065897624	1
X2911506	-56.3036784024246	5.2097071658765	-61.1426896773242	-0.37069589097679	1
X2911507	24.1325596484846	2.83861055341387	20.0010915644014	1.29285753066944	1
X2911508	7.27058098615171	0.395115654482732	5.0034720943966	1.87199323727237	1
X2911509	13.0116101826901	-2.54044372167911	12.7754213052191	2.77663259915015	1
X2911510	27.55642859084	0.0283736363753432	20.1436729352743	7.38438201919052	1
X2911511	-9.76075152238155	1.35076367461893	-9.25525594195685	-1.85625925504362	1
X2911512	42.1317392748574	-2.10908231079467	38.6223860343829	5.61843555126912	1
X2911513	-20.5282271703151	0.86746106687091	-25.6529645244336	4.2572762872475	1
X2911514	7.48810789051431	-2.06166728656934	5.99667484858811	3.55310032849555	1
X2911515	4.39330255396555	0.705953936958907	0.316429488879567	3.37091912812705	1
X2911516	-17.4984243120671	-1.45521225292889	-18.8499287756423	2.80671671650407	1
X2911517	-0.813942448410906	1.53543702421658	-8.68409278223259	6.33471330960506	1
X2911518	7.78473167119359	-0.857430719233976	2.83581697457062	5.80634541585697	1
X2911519	-23.9460433572433	-2.04540813248871	-19.5891038548754	-2.3115313698792	1
X2911520	16.8849329249414	-0.147292309267947	15.8412792958328	1.19094593837643	1
X2911521	7.28806171631495	-1.48370241327422	3.25352899417072	5.51823513541841	1
X2911522	-5.89393784426351	-2.39205210967551	-6.21447652934575	2.71259079475771	1
X2911523	2.73566944481725	1.38505187976824	-2.00664659165758	3.35726415670657	1
X2911524	-10.3967056837735	1.33840046796601	-8.81000099476487	-2.92510515697459	1
X2911525	-18.6493771010552	0.843650776415254	-21.3513138124416	1.85828593497114	1
X2911526	-0.397276906795863	0.567750648098994	-7.38828933182763	6.42326177693277	1
X2911527	-11.388033979425	-2.68428036154958	-2.81702123239607	-5.88673238547932	1
X2911528	-19.1215884519517	-2.52624884430912	-20.6879069144699	4.09256730682733	1
X2911529	2.68864084899754	-1.36239121018089	5.97359985289547	-1.92256779371704	1
X2911530	10.0523899525587	0.0233393766017594	5.24920595247473	4.7798446234823	1
X2911531	-37.9091747846833	1.09500052867798	-39.6741424243541	0.669967110992892	1
X2911532	-27.474202063673	-2.73451692825215	-20.1591382782163	-4.5805468572045	1
X2911533	38.2389291696816	-3.42171300917012	30.7972139440354	10.8634282348163	1
X2911534	-24.8321892805061	0.683433189301614	-23.2173622564555	-2.29826021335223	1
X2911535	5.28173228445781	0.567750648098994	5.65813813532649	-0.944156498967726	1
X2911536	-13.8982959188569	1.98828559565474	-21.7988281886178	5.91224667410612	1
X2911537	28.1854327307301	0.989757871325949	18.1112685734354	9.0844062859688	1
X2911538	-10.3961927905472	-1.24544456978336	-11.4778599766486	2.32711175588469	1
X2911539	6.27390156631921	-2.90384645282179	11.2681625422421	-2.09041452310105	1
X2911540	-10.7550653467357	0.989757871325949	-13.9997926680458	2.2549694499842	1
X2911541	-6.84994115614049	3.55652287278132	-21.1463943884616	10.7399303595398	1
X2911542	-12.1914972555036	4.09391709321674	-15.3332024433277	-0.952211905392625	1
X2911543	-6.82383800206921	2.6092618342859	-16.7369459995038	7.30384616314864	1
X2911544	-17.4148089328592	1.28946829009786	-22.078500780675	3.37422355771793	1
X2911545	-1.71950252909819	2.6092618342859	-8.42786766828217	4.09910330489808	1
X2911546	-14.2662716817592	1.96784252759733	-15.6765902690825	-0.557523940274043	1
X2911547	9.81716707644795	3.55652287278132	-4.13297544993321	10.3936196535999	1
X2911548	17.3939123963693	-2.89172762268332	16.3166867604471	3.96895325860552	1
X2911549	-11.846390644712	0.705953936958907	-10.9666314684406	-1.58571311323038	1
X2911550	-22.0976822829733	0.54921871488187	-26.9981393874023	4.35123838954708	1
X2911551	-10.6544709828721	3.35828092865972	-18.6783238634782	4.66557195194642	1
X2911552	-1.64163358544694	-3.50748084839309	-0.328605558295859	2.19445282124204	1
X2911553	21.1668076587	1.07653190600635	16.902117201006	3.18815855168783	1
X2911554	23.499870809545	-0.00828402149500407	8.80788264812318	14.7002721829169	1
X2911555	-18.3827937853579	0.927471012862815	-24.8080235276551	5.49775872943444	1
X2911556	-13.7693707299664	0.209227515542246	-9.06782472927937	-4.91077351622927	1
X2911557	-1.81063937688493	3.35828092865972	-9.1373084065543	3.96838810100968	1
X2911558	-6.54961176388272	0.395115654482732	3.89394702763422	-10.8386744459997	1
X2911559	-14.3592702772667	1.64766144801854	-23.7719995979754	7.7650678726902	1
X2911560	20.3123892788643	2.83861055341387	16.0329843811421	1.44079434430848	1
X2911561	13.8648812585195	0.565747340352439	10.1945594309795	3.10457448718768	1
X2911562	14.5099897092848	1.20768435227379	10.7319912230099	2.57031413400112	1
X2911563	-12.6113850402931	4.09391709321674	-21.3352451992754	4.62994306576548	1
X2911564	-1.58855933800417	0.927471012862815	-0.823641888016113	-1.69238846285082	1
X2911565	19.9202956202009	2.88095890799236	10.0158466870079	7.02349002520067	1
X2911566	6.85649790226453	3.65897406637022	-0.0144409866785402	3.21196482257287	1
X2911567	19.0652652522346	3.65897406637022	9.13995484861002	6.26633633725435	1
X2911568	-40.4956424720834	4.22367194374898	-47.0496340535976	2.33031963776523	1
X2911569	-4.44127463193902	0.498305702878617	-3.84582446008933	-1.09375587472834	1
X2911570	-17.8754867506952	1.77028822710965	-12.441639363752	-7.20413561405285	1
X2911571	29.6398375646229	-3.01818405711088	31.4041024204307	1.25391920130308	1
X2911572	15.7311435298268	-2.24415620109708	21.4681000678422	-3.49280033691825	1
X2911573	21.8410513754743	3.4748136377397	21.8651957774052	-3.49895803967059	1
X2911574	7.77162560744268	0.989757871325949	15.8505477737815	-9.06868003766479	1
X2911575	19.3722686276412	-1.80403204064459	11.2171807607217	9.95911990756401	1
X2911576	-2.38350421476314	0.989757871325949	-3.32006957461611	-0.0531925114729865	1
X2911577	7.84697187797637	-3.42171300917012	12.7255604034505	-1.45687551630406	1
X2911578	-1.36477756134495	4.65101956405131	-6.931514367504	0.915717242107743	1
X2911579	-3.58354548801319	1.19401169145116	-4.18868950227545	-0.588867677188913	1
X2911580	10.1647197908332	0.395115654482732	19.3164757750558	-9.54687163870546	1
X2911581	2.14739676709856	3.39165918080326	2.3407915076423	-3.58505392134702	1
X2911582	6.60224027851715	0.649534585923065	6.57196656323314	-0.61926087063904	1
X2911583	2.63868523263923	-2.90384645282179	3.03561086886225	2.5069208165988	1
X2911584	13.8550236343102	-2.52624884430912	15.5685383067703	0.812734171848923	1
X2911585	25.3183491785383	0.294437032322243	31.4270918495494	-6.40317970333334	1
X2911586	13.6630651514044	-1.76608698885127	19.7601384746282	-4.33098633437253	1
X2911587	-20.2056163430945	-1.9940056328296	-19.4490615041213	1.23745079385638	1
X2911588	6.54878828766871	-0.965545275517936	7.94461308022574	-0.430279517039152	1
X2911589	9.09209835100906	-1.33718866325367	17.1466343495366	-6.71734733527385	1
X2911590	-10.6030944368083	-2.32856454114847	-19.4292179175653	11.1546880219054	1
X2911591	2.97939380090227	0.943971393358152	2.0080108565711	0.0274115509730166	1
X2911592	5.67763611867995	0.688515340277282	2.88519063238966	2.10393014601298	1
X2911593	37.9255567466519	-1.78568848631356	39.7650268262786	-0.053781593313226	1
X2911594	14.048135616763	-0.444902856450023	9.91137177692977	4.5816666962832	1
X2911595	18.1701312348344	0.264138116089791	15.250139710583	2.65585340816159	1
X2911596	-21.1720295659172	0.688515340277282	-17.6817573769154	-4.17878752927901	1
X2911597	32.3316458084039	4.22367194374898	27.1944888482892	0.913485016365718	1
X2911598	6.51789345571922	1.97157831761544	10.5968014033883	-6.05048626528454	1
X2911599	11.3555786539671	1.33622003503526	14.8048108554129	-4.78545223648119	1
X2911600	-16.089836115388	1.05204472978908	-20.1049880245927	2.96310717941551	1
X2911601	-21.466923405629	0.594463862883656	-26.9260046851019	4.86461741658924	1
X2911602	-13.3905830864662	0.594463862883656	-6.85821052870522	-7.12683642064461	1
X2911603	-8.50428469002287	4.22367194374898	-17.0291995446845	4.30124291091262	1
X2911604	-1.56699915527586	1.21560793325754	0.503878456425358	-3.28648554495875	1
X2911605	10.4309033680494	4.32374532160396	0.47221213797155	5.63494590847393	1
X2911606	-10.6219880556245	1.77028822710965	-14.3164636384505	1.92418735571637	1
X2911607	13.0442148968438	0.594463862883656	13.7718469089661	-1.32209587500589	1
X2911608	-9.82743833914552	0.383869299591571	-11.2763023669172	1.06499472818008	1
X2911609	3.73276756323246	3.55652287278132	5.41177246616663	-5.23552777571545	1
X2911610	6.71807451321777	3.80491136489566	6.0396049064913	-3.12644175816923	1
X2911611	18.902692273073	0.986766730770891	12.9750136798999	4.94091186240216	1
X2911612	11.5896027385146	0.383869299591571	15.2552335475234	-4.04950010860047	1
X2911613	-13.0578847995655	0.383869299591571	-7.04454200547527	-6.39721209368179	1
X2911614	10.9897484255198	3.23763672162146	6.10431182806802	1.64779987583037	1
X2911615	13.5550831330493	-2.48282288075307	17.7842570767314	-1.74635106292905	1
X2911616	-1.80687564052645	-2.90384645282179	13.6304806336035	-12.5335098213081	1
X2911617	-9.98597624261189	3.42695885442001	-4.17449455707934	-9.23844053995256	1
X2911618	17.1896277404367	0.264138116089791	25.6085065474271	-8.68301692308025	1
X2911619	-8.33063142344702	1.77028822710965	-0.0923108536228163	-10.0086087969339	1
X2911620	-15.8720814123806	-2.81918169053697	-6.480024257865	-6.57287546397861	1
X2911621	12.855329517347	-1.76128689187551	6.32108012585881	8.29553628336374	1
X2911622	15.4829919189521	0.989757871325949	8.7202248135566	5.77300923406944	1
X2911623	-4.94739265341914	4.44611717687351	-9.04653771063267	-0.34697211965998	1
X2911624	36.2457471198421	-2.367595147014	42.902211153987	-4.28886888713082	1
X2911625	-15.5008601559346	-3.26724918396448	-9.04560213040183	-3.18800884156829	1
X2911626	-14.0155932923416	0.594463862883656	-4.06830882888605	-10.5417483263392	1
X2911627	-22.3360075064834	-2.90384645282179	-17.3274051674907	-2.1047558861709	1
X2911628	19.0361621370145	-0.147292309267947	20.5300147957387	-1.34656034945622	1
X2911629	2.01334043286275	-2.50958326200137	6.43725239589991	-1.91432870103581	1
X2911630	-5.58817316786426	4.026384900939	-10.5336868434093	0.919128774606054	1
X2911631	8.77508617631561	5.2097071658765	1.73774981347813	1.82762919696095	1
X2911632	-22.4855056799413	-2.81918169053697	-21.2206272059753	1.55430321657091	1
X2911633	10.0653718331034	0.358444488326313	13.1969603066583	-3.49003296188111	1
X2911634	2.85117065092362	3.55652287278132	-1.52426759506842	0.818915373210731	1
X2911635	11.3440826880039	-2.367595147014	15.5088626460216	-1.79718481100382	1
X2911636	-24.493759033044	-0.147292309267947	-14.5831557055016	-9.76331101827449	1
X2911637	19.2365978704212	-2.88916954006639	6.46427165255237	15.6614957579351	1
X2911638	0.718832237560704	3.82555442363821	-0.208135495478757	-2.89858669059878	1
X2911639	13.454653217081	-3.26724918396448	19.5816699435447	-2.85976754249926	1
X2911640	7.93235186471873	-0.147292309267947	1.62130194504116	6.45834222894556	1
X2911641	18.6660213752822	0.0863319452740285	14.6931889530002	3.8865004770079	1
X2911642	26.7660608413957	-2.367595147014	14.0694271463424	15.0642288420672	1
X2911643	1.53333290748058	-2.96617273737894	0.598166007592933	3.90133963726659	1
X2911644	12.7455066376555	-2.24415620109708	8.82321392623144	6.16644891252107	1
X2911645	-0.725593869535835	-2.24415620109708	-7.27833848316239	8.79690081472364	1
X2911646	-16.6176202750144	0.0750410555864995	-18.9052889659723	2.21262763537142	1
X2911647	-26.5477454522853	0.567750648098994	-22.7122785966496	-4.40321750373466	1
X2911648	3.90300974449237	-1.9940056328296	14.2965214567037	-8.39950607938178	1
X2911649	-6.66571735978225	0.457010723704056	-1.32770727259412	-5.79502081089211	1
X2911650	-17.0768468318734	-2.07792644064996	-16.1881309563594	1.18921056513597	1
X2911651	23.9969981133587	3.42695885442001	21.6640010650086	-1.09396180606991	1
X2911652	35.3183062247108	-1.24544456978336	39.0004277943202	-2.43667699982606	1
X2911653	-3.32413300266061	2.06631652426433	3.27172261703082	-8.66217214395578	1
X2911654	20.277348479944	0.0637501658989708	22.7096079607637	-2.49600964671859	1
X2911655	-6.1165138951238	0.65510431442839	-6.17870986707638	-0.592908342475788	1
X2911656	1.69692979774207	-1.24544456978336	5.45951540491899	-2.51714103739357	1
X2911657	18.3689850676357	-2.48282288075307	17.9667350097549	2.8850729386339	1
X2911658	-31.8727648473043	1.64766144801854	-38.9137870453955	5.39336075007261	1
X2911659	-9.27242620836449	-3.49316408910239	-6.94404885172627	1.16478673246413	1
X2911660	-28.6774338409746	-2.54044372167911	-14.1759259234881	-11.9610641958073	1
X2911661	-32.0204041037282	-2.42993632169449	-36.8548992691201	7.26443148708651	1
X2911662	17.1651256478499	-1.48370241327422	16.2174539173941	2.43137414373002	1
X2911663	-0.046248374690677	-2.62616303302489	6.78157021838081	-4.20165556004661	1
X2911664	-15.0464160684775	0.0750410555864995	-12.5585401784858	-2.5629169455782	1
X2911665	6.89763249417224	0.683433189301614	6.44795739959865	-0.233758094728091	1
X2911666	27.4657426445787	-2.54044372167911	24.924365697963	5.08182066829472	1
X2911667	-13.7318332966862	0.395115654482732	-15.0971823079354	0.970233356766463	1
X2911668	1.06522327508881	-3.26724918396448	4.07026136380068	0.262211095252594	1
X2911669	0.71977146531508	-3.18217109978006	-5.8395194538997	9.74146201899487	1
X2911670	23.1945832024367	-2.81918169053697	16.1759395973438	9.83782529562977	1
X2911671	21.1112089798899	0.565747340352439	15.3965274179702	5.14893422156724	1
X2911672	7.85843202049709	-0.147292309267947	10.9513097248134	-2.94558539504837	1
X2911673	8.92270135564269	-2.39205210967551	3.11075074581444	8.20400271950378	1
X2911674	-7.66783506235483	-2.62616303302489	3.62862742162035	-8.6702994509503	1
X2911675	-19.2480953321849	2.92111384164632	-28.4826603520723	6.31345117824105	1
X2911676	-13.2702430398693	3.23763672162146	-9.16791114366247	-7.33996861782834	1
X2911677	1.32103774047442	0.498305702878617	1.14855086906934	-0.325818831473476	1
X2911678	16.2701924351148	2.83861055341387	17.0304988414757	-3.59891695977482	1
X2911679	-9.27662317576968	1.07653190600635	-10.2479902008244	-0.105164880951614	1
X2911680	-12.4044943015634	0.209227515542246	-22.4451824490425	9.83146063193691	1
X2911681	7.69856451171297	-0.0402518063578948	5.69188859107115	2.04692772699962	1
X2911682	-2.98881157056134	0.395115654482732	0.923808846891976	-4.30773607193605	1
X2911683	-8.4950767981973	0.498305702878617	-10.8954414552275	1.9020589541516	1
X2911684	0.720634939770111	0.264138116089791	8.29840877985894	-7.84191195617865	1
X2911685	-3.05163534389522	4.22367194374898	-17.3486438666698	10.0733365790256	1
X2911686	26.7960616840563	-2.05299378662381	35.3947153150134	-6.54565984433336	1
X2911687	10.9485157874855	0.927471012862815	5.37718072678244	4.64386404784026	1
X2911688	5.30992969393698	2.08075008297641	3.29366293372544	-0.0644833227649297	1
X2911689	-2.32086323095195	-2.05299378662381	0.464871110332901	-0.732740554661027	1
X2911690	7.1251366116388	-2.24415620109708	12.1409781867486	-2.77168537401272	1
X2911691	-10.7865334586493	3.65897406637022	-15.1258505127903	0.680342987770694	1
X2911692	7.82966580021618	3.91313064048821	2.25337666300531	1.66315849672267	1
X2911693	-1.61299045197999	3.84613663678628	-3.87958160653453	-1.57954548223178	1
X2911694	-7.02445918510547	0.0863319452740285	3.56516028353369	-10.6759514139132	1
X2911695	5.29361115728368	0.567750648098994	4.65747831705102	0.0683821921336441	1
X2911696	21.1113084675554	2.44967479242329	19.3154476747686	-0.653813999636554	1
X2911697	-30.7465419730284	1.09500052867798	-28.1564220911526	-3.68512041055376	1
X2911698	-30.8670282370996	0.986766730770891	-26.6588338280002	-5.19496113987037	1
X2911699	-19.8882091104993	-2.06166728656934	-19.9873189728144	2.16077714888444	1
X2911700	-28.3190251046294	0.688515340277282	-28.1104220156608	-0.897118429245884	1
X2911701	-43.8275833943325	3.5360386135672	-44.6859652931674	-2.67765671473231	1
X2911702	-20.6642848518271	-2.81918169053697	-9.68748276707633	-8.1576203942138	1
X2911703	-11.4625637624523	2.80156913970256	-12.4920389506814	-1.77209395147342	1
X2911704	-20.7688249938189	2.62247525033793	-17.5401796463271	-5.85112059782974	1
X2911705	12.9582417654463	3.50271454421014	9.99656618687986	-0.541038965643727	1
X2911706	-23.4356385194419	0.264138116089791	-18.7882262860455	-4.91155034948626	1
X2911707	1.45938410192143	2.74973235747337	7.3826035298211	-8.67295178537301	1
X2911708	-11.7848120154186	-0.147292309267947	-18.5714416044727	6.933921898322	1
X2911709	2.92104885976713	-0.14056879164132	8.78400664582482	-5.7223889944164	1
X2911710	6.50952678659907	-2.62616303302489	-1.22744450963723	10.3631343292612	1
X2911711	5.62055738077957	0.683433189301614	6.84934003771191	-1.91221584623394	1
X2911712	3.90557600933839	-0.14056879164132	-0.723007480856595	4.76915228183625	1
X2911713	20.6586338729753	0.695796395954531	19.4540538319214	0.508783645099373	1
X2911714	-24.6226583531321	1.58180040725405	-21.6724118876442	-4.53204687274202	1
X2911715	-9.70690848092493	0.395115654482732	-6.3684329821474	-3.73359115326027	1
X2911716	-18.7818045071196	3.46695453066747	-11.7002420247292	-10.5485170130579	1
X2911717	33.7560764481851	0.425834135024994	28.7252337680334	4.60500854512669	1
X2911718	-36.2653555199888	0.505548762675826	-33.6544647939072	-3.1164394887575	1
X2911719	-29.3243264057738	2.66508194841323	-33.3740190117158	1.38461065752878	1
X2911720	4.35624397988645	3.76208351354876	8.39486059100211	-7.80070012466442	1
X2911721	11.1292591856053	2.29145047855077	5.5027278754542	3.33508083160035	1
X2911722	-3.1768962063767	0.425834135024994	-5.73483844394433	2.13210810254264	1
X2911723	-0.589501258756215	3.22208430407084	1.84386905168958	-5.65545461451667	1
X2911724	31.5150546433254	2.72999831558603	30.2206636935881	-1.43560736584861	1
X2911725	-5.46044143242906	2.74973235747337	-4.34345000662733	-3.8667237832751	1
X2911726	0.930429532536383	0.986766730770891	-1.22906634994445	1.17272915170992	1
X2911727	4.61664616343661	-2.367595147014	10.9601672700837	-3.97592595963309	1
X2911728	7.09442864944302	0.957149452378263	7.24214938382403	-1.10487018675927	1
X2911729	3.5327493370656	-1.69839657754166	3.91804236482507	1.31310354978215	1
X2911730	23.8261642769519	0.207280577707094	22.8187762882229	0.800107411021877	1
X2911731	21.8701912304115	0.594463862883656	19.6096188154914	1.66610855203645	1
X2911732	-33.2868199019343	-1.30235339880831	-23.2741790572925	-8.71028744583352	1
X2911733	25.2901091783487	-1.85362015997268	27.7265644226525	-0.58283508433108	1
X2911734	-5.46873407571813	-1.80403204064459	-0.877090501213719	-2.78761153385982	1
X2911735	-29.8120294735194	0.338047756053506	-27.1877662570986	-2.9623109724743	1
X2911736	-31.4020651106985	0.207280577707094	-30.2639528400487	-1.3453928483569	1
X2911737	-81.0741627174179	-1.85362015997268	-72.3874321282838	-6.83311042916143	1
X2911738	7.14744232640891	0.395115654482732	4.95171075132079	1.80061592060539	1
X2911739	28.8580648595091	-0.147292309267947	33.3134796614857	-4.30812249270845	1
X2911740	-6.76436410396019	-2.02479280220003	-8.12962269049049	3.39005138873032	1
X2911741	-18.0568785370746	0.716476610795205	-17.509172642899	-1.2641825049708	1
X2911742	-3.34534976328759	2.62247525033793	10.6930513531312	-16.6608763667566	1
X2911743	-0.631161616422943	0.358444488326313	-2.91059056441618	1.92098445966695	1
X2911744	-19.8093152263322	2.74973235747337	-23.2702591533521	0.711211569546498	1
X2911745	-6.31873728881894	-0.286300597040889	-14.5205133402632	8.48807664848517	1
X2911746	-13.1672911054677	1.09500052867798	-16.6349463844116	2.37265475026597	1
X2911747	15.9214656790312	-2.1937111416297	9.62653890493191	8.48863791572893	1
X2911748	4.64823013058755	1.96784252759733	5.17502300631157	-2.49463540332131	1
X2911749	7.99481847513716	2.6092618342859	9.85769771083821	-4.472141069987	1
X2911750	-17.8667926875241	-3.49316408910239	-13.6100273414114	-0.763601257010268	1
X2911751	-16.7038235818696	-2.367595147014	-16.9506766730318	2.61444823817629	1
X2911752	-2.58374717517389	1.05204472978908	-3.81792378053457	0.18213187557162	1
X2911753	-27.7259765668944	-3.50748084839309	-24.2348009341604	0.0163052156589854	1
X2911754	19.5542671170349	0.250583595497235	19.1092573149861	0.194426206551686	1
X2911755	-16.2584143629548	-2.62256136692376	-7.60544699319562	-6.03040600283546	1
X2911756	6.62068277789506	0.358444488326313	9.91132419071867	-3.64908590115001	1
X2911757	3.55542198091503	-2.32856454114847	7.67825881397936	-1.79427229191587	1
X2911758	13.52337445846	0.975942497886354	14.4779091488145	-1.93047718824091	1
X2911759	23.7925477350077	0.498305702878617	16.6708785274263	6.62336350470269	1
X2911760	17.123180094821	-3.49316408910239	10.2814050527527	10.3349391311707	1
X2911761	-14.8274385691582	-2.367595147014	-5.85142845394122	-6.60841496820303	1
X2911762	15.5370331662062	-2.62616303302489	12.1454551643714	6.01774103485982	1
X2911763	-22.0931892518403	0.981647148060219	-15.2763733375982	-7.79846306230232	1
X2911764	-20.9995536364488	-0.00828402149500407	-26.3366443921568	5.34537477720299	1
X2911765	-2.74694051755087	-3.26724918396448	-2.56752530799711	3.08783397441076	1
X2911766	8.78748271045419	-2.25236741327494	5.08641470559194	5.95343541813725	1
X2911767	-24.6541799185171	0.0750410555864995	-23.7067071956792	-1.02251377842433	1
X2911768	-3.46668283379589	-2.90384645282179	-0.740027373294151	0.177190992319996	1
X2911769	-28.562413006545	2.74973235747337	-34.2617754782975	2.94963011427916	1
X2911770	-27.0563685239985	2.58001843286749	-35.6893220335997	6.05293507673374	1
X2911771	16.9150481132488	0.395115654482732	4.50394325696219	12.0159892018038	1
X2911772	-12.8395586992324	-2.90384645282179	-13.0649191989082	3.12920695249752	1
X2911773	-21.519265856616	0.505548762675826	-29.5359640291245	7.51114940983268	1
X2911774	10.7554302549302	-0.286300597040889	5.51876958760399	5.52296126436712	1
X2911775	31.6080301092797	-2.32615578687571	21.3343479412691	12.5998379548863	1
X2911776	-10.708484379242	0.207280577707094	-5.38286919711113	-5.53289575983793	1
X2911777	11.8089940112867	-0.147292309267947	10.355210981463	1.6010753390917	1
X2911778	-0.366400771160162	-2.06166728656934	3.73391825252976	-2.0386517371206	1
X2911779	-3.32987990718816	-0.593899887680931	-0.804291194649736	-1.93168882485756	1
X2911780	-29.3865183757089	-2.37195409126656	-20.1112978305401	-6.90326645390215	1
X2911781	11.308734805241	1.07653190600635	16.4015909545631	-6.16938805532843	1
X2911782	-1.95304048964041	-1.80403204064459	1.43155280723748	-1.58056125623328	1
X2911783	-4.14274916879635	-2.62616303302489	0.51585801902802	-2.03244415479947	1
X2911784	6.23850637121358	-2.13088253268086	14.9296149651565	-6.56022606126207	1
X2911785	19.9158157038642	1.09500052867798	17.2144102388765	1.60640493630968	1
X2911786	15.5009619396844	-2.37195409126656	12.1220634529352	5.75085257801567	1
X2911787	-5.64425204596065	0.264138116089791	-0.866864443429115	-5.0415257186213	1
X2911788	-12.8438179086422	0.723193177097047	-11.7466241143224	-1.82038697141675	1
X2911789	12.7150483276304	0.594463862883656	7.66024583768791	4.46033862705889	1
X2911790	-2.50999052772045	0.926273780655742	1.49362004225058	-4.92988435062677	1
X2911791	6.38615688348492	0.358444488326313	14.3756752446286	-8.34796284946994	1
X2911792	-11.0056750991272	0.683433189301614	-8.31531849039182	-3.37378979803702	1
X2911793	-5.32469223062549	2.89020288066083	-0.532502966909771	-7.68239214437655	1
X2911794	-15.7531547069544	-2.32856454114847	-11.2337032318302	-2.19088693397568	1
X2911795	-45.6883078181191	0.567750648098994	-46.917576817701	0.661518351482925	1
X2911796	14.2934265271788	3.75590232630292	11.2739263256109	-0.736402124735096	1
X2911797	16.1859503571546	-2.90384645282179	20.3400634093428	-1.25026659936645	1
X2911798	0.424857678799185	3.23763672162146	-5.82368061790385	3.01090157508159	1
X2911799	-17.7269771788144	-0.286300597040889	-21.4844397385112	4.04376315673766	1
X2911800	-38.0496971171072	-0.286300597040889	-39.5986986311345	1.83530211106806	1
X2911801	-40.8623609876066	-2.54044372167911	-35.6512757215948	-2.6706415443328	1
X2911802	-11.6484900668034	2.74973235747337	-13.8882669385478	-0.509955485728973	1
X2911803	-15.9067212918833	-0.286300597040889	-15.1258372569536	-0.494583437888756	1
X2911804	-24.092121973564	-1.24544456978336	-23.0773596597444	0.230682255963699	1
X2911805	-20.008484154355	-2.05285143939722	-13.7994474307646	-4.15618528419324	1
X2911806	-18.7179244182674	-2.11592507306247	-16.303547339685	-0.298452005519904	1
X2911807	6.32558906689845	0.205796984325099	1.34667278542213	4.77311929715124	1
X2911808	-7.60913309616998	0.491062643081409	-11.7904547640232	3.69025902477178	1
X2911809	2.22555171076095	-2.60766266347105	-0.966651002130323	5.79986537636229	1
X2911810	18.9434666239946	-2.37195409126656	19.1376812746203	2.17773944064086	1
X2911811	5.5425395840666	-2.2931753780877	6.50381680629494	1.33189815585935	1
X2911812	-13.9433976644624	-2.32615578687571	-7.90945803449794	-3.70778384308874	1
X2911813	10.1484578477925	-2.39205210967551	8.61682519847004	3.92368475899791	1
X2911814	5.87892001023134	-2.39614363640512	8.24564214171297	0.0294215049234285	1
X2911815	29.1075332232495	-1.57084252339586	27.8206346640516	2.85774108259367	1
X2911816	21.4304381636559	3.65897406637022	17.7670822814652	0.00438181582050845	1
X2911817	12.9815704217911	0.209227515542246	4.39729716660083	8.37504573964808	1
X2911818	12.9102525684638	2.83861055341387	11.6147985165419	-1.54315650149191	1
X2911819	-34.7936303318596	0.0637501658989708	-33.0448361481275	-1.81254434963107	1
X2911820	-26.7847293144345	0.0637501658989708	-23.651452091773	-3.19702738856041	1
X2911821	-11.0013641981834	0.358444488326313	-8.71313620444816	-2.64667248206151	1
X2911822	1.58351980875599	3.87058095747648	4.77649036773104	-7.06355151645153	1
X2911823	19.5936561834163	2.83861055341387	10.5537614909908	6.20128413901173	1
X2911824	43.9224192553228	2.75610726518141	38.8209298053091	2.34538218483233	1
X2911825	15.662464893869	1.09500052867798	20.797409814541	-6.22994544934991	1
X2911826	-36.5830335027154	-2.367595147014	-18.9609424321788	-15.2544959235226	1
X2911827	-24.8952364780985	-2.367595147014	-20.1356697008503	-2.39197163023424	1
X2911828	-1.11132809032311	0.850271281509141	-3.60583472703529	1.64423535520302	1
X2911829	8.67119516886905	-2.24415620109708	3.42241463565436	7.49293673431175	1
X2911830	12.6365540255595	0.264138116089791	10.3538651079207	2.01855080154912	1
X2911831	9.91590531123369	0.688515340277282	9.81323211409416	-0.585842143137694	1
X2911832	-14.4428388950176	-2.90384645282179	-11.0590759017147	-0.479916540481174	1
X2911833	0.873966373871593	-2.25236741327494	6.38446528261033	-3.25813149546379	1
X2911834	-10.5322481863075	0.207280577707094	-0.690386524652784	-10.0491422393618	1
X2911835	11.5881718048216	0.927471012862815	13.9946820942031	-3.33398130224427	1
X2911836	9.07797127003842	-1.92139856024371	18.0960349724792	-7.0966651421971	1
X2911837	-30.65556774805	0.594463862883656	-21.0810132850896	-10.1690183258441	1
X2911838	35.6582017681018	-2.81918169053697	47.2945410167773	-8.8171575581384	1
X2911839	-11.2285584463493	-1.80403204064459	-10.5510228776515	1.12649647194673	1
X2911840	18.5137900492418	0.594463862883656	16.8630075239758	1.05631866238236	1
X2911841	-21.2958060847305	-1.72132134368261	-8.09046219043665	-11.4840225506112	1
X2911842	-34.1499741197489	0.395115654482732	-23.1011892078142	-11.4439005664174	1
X2911843	-18.4303386897459	-2.13088253268086	-20.0515159204871	3.75205976342201	1
X2911844	1.97222733347988	-2.90384645282179	5.8580833898873	-0.982009603585633	1
X2911845	-31.2626300369973	-2.39205210967551	-23.0533073312184	-5.81727059610341	1
X2911846	5.4782202119892	-2.81918169053697	15.1382389425834	-6.84083704005718	1
X2911847	-32.7874268310027	-2.38154000854807	-23.0696343608436	-7.33625246161106	1
X2911848	-62.3503921725833	-1.48370241327422	-58.7245298949801	-2.14215986432897	1
X2911849	7.05746809126653	-2.90384645282179	23.5109534509236	-13.5496389068352	1
X2911850	4.41437325196718	0.0617846622242356	7.27984094355343	-2.92725235381061	1
X2911851	31.7169085518081	0.700861752455076	32.9382522832664	-1.92220548391338	1
X2911852	-37.8290922673744	-1.69839657754166	-28.6105743148117	-7.52012137502102	1
X2911853	0.58961970035806	-2.25236741327494	8.98469288971782	-6.1427057760848	1
X2911854	24.602767087745	0.250583595497235	27.9773454637092	-3.62516197146129	1
X2911855	4.85332838169015	2.66508194841323	8.47088787958244	-6.28264144630548	1
X2911856	-15.0260930748395	5.28395117938293	-1.72202839703807	-18.5880158571844	1
X2911857	-7.96082858220935	0.594463862883656	-11.6471032056346	3.09181076054157	1
X2911858	-10.9128720785916	4.39683429109411	-14.3758460797418	-0.933860289943909	1
X2911859	-22.9213936782338	3.55652287278132	-16.5085992553354	-9.96931729567976	1
X2911860	7.17124265091806	2.66692856868912	6.72671369522659	-2.22239961299765	1
X2911861	15.1555085221357	1.78074229720823	16.688204455531	-3.31343823060344	1
X2911862	3.35657737897377	0.250583595497235	-1.96945682707087	5.07545061054745	1
X2911863	8.83489190475135	-3.01818405711088	4.14557581096836	7.70750015089387	1
X2911864	-36.153407104648	0.250583595497235	-28.6243207538618	-7.77966994628342	1
X2911865	-23.0937732846612	0.197316064392007	-27.6368299450593	4.3457405960061	1
X2911866	-16.2908292055961	-2.33009174150292	-24.6321162177549	10.6713787536617	1
X2911867	-10.6475196479498	0.0750410555864995	-16.0446732554515	5.3221125519152	1
X2911868	1.88107214878625	-2.33009174150292	-3.44604896131757	7.65721285160676	1
X2911869	8.82178612913564	-2.52624884430912	5.74713902988438	5.60089594356039	1
X2911870	-12.4089251356166	0.0283736363753432	-7.15069885065073	-5.28659992134118	1
X2911871	-5.91421566727043	1.96784252759733	-2.51987497271724	-5.36218322215051	1
X2911872	27.1664616455348	0.716476610795205	21.6982611488826	4.75172388585707	1
X2911873	17.3944535344535	4.22367194374898	13.2376769273142	-0.0668953366096963	1
X2911874	12.4819256236018	0.209227515542246	11.3728900289948	0.899808079064636	1
X2911875	1.51907900103425	-1.9940056328296	6.5239355334725	-3.01085089960866	1
X2911876	-10.8390665345278	2.62247525033793	-13.5785607477935	0.11701896292777	1
X2911877	10.8365327163812	0.197316064392007	5.9042581917312	4.73495846025799	1
X2911878	1.5967391501985	-0.286300597040889	1.64825218610546	0.234787561133966	1
X2911879	-9.22475378570228	0.358444488326313	-6.70707520390315	-2.87612307012544	1
X2911880	-8.28631345155047	3.65897406637022	-17.214998624143	5.26971110622227	1
X2911881	-14.998705112334	2.74973235747337	-18.7796576633801	1.03122019357279	1
X2911882	-7.14737584079202	0.564189132523135	-7.55796927980443	-0.153595693510713	1
X2911883	-3.81773104737091	0.564189132523135	-0.0216025486958955	-4.36031763119815	1
X2911884	-10.1547670424633	0.594463862883656	0.999656284411977	-11.7488871897589	1
X2911885	2.77618178694161	-2.32615578687571	2.18631968563958	2.91601788817772	1
X2911886	-1.6783689776771	-2.92105645092259	-6.89485093704072	8.13753841028623	1
X2911887	-6.52737626112134	1.70530347527754	-13.9059961332149	5.67331639681604	1
X2911888	13.6945560485341	-2.13088253268086	10.7237455387218	5.10169304249313	1
X2911889	-1.31115506161011	-2.23669815501989	1.78762349250378	-0.862080399093992	1
X2911890	-9.11679207581522	-2.34441598691893	-1.04422499378238	-5.72815109511391	1
X2911891	2.03598976415739	-2.15822041928791	1.70056937577736	2.49364080766792	1
X2911892	-17.6957958378735	-1.85362015997268	-7.77584962645727	-8.06632605144359	1
X2911893	-33.6817057431058	0.649534585923065	-34.5921035812598	0.260863252230919	1
X2911894	1.59930114430472	0.209227515542246	2.15514416671562	-0.765070537953118	1
X2911895	-5.55995790667363	1.35076367461893	-3.89720201724469	-3.01351956404788	1
X2911896	-5.13479145330688	0.0750410555864995	-8.61390337841558	3.40407086952224	1
X2911897	-11.0777614853054	0.207280577707094	1.48353019222096	-12.7685722552334	1
X2911898	-5.92923726301166	1.96784252759733	2.29613311985862	-10.1932129104675	1
X2911899	-8.23825352807802	0.564189132523135	-1.65910309290692	-7.1433395676942	1
X2911900	-32.0492604947078	2.72908929873082	-30.0845336851407	-4.69381610829796	1
X2911901	6.67008433448224	2.06631652426433	21.6698644590006	-17.0660966487827	1
X2911902	37.5984800047238	-1.50195532771847	34.7235258847753	4.37690944766693	1
X2911903	1.05007568756753	-2.88916954006639	2.33890826986522	1.60033695776875	1
X2911904	-10.6471631631233	-2.28517499103038	-18.7222276309994	10.3602394589065	1
X2911905	8.07195515441159	-2.88916954006639	11.9990143027841	-1.03788960830616	1
X2911906	4.32049804224179	-2.23669815501989	6.90842118973041	-0.35122499246876	1
X2911907	-11.0984187403851	-1.75106050100512	-8.97928796969466	-0.368070269685296	1
X2911908	9.77903973459017	-2.23669815501989	11.3723123574537	0.643425532156344	1
X2911909	0.181337453793443	-2.23695076465408	0.220855042709452	2.1974331757381	1
X2911910	-12.6019818370048	-2.29889539103061	-17.1391256126366	6.83603916666238	1
X2911911	-15.8075131769065	-2.367595147014	-10.1424628986212	-3.29745513127127	1
X2911912	-7.54370162695336	-2.2080176134047	-8.59084373827727	3.25515972472858	1
X2911913	6.88232435772172	-1.69839657754166	12.7835358266669	-4.2028148914035	1
X2911914	-0.681818679865174	-1.47736041310636	1.51037544876877	-0.714833715527563	1
X2911915	-14.990188957393	2.62247525033793	-17.8113964588773	0.198732251146457	1
X2911916	-5.55442183900756	0.943971393358152	-8.80004235820289	2.30164912583717	1
X2911917	-10.2167603373239	0.505548762675826	-3.48405511475981	-7.23825398523999	1
X2911918	-7.70746032175756	2.21879099003072	-14.0603461114627	4.13409479967448	1
X2911919	-19.7189710094044	-1.21634432554333	-18.8295456576743	0.326918973813163	1
X2911920	-24.2360359253425	-1.47736041310636	-20.6558779222118	-2.1027975900243	1
X2911921	17.368333026327	0.54921871488187	7.35022074382092	9.46889356762425	1
X2911922	-1.04702485168638	-2.02479280220003	1.44345498795037	-0.465687037436709	1
X2911923	-28.3674462287536	-1.72132134368261	-31.2222727341494	4.57614784907834	1
X2911924	-1.93464442689455	-1.88797495716248	2.81872175785778	-2.86539122758984	1
X2911925	-8.79878604777841	-2.25236741327494	-7.94259330649345	1.39617467198996	1
X2911926	-11.6533493053931	1.4598263712429	-14.2725473461433	1.15937166950723	1
X2911927	32.2463274864592	-2.02479280220003	36.5406179059695	-2.26949761731019	1
X2911928	-8.73323989036532	0.0617846622242356	-6.65867226734758	-2.136352285242	1
X2911929	-13.4101998787141	-2.29889539103061	-19.1898914180171	8.07858693033361	1
X2911930	-7.32602851690331	0.358444488326313	-6.48158911740601	-1.20288388782361	1
X2911931	-3.12218140048668	0.0863319452740285	-5.18506292498216	1.97654957922148	1
X2911932	-4.48471104071955	-2.07792644064996	0.772062700385863	-3.17884730045545	1
X2911933	28.8784509145289	3.91313064048821	21.0547310065265	3.91058926751425	1
X2911934	13.2190279347765	-2.12932894030907	15.2838322939019	0.0645245811836488	1
X2911935	-9.48659444604801	2.96715558426725	-2.31126521995546	-10.1424848103598	1
X2911936	-0.727122933951122	3.35828092865972	-5.02114437013981	0.935740507528922	1
X2911937	-17.2667975089581	0.564189132523135	-19.0056571032322	1.17467046175098	1
X2911938	-15.4868275083664	-0.0402518063578948	-12.1291682419267	-3.31740746008184	1
X2911939	12.9741490498282	-0.147292309267947	5.81396769757319	7.30747366152302	1
X2911940	-28.7072603980988	-2.54044372167911	-24.5498378013593	-1.61697887506044	1
X2911941	-26.4647767082785	-2.90384645282179	-20.8852880328687	-2.67564222258807	1
X2911942	-5.21850208498887	-1.36239121018089	-3.26906833535266	-0.587042539455315	1
X2911943	-20.3832001888775	-2.32615578687571	-25.2605697364816	7.2035253344798	1
X2911944	-20.0058538384602	0.497008847752675	-20.9036805171487	0.400817830935822	1
X2911945	-7.04669227281822	0.395115654482732	-5.64880252330494	-1.79300540399601	1
X2911946	-18.7973924087209	2.88095890799236	-22.9622340614689	1.28388274475564	1
X2911947	-3.98116495285695	0.989757871325949	-7.84127854175934	2.87035571757642	1
X2911948	-5.96913008600473	3.87438515569531	-10.1893449058498	0.345829664149728	1
X2911949	-15.355202716795	4.22367194374898	-15.946318044771	-3.63255661577292	1
X2911950	-12.4939768890221	4.09391709321674	-18.8559884296483	2.26809444740945	1
X2911951	-15.7439150695772	-2.367595147014	-0.915333083033566	-12.4609868395297	1
X2911952	3.11189295770953	-2.367595147014	7.45285413085015	-1.97336602612664	1
X2911953	-32.8755202761535	0.429690843129636	-31.6820231166238	-1.62318800265934	1
X2911954	-13.376963998786	-2.81918169053697	-13.4417751042037	2.88399279595469	1
X2911955	-5.45727336591468	0.209227515542246	-7.47536579559515	1.80886491413821	1
X2911956	11.7968992099043	4.09391709321674	3.08003342734384	4.62294868934373	1
X2911957	-23.0344903401427	-1.28958204405433	-21.1028173777027	-0.642090918385735	1
X2911958	-7.40917770713307	2.62247525033793	-11.8038300245613	1.77217706709023	1
X2911959	-12.0555342626596	-1.93881619246639	-13.1039301451962	2.98721207500297	1
X2911960	-18.6031112309302	-1.4816483842688	-15.1107289650214	-2.01073388163993	1
X2911961	26.9745013414947	-2.90384645282179	27.063308986716	2.8150388076007	1
X2911962	14.2563541555793	0.701447675147897	8.5548377739903	5.00006870644112	1
X2911963	-2.57737013279406	4.30537445427362	-9.75756113762364	2.87481655055595	1
X2911964	16.4765758016248	0.843650776415254	11.3990950629691	4.23382996224036	1
X2911965	24.143520224176	0.943971393358152	24.9986369403962	-1.79908810957844	1
X2911966	0.115849668557985	-0.867414504620002	1.28240406248256	-0.299139889304513	1
X2911967	-43.384437474533	0.358444488326313	-41.9674110156247	-1.77547094723467	1
X2911968	-5.22763796054302	-2.367595147014	7.18684301939815	-10.0468858329271	1
X2911969	-39.833333158022	0.395115654482732	-39.5677818955148	-0.660666916989956	1
X2911970	15.0141393058879	-2.81918169053697	9.31811130753856	8.51520968888651	1
X2911971	-18.4413450590381	1.09500052867798	-14.3270196908494	-5.20932589686663	1
X2911972	-4.38057922506621	-1.30235339880831	0.641080851320751	-3.71930667757864	1
X2911973	-11.630533302203	-1.54803329567689	-18.2694317701252	8.18693176359916	1
X2911974	-32.60290208909	-1.80403204064459	-33.2600844306754	2.46121438222999	1
X2911975	7.62312252135641	-2.25236741327494	5.37424368017002	4.50124625446128	1
X2911976	7.84530088394589	-1.92139856024371	6.54309690458024	3.22360253960938	1
X2911977	20.5286158364166	0.207280577707094	19.8089879330718	0.512347325637558	1
X2911978	0.788698995336084	0.383869299591571	-1.51510888818884	1.91993858393335	1
X2911979	-2.31976019602947	-1.30235339880831	-2.56623624116539	1.54882944394424	1
X2911980	24.2177721117063	0.338047756053506	21.7653134393765	2.11441091627625	1
X2911981	-2.82366747218167	0.814576829220472	3.86257308117689	-7.50081738257906	1
X2911982	-47.4913059620194	-0.286300597040889	-40.132063601661	-7.07294176331741	1
X2911983	2.14974385471808	0.594463862883656	11.3253569701917	-9.77007697835734	1
X2911984	-26.3534772948972	0.264138116089791	-13.9235334551767	-12.6940819558103	1
X2911985	15.754529795995	1.31328051465559	17.3998319639988	-2.95858268265938	1
X2911986	-2.01597889249445	-2.42993632169449	-3.3722471173207	3.78620454652079	1
X2911987	2.60079387715901	-3.26724918396448	3.35898526060015	2.50905780052341	1
X2911988	-5.64219769542979	-1.24544456978336	-1.72829094305626	-2.66846218259019	1
X2911989	-39.3501595241521	-1.9940056328296	-34.3964254725544	-2.95972841876815	1
X2911990	-13.9174007307632	-2.81918169053697	-12.2471428689769	1.14892382875058	1
X2911991	-16.827776650016	0.99622387396032	-22.5093581131626	4.68535758918625	1
X2911992	-14.1074373980234	0.277401560558326	-19.5177052295299	5.13286627094822	1
X2911993	-41.630597352543	0.906024147680443	-37.327527044367	-5.20909445585648	1
X2911994	-13.2231437402713	0.205796984325099	-11.3399033206241	-2.08903740397224	1
X2911995	-23.1957742838443	-0.147292309267947	-15.7073234759566	-7.34115849861977	1
X2911996	-5.35828770664342	-1.57084252339586	1.88133155367863	-5.66877673692616	1
X2911997	-3.3499328184974	-2.348479613228	3.09882922036968	-4.10028242563908	1
X2911998	-25.5383730149758	3.17863397641152	-25.2783524988979	-3.43865449248945	1
X2911999	0.940687171766008	2.79481541730259	-2.00518678182026	0.151058536283635	1
X2912000	28.9872610223825	0.497008847752675	20.6037217387018	7.886530435928	1
X2912001	37.17570145876	0.906024147680443	30.7498447744087	5.51983253667076	1
X2912002	9.36614811721716	-2.12071725518016	0.940799641111198	10.5460657312861	1
X2912003	-4.22508762278856	-2.68428036154958	-10.0725227088348	8.5317154475958	1
X2912004	-12.9679767471504	-2.32615578687571	-13.1715721822471	2.52975122197243	1
X2912005	-27.9210446002157	-0.286300597040889	-27.8944313875861	0.259687384411222	1
X2912006	-28.8412745847502	-2.24415620109708	-28.0558964894475	1.45877810579433	1
X2912007	35.733986385697	1.33840046796601	32.6823933494898	1.71319256824113	1
X2912008	-40.5650342225746	-2.42993632169449	-36.2568046922797	-1.87829320860034	1
X2912009	-9.07219112236001	-1.9940056328296	-1.6501258221793	-5.4280596673511	1
X2912010	6.45234055260155	0.0637501658989708	12.0389744110644	-5.65038402436181	1
X2912011	-28.3263329133188	0.358444488326313	-29.9567664021956	1.27198900055048	1
X2912012	-9.82308387452968	0.0405007675200091	-4.21150942654845	-5.65207521550116	1
X2912013	-5.37339740488732	-2.32856454114847	3.92277088633737	-6.96760375007623	1
X2912014	-11.2372815879653	0.565747340352439	-12.6548440585002	0.851815130182384	1
X2912015	13.1992017966227	0.0617846622242356	19.4524234234382	-6.31500628903981	1
X2912016	-38.9230905781972	-0.147292309267947	-34.6008478981463	-4.17495037078295	1
X2912017	6.10332917754637	-2.32856454114847	11.6363013760332	-3.20440765733839	1
X2912018	-14.7433478253409	0.497008847752675	-14.1817569500854	-1.05859972300813	1
X2912019	-1.76829259056792	0.264138116089791	2.23417339560412	-4.26660410226178	1
X2912020	-9.57236339681002	2.83861055341387	-11.1933107855506	-1.21766316467332	1
X2912021	9.47822657407943	-2.81918169053697	5.02781897980524	7.26958928481114	1
X2912022	-1.05962901457367	0.928609469098429	6.36666067502	-8.35489915869214	1
X2912023	-25.9696573013484	-1.36239121018089	-17.021150592576	-7.58611549859154	1
X2912024	-17.8417745361651	0.498312654203402	-12.8904627012733	-5.44962448909523	1
X2912025	17.0804139773391	0.567750648098994	14.8024823178149	1.71018101142525	1
X2912026	-5.96280203812517	0.209227515542246	-10.068854728611	3.89682517494355	1
X2912027	21.6571036395128	-2.32856454114847	20.2340629972436	3.75160518341771	1
X2912028	17.635032106336	-2.60766266347105	13.8692888168848	6.37340595292223	1
X2912029	7.26891114853896	-1.57084252339586	8.32441624845991	0.515337423474853	1
X2912030	-21.0620439933486	-0.147292309267947	-11.9187207379999	-8.99603094608072	1
X2912031	-0.664350059255192	1.09500052867798	0.450028595849158	-2.20937918378231	1
X2912032	12.4293562791003	2.83861055341387	13.1875547013948	-3.59680897570832	1
X2912033	-7.18580449050961	2.06631652426433	-3.96237443313986	-5.2897465816341	1
X2912034	18.8627434773029	3.46695453066747	16.2243804324087	-0.828591485773174	1
X2912035	-33.9760806428412	-2.367595147014	-27.5646371209858	-4.04384837484141	1
X2912036	-1.70762400192301	0.358444488326313	2.43051644717952	-4.49658493742877	1
X2912037	-28.0821261912812	-2.367595147014	-10.2299272283642	-15.484603815903	1
X2912038	13.0986228016768	-2.367595147014	15.536088288165	-0.0698703394741627	1
X2912039	-27.6396772137995	-0.286300597040889	-26.6474554695033	-0.705921147255362	1
X2912040	-19.353314554501	-2.54044372167911	-14.2761709620206	-2.53669987080132	1
X2912041	2.46809287028473	3.54421544055203	6.51734116000655	-7.5934637302739	1
X2912042	19.0363896702916	1.79488540287322	26.0585867721705	-8.81708250475212	1
X2912043	-9.96484459198374	2.6092618342859	-9.27770316544551	-3.29640326082414	1
X2912044	9.24908317316238	-3.26724918396448	16.1228379914536	-3.60650563432676	1
X2912045	14.8806749460792	-1.76608698885127	17.0444199635053	-0.397658028574855	1
X2912046	-22.9862173443387	0.688515340277282	-18.3640538907631	-5.31067879385282	1
X2912047	-2.80364290654903	2.6092618342859	0.340949205136205	-5.75385394597113	1
X2912048	-24.3733013373208	-2.06166728656934	-26.1604869153604	3.84885286460891	1
X2912049	13.5693756076317	0.564189132523135	18.0118595007833	-5.0066730256747	1
X2912050	-23.846625472542	1.09500052867798	-24.6026185565925	-0.339007444627513	1
