<Trait>	Trait_1_H2_0.9	Trait_2_H2_0.9	Trait_3_H2_0.9	Trait_4_H2_0.9	Rep
X2486568	-30.4077190400521	3.86919184441792	-21.0346940628214	-1.86856031959244	1
X2474483	39.7672689942403	1.26901477376306	38.2801402666126	13.7170224536641	1
X2487920	11.026903147176	1.90223480736233	-6.52009067047853	5.21849118651711	1
X2481206	32.5961200433131	7.58720112272186	6.08538517820266	14.8054414428767	1
X2477451	-7.54880410135978	1.33264996668024	-20.0492163043159	-1.03719535008806	1
X2433610	-69.4672514829654	0.828163718594554	-82.6127749596549	5.53173879365418	1
X2487856	29.7807679772394	6.61059157681137	-7.49003211133545	22.1103719950411	1
X2481542	18.3242827299958	-2.93464582853498	-1.19419859146332	3.74659973800152	1
X2486215	29.598701097137	-5.27714364580432	40.4288949791759	-17.9792641897654	1
X2474779	85.5018868309194	5.00352106110961	55.4738366402891	12.5384507604444	1
X2473103	42.2452450435263	-2.82595257376336	36.0806922207938	-6.19997236930491	1
X2456515	-9.55023014294469	5.1176726227481	-17.7409202167544	8.26979546361701	1
X2421470	-18.4904349674278	1.74984474667888	-8.92694572277375	-2.54853060775823	1
X2476814	-61.6944080424762	-2.00755946550586	-70.7647543623551	3.22490256095191	1
X2477712	-60.3655159943139	-5.15532924905613	-74.6118295529519	2.5312049281822	1
X2398143	-21.6145629010841	3.46268404504828	-19.9321017012442	-14.9191498106211	1
X2422994	-42.1890946765545	2.6954765344575	-45.5140532470352	16.3186281907047	1
X2443459	39.8508573027482	-1.58667540126102	33.8562232946045	3.61606855991189	1
X2434065	-43.7117704136203	2.24537144280048	-59.7263660282118	7.06205621305813	1
X2487038	38.0597328536388	2.08124497567418	24.3969844512465	11.8738474087453	1
X2389408	11.9152914355695	3.40180723819984	35.7205158093999	4.07873702493581	1
X2475677	16.7261051573452	2.07550192207846	8.78311685359848	-9.98370090373373	1
X2480456	28.9303095406511	8.07615787616128	18.0779528289943	-1.90768382036664	1
X2474614	-17.9834823191342	2.23595250623506	-17.3375460193766	12.7287973671303	1
X2475970	-30.7195341023591	3.75190062173021	-52.9470871698534	20.7900544540326	1
X2476283	-96.4511827248469	-1.97563282246256	-75.1101617485837	2.52835210345	1
X2463894	60.6313736051344	0.720462146809184	66.2442396837821	8.13117048612602	1
X2458961	-63.8258471740386	5.26545895320449	-59.3241840048954	7.14558675814601	1
X2483998	64.1068067505713	2.92514750915647	62.2643071935119	9.96504357469754	1
X2476990	-46.3297877100808	-4.76142236213104	-19.9090243378211	-9.27501515217269	1
X2479994	-72.9737031652861	-6.2377605961393	-63.4460966865749	3.99015685241619	1
X2473219	-44.2648372338427	2.93784003327015	-40.7080053216222	9.36224348314619	1
X2424338	14.8411117370957	2.10631835281469	-5.25334654951961	6.38668589318089	1
X2477443	37.0300889638342	4.94306115181198	12.6067170859534	16.5462588021333	1
X2475887	0.189632240287098	0.187440551521127	9.93273985153265	-7.89329785174351	1
X2477281	-37.4243470498574	-1.52499295835804	-12.5348468487523	-5.30394613902011	1
X2440121	-51.4760659564025	2.05951353864636	-32.3073969470772	11.5986302956761	1
X2475589	35.5923722178466	4.13818870080222	12.8240683515715	-2.56052428760025	1
X2473805	6.32882012712757	-3.38199479418667	11.7704882115412	-7.5420034799182	1
X2443005	-18.7590112805795	0.408599291491167	-34.3737111988766	17.1164316751744	1
X2476318	37.6716824581706	-5.42392859824213	38.479590274765	0.399925484804255	1
X2480592	53.4830941390545	7.41550531401079	63.8124470294421	12.8189062879959	1
X2430874	44.274598101654	5.1284373383081	23.5848237887445	25.4311364225039	1
X2487899	-17.1273861460269	2.27383079599711	-39.6732556368698	0.931239901965681	1
X2456049	37.4491858053017	2.39404224484936	29.3957218365251	-3.18435956806102	1
X2436633	2.10219927617394	0.0508292363824889	-2.04988206841815	-2.90422791588574	1
X2409673	13.420054110988	2.49517282540985	-8.80236779604182	-13.3431683392308	1
X2442558	-25.9124978981927	-1.94213481603509	-21.92547960282	-7.13831051142805	1
X2443299	-36.5283003629728	-2.88036921293145	-35.2016466356857	-2.97080603097781	1
X2481193	70.843435157255	6.90324212833888	32.3814800737574	9.78193270818127	1
X2485904	68.5643612687534	2.21821471493006	62.3554353654089	13.4159280897208	1
X2476253	-73.7898686004867	-2.90859569781916	-80.8455065264354	1.84111841040938	1
X2481211	30.1306992976385	4.70177115868594	9.53512617451505	11.6416162414991	1
X2475777	100.254183536052	3.26664151899624	61.589007383142	-2.57389440438811	1
X2487299	15.4309679285939	2.89449721444837	27.1789715528069	-2.08487907075616	1
X2486481	18.7079754877242	4.98808179581972	5.01977598162487	1.17207138504082	1
X2420552	23.9671087697383	-1.58194706924516	31.5773305063044	-10.0114998941056	1
X2440233	-27.4071309404832	-4.5828807442617	-21.7136344564395	1.28601709313743	1
X2432499	11.5328487955109	1.54213733154552	-29.5947374598144	11.9963448221926	1
X2463317	-51.5154666885454	1.44675435648531	-26.525822907036	6.43221918931684	1
X2443104	16.8237579859727	-1.55121257190709	3.59328166635431	-6.35681223763834	1
X2442827	-0.763947400826273	3.75232218117172	-14.4495848152365	-9.15421573229888	1
X2487900	-56.5835254552731	3.32521620044717	-74.3689348317849	15.4121117343043	1
X2424712	20.219903075168	-0.195782990549096	23.2408005287714	-2.66631992995133	1
X2486478	72.8886699123208	5.37335706717146	47.4419906901318	13.2164710322227	1
X2436766	-8.11461944256719	-2.74603593458779	12.5784461306034	7.55910017155098	1
X2427904	3.43970266282825	5.85370149890232	-18.2307550113922	2.16200885069134	1
X2481052	74.9429201223631	-0.264051383158151	76.4513330308202	-7.56089203006445	1
X2481191	87.1353495288932	3.03182111701066	55.0402394971643	13.0853234226217	1
X2420832	-52.4760587899039	2.71959958195938	-83.8637071592754	-10.0351190106541	1
X2477255	-70.4707550926411	0.801707680200472	-23.9504787758165	-8.51665604261939	1
X2474613	-36.5782569692744	1.10603097877017	-28.581377907332	9.32618197137385	1
X2433818	27.8341529584523	2.57049482301212	25.4647093965239	1.29446931112041	1
X2476231	31.0375837817408	-1.43958631771939	50.2336634875415	6.03162787204068	1
X2481581	10.2177244439412	4.87686941318266	-22.1439979435428	22.0030547755689	1
X2486935	-34.8109109848485	4.1019376482629	-41.9630897080655	11.5531769927413	1
X2478498	24.5636912390495	2.69364395861542	14.3920222981455	-9.20918774090606	1
X2486391	9.11817174886154	3.83315104676642	-37.4873281282047	3.67775755738142	1
X2478972	9.28363144794034	-5.33273286342912	41.2711339518079	-14.0042643261131	1
X2466069	-84.3210065573654	-4.05855520215212	-46.4953883395438	-17.8028925937589	1
X2474984	-6.27904014209696	-5.93874966729791	-18.6282517875118	4.77121994631583	1
X2429480	-25.9939293344212	-5.18883480879102	-31.4737466892824	14.689351034615	1
X2486517	-36.6911117513201	2.95637148087788	-30.553977315436	4.12895333066205	1
X2485910	7.8931737966556	2.74203352581359	-56.8561504476142	12.5840962331504	1
X2482576	-22.4551533586918	2.86717819699255	-23.7616063055487	0.664208353156917	1
X2479682	10.8825411468103	-4.47773841343636	1.38119030929437	-7.61176833676001	1
X2472046	-16.2838647279784	-5.92252065002553	-0.916758535611446	-7.20571135687766	1
X2461438	-59.7324637799242	2.2531595104151	-74.7563201094793	-2.30374331642941	1
X2486994	40.037917227679	3.97200455346921	29.0513731212356	-0.328462351676716	1
X2472062	-39.0879922698898	-2.42453015453969	-13.1741967470177	-2.96548505757715	1
X2432874	48.2916467627779	0.135395043299891	38.9246580476216	-3.25472093326019	1
X2480550	50.66507815591	-1.9784017605522	53.7077210500306	16.3821378325644	1
X2476161	-28.5857928243001	6.25727816434467	-58.306448586791	-6.24404304787995	1
X2430970	-9.43042900125054	-5.09611425066644	-21.7952361445141	0.863403560421859	1
X2472801	-5.315401291337	-5.2701778846935	-3.07195066825372	-4.76991625827638	1
X2423829	-15.8859647123038	3.17641525139818	-31.1219085797732	19.7843414476585	1
X2488667	-7.84812670752636	-5.01221602051472	-5.96610211074383	3.59068806630499	1
X2475997	49.946258391912	5.08464244708436	0.278049890434637	10.9141774665672	1
X2419587	15.1643219656539	0.970118151004458	61.2661764981207	-21.3311041462353	1
X2488088	-32.1138953318728	2.23502074232594	-22.0751340690643	-5.14620029148154	1
X2389679	20.4759800543905	2.68708877628062	-23.7553672074501	-10.8429182332878	1
X2484494	-45.1233619340772	2.22566246848181	-28.7200765083362	-19.3780445689726	1
X2476612	-35.7420666426743	-2.90982406318908	-13.5432959283082	4.18675638404997	1
X2477544	-54.7202272987821	0.0747089577751319	-54.0119615622026	-3.63570702983912	1
X2467329	10.2673044215585	2.52081335311535	4.78222905612656	-2.30143968070215	1
X2480073	-31.6521103230788	-5.50904894585909	-7.97225864653997	13.462400026664	1
X2424327	25.9858285359515	1.61535173451073	11.5863335705048	2.72998092827247	1
X2488151	-101.24875021649	-4.67239668024937	-85.4899717206816	-2.6582463978955	1
X2422914	3.83017431508257	5.04087653198317	24.2463346187411	13.1960212470709	1
X2427595	35.2794433947539	2.03425964455145	21.3808584458213	7.69837469664338	1
X2420623	10.1130341265703	2.36136475653353	7.0571553284449	7.90540783737884	1
X2485950	-44.7352134039135	0.686367838936171	-57.6620279281077	18.0751160361259	1
X2446230	-46.0500142375961	1.84325126905556	-93.0048381554756	-5.88545086834006	1
X2477891	-77.1597077157327	-5.64948645458173	-57.0914929093382	-15.7940808301761	1
X2377654	-44.4238201760324	1.71909838270316	-38.0896034639939	-17.6297356846067	1
X2485474	-47.1245000771901	-3.9703347268786	-45.0935229282357	-0.461753461595538	1
X2488257	35.1906567498899	5.36453231766914	31.3326846394872	8.62413737591444	1
X2485657	-34.0429247417034	-1.26298343128536	-41.5368194923175	-14.1318735916578	1
X2425842	15.1410076223695	-1.77467027301445	24.4272172275578	-19.7958554627855	1
X2424214	53.9501852548821	2.87791193299683	-4.49340440805203	16.855688861314	1
X2474641	9.24898712600804	0.943862381783682	-14.1116911558493	30.3606874360936	1
X2472188	-41.995834424638	-2.14919725084801	0.632648550323131	-22.1380003206095	1
X2433577	-15.8234669175525	-3.59549708298733	11.3070964072205	-9.39106242394498	1
X2477465	19.2111215294131	4.65802344443223	-0.55139607063119	3.38807699871563	1
X2480934	53.2055873660274	4.27394767390072	56.4472071217768	9.88936385611063	1
X2389578	-62.2797075690115	4.06442772860484	-63.8442543054871	10.0263484010695	1
X2412175	-20.7132590630854	-0.226028588455062	-6.0938223661446	10.4197853987991	1
X2481375	65.2602069488348	8.14058327507227	45.0945228848428	11.706184711226	1
X2475250	50.4047461179241	4.15596527740933	27.0965128606978	1.83464076690653	1
X2481234	-13.9941090998002	5.51177205922043	-55.1926844588204	11.8613931242279	1
X2476068	42.310123936626	2.85724811054465	22.4410998824275	-0.0859363942370717	1
X2435590	21.2714648308392	1.46669349443279	18.654205211546	21.7223172845199	1
X2480191	-40.0827135980361	-4.05079675502839	-9.46784510181753	-8.79757616166109	1
X2488229	37.6051731628604	5.52087326526932	33.1749626335246	1.23076183010682	1
X2472899	-14.164131007203	2.83866164764784	-39.8208139485254	4.46796457925559	1
X2486578	-66.8046136649389	2.31755157464098	-84.6099984759901	0.840101950801983	1
X2485535	-19.067278584261	-3.7588555530589	-34.3172958670391	11.4662540589996	1
X2472065	-46.7747758421136	-2.68922683598737	-16.5810638791077	-11.1551452871159	1
X2474831	-80.4088292293228	-4.40011519675088	-74.4643833520899	9.17086965099882	1
X2436643	-7.00073919594079	-1.01126905960162	-5.06292659619523	-12.5999143009664	1
X2486046	0.22480926371837	2.6596362039491	-48.5833628532248	3.89842900871137	1
X2472520	-37.4238047916727	-4.59328784668871	-58.7074789579112	8.35635278660367	1
X2432490	-36.3142311001694	2.1414899795352	-54.7589158957663	-9.45616167830608	1
X2435717	36.8870675920683	1.48193195672079	6.96170546559193	4.69180404866828	1
X2473213	-34.8337616934695	-5.76151746704176	-48.7321413010754	10.640875012434	1
X2480978	-12.3078474664481	6.11668479675071	-40.8010279954115	12.1929548389936	1
X2476683	-3.69579176437224	-5.89670978888045	-0.488149534603563	-15.0273747314294	1
X2431134	-3.85694159086086	-0.954325974042323	-25.4776184830908	-2.14397169276948	1
X2405519	3.57803288513436	-1.72902313038855	9.82063856252196	-5.56497139183852	1
X2409479	-11.9815534269098	0.074200428724187	16.9526941763314	-9.8422406682974	1
X2462865	-27.0272685597885	-2.16614192006166	-13.0414545901983	-0.0779250892662415	1
X2487795	-0.349255175707389	3.18996802823619	-33.7442553942232	6.6954019338477	1
X2485323	29.6706013593112	3.98064693445988	6.11236694902739	10.6519307594021	1
X2483982	-25.9043543686271	3.18543629320466	-22.3501941581526	-32.7543134234926	1
X2445634	-70.7422096536953	-0.753756817597853	-83.4097591309398	-0.0325827903477984	1
X2486716	-114.660500902547	-1.25246572992761	-118.962048777832	1.51385246112566	1
X2486318	-37.8480093348171	0.873284527493588	-63.5350235141454	18.1607677691938	1
X2484601	5.53628038784601	3.68392976633167	8.53728761136848	7.28030235473472	1
X2423803	21.6147135011305	0.941340152105782	1.10142764461804	16.918479164734	1
X2487961	2.85682135837904	2.65167074166731	-25.1421541938808	3.49180884840846	1
X2486986	41.0550913079391	1.7464805033146	17.8286388000131	4.05367255027433	1
X2473204	-17.318336960626	1.23735725534502	-28.8926610670853	-2.81743511314519	1
X2485975	-23.223396322545	1.99689328541914	-32.5228669633159	6.94957485265578	1
X2475148	32.7712568556442	2.34684168438831	48.5025977769272	-7.65143807267811	1
X2437002	30.1041877308109	0.858783971702131	39.2720976949056	22.3829507818895	1
X2484573	-7.29570905496472	1.55710294350834	16.5079347808957	-8.03003340697729	1
X2478553	-29.8760119607721	-0.135850286571834	-2.5933103914289	-12.8301781515996	1
X2419467	-31.9962607020243	-5.18356924803558	6.55754198038045	-10.72980951192	1
X2474767	-59.7267705830286	-4.70392848307451	-59.2970948877557	7.5954026468007	1
X2477595	-8.94025438482366	0.588354018484388	11.6026610027478	-2.80209128890397	1
X2484380	-74.406857472161	2.29902989786271	-62.2425126333682	7.89494046358453	1
X2424187	-63.9141423004511	-1.42110396725167	-41.1449258628171	-7.03693335686905	1
X2483638	11.3871116592434	-2.79821289944443	2.36761763511094	-9.32194306461686	1
X2480253	-8.89119738574598	-3.31594642962102	21.059176789832	-0.083724740203591	1
X2442854	-20.3619844801481	-0.692230376950222	-21.3346148520981	-0.0608223261626817	1
X2474171	-43.9474347145512	-2.60122815098424	-38.60795921979	11.0695656162342	1
X2487916	-2.30382366464306	2.33805770110294	-22.0966588984881	11.164517215312	1
X2388330	-3.91359606600064	-4.76298905084749	-3.57229054049202	-9.19831659408311	1
X2485788	-52.3501847995559	-4.38349643634982	-12.8628214634138	0.129456697831384	1
X2423312	-88.519246740862	-2.2294021405873	-82.5302054345089	-6.34301870805362	1
X2476328	16.6171736527652	-5.27338095945596	28.5739555033494	-10.4419076883188	1
X2438610	-84.3729615526827	-4.36737936474136	-47.0947741760941	-16.8615124155648	1
X2455742	37.9591725213158	-3.29982725537001	17.478106775502	1.08542864403548	1
X2484271	-9.04012742505598	-4.74468565518033	28.5640387969405	-12.2547453337692	1
X2488409	10.1700443325483	1.51050935739889	4.32672793303177	14.554830906996	1
X2447497	-28.6636431166548	0.366830159180294	-23.0583128400939	9.72712678578746	1
X2476211	-0.673769426653113	6.76523346712531	-21.2820395009016	6.74990133835491	1
X2443085	19.2263314068412	4.47570431761803	7.38347952779656	11.000503030259	1
X2485258	-93.5442514585139	-5.74725800925787	-77.7278717743445	4.98954122871278	1
X2388255	61.4211160986573	6.84184832227258	37.1147925894301	2.83270837365271	1
X2480906	30.1807093277255	6.02352494824132	11.6167651410443	-0.320052371395422	1
X2451505	11.1642482723618	3.72557189752674	0.958095467751845	16.5703150544917	1
X2485231	-66.6130375078884	-5.85806525403048	-79.4729822074796	7.89053242281817	1
X2476178	18.9770403080446	1.04714196684858	1.10209694920177	3.79123237346544	1
X2478527	-11.1791934103342	0.672100253860123	12.4688409448657	-14.1228477785415	1
X2485860	-36.2604063065591	-0.890653749976569	-13.7223901138737	-11.8818472744437	1
X2487502	0.204288067151534	0.595528089964339	8.12246606949631	-0.160750887432952	1
X2477512	-71.6714605818878	-4.63246348330876	-36.6549963323563	-20.737321660403	1
X2475043	44.2473200257116	-2.13410062618244	35.6610851603435	13.1936517693727	1
X2470001	-30.0173895418063	-2.61708632933314	-54.3584849206839	-0.683023910574017	1
X2424221	-75.3467319992628	5.28489713191489	-98.2049819577312	8.32899543999821	1
X2485473	-5.6238256369074	0.994175927870547	3.60663457433159	1.04251780009085	1
X2439928	26.1912256041643	-2.12659586878018	42.2331536567775	-19.1980223876237	1
X2446075	36.3472150047102	0.537686023646001	5.7971598886407	9.86886946378945	1
X2487424	89.9365657149505	0.664028625784483	72.7308849797063	-7.56114349167822	1
X2476722	22.4500498718972	-3.22008340617754	21.9830294752484	12.748965023555	1
X2488647	-128.064443108063	1.81533198406627	-143.132674469895	-6.96396984290058	1
X2483289	-51.5604017802746	4.25937086236381	-51.4712553452571	17.6452951946463	1
X2394169	-5.66400281509202	4.90013437934567	7.27712289481251	0.792232045108688	1
X2475978	23.4796766436855	4.36818222981768	25.9062019711798	13.0951602820822	1
X2453466	-34.2824861151435	2.09237365709603	-20.6074603038309	7.76631575784958	1
X2488384	30.4473536929356	5.84071415875448	7.248876058664	19.0642004781887	1
X2445195	22.7142713938532	4.31323915823941	23.8442004872836	15.3435525512358	1
X2480437	2.64395438667586	5.22108242683755	12.0331469660258	4.697145998266	1
X2466247	-110.546145722895	-3.04040656257761	-90.5570284258179	-8.94552108806666	1
X2427954	-1.63080093402711	-2.88979545370475	16.5590095721656	0.264115543583324	1
X2436518	-13.3615371741493	5.53963767501358	-7.9844629184274	5.78517920863762	1
X2456504	-10.6400282442224	0.785398456215616	-39.4557528178942	6.6876788219498	1
X2433862	-55.385476260251	2.5363618837762	-60.5906169918772	-13.0373585538999	1
X2486944	-1.6835738488771	1.93693003334538	-25.1145272113996	1.65347819343712	1
X2475708	14.8651892906805	-0.124636213630337	31.3713320901828	-13.3853864618299	1
X2430747	36.311477657961	1.30870011211032	-7.25757715262204	16.0788955066569	1
X2488103	-58.1778000223167	-5.55916698455099	-61.3109267363894	4.85431768120651	1
X2385164	-24.3148956540718	1.6393276834449	19.27438500936	-6.15093464827178	1
X2484332	-11.0548007988303	1.47829870386401	-38.3818429772823	6.42907620607691	1
X2472050	-48.5649649623538	-3.95101224817804	-9.32042318041796	-13.4780011930617	1
X2472028	-27.9341089403081	-4.965210743084	-11.3078221682519	-9.11152951148171	1
X2472183	-3.41533645863409	-3.50016508467049	-0.851537044775925	-7.08992990787885	1
X2473481	2.41753434987911	-3.41654256292465	-0.34431308361431	-16.440544751766	1
X2478076	-20.5441853187578	-4.84500564956966	-4.20932039517214	-12.7628219488361	1
X2424284	-33.2480239487649	5.58102152293502	-68.4749489693423	36.8821976077922	1
X2486922	-25.9126391612688	-0.507108306880166	7.99336512255789	-19.4942797937015	1
X2467971	-73.2100935691178	-3.96946243022746	-45.799072597357	1.68601777391678	1
X2486260	50.3962732952308	5.72419696485425	24.9610084527613	8.99242765682131	1
X2473470	-4.20053181675812	2.66888675725924	-26.8603503980592	6.89174201976091	1
X2481994	-11.9061224491609	-2.9849892781437	-8.66939996385764	-6.17025922337109	1
X2434045	-0.882567514997259	-1.67463171845893	-8.77331080267231	5.15963270650828	1
X2476528	60.6626894858594	-4.07298804199708	19.2529990643046	-3.54926893781715	1
X2488145	-72.706518993925	2.2944341282065	-69.6892339925691	7.20008329175703	1
X2475500	-28.7422158089179	-2.48716407183711	-20.4477052190661	-3.41803070088092	1
X2485229	-10.7221696202823	4.85936189891559	-10.368492858358	-5.32664073198962	1
X2480862	30.2604768594108	3.63145351259414	1.31088290530152	2.28801797816027	1
X2473479	-27.7499618338971	-5.18363245183783	18.0141761908816	-16.3494721720392	1
X2477604	34.9952419870157	2.03720583735085	27.8196008422521	2.30721517389433	1
X2481268	19.3453298204597	6.89939907762199	12.8816070773892	-3.16731054128783	1
X2469907	-9.89542063274199	4.34737847804831	-0.673803682177405	3.63832458387303	1
X2447812	65.3379782464365	7.59837565433174	56.9895001146817	0.342096255925033	1
X2426779	-64.6049937447663	0.0687555159594582	-63.2145784698744	-25.4921580815332	1
X2472317	-13.0416281367119	-6.01063145124601	7.02246376383665	-5.43865312837224	1
X2427338	-2.64100887249533	2.15129957007621	-7.04528314820082	4.84509066801499	1
X2423595	-103.322895659416	-5.82830550505677	-79.9284891608039	-6.4876760720761	1
X2429851	-14.3926039460557	-3.74614705551138	-9.290739823046	-7.71937292909407	1
X2445281	49.085071966561	0.433947698115755	53.9156027409264	4.95873072678232	1
X2475089	-44.7485232994208	-2.6636737977543	-55.6106943641258	2.95638804340965	1
X2466250	-33.8626507812212	-1.11024402750879	-63.1361087657657	-1.36253479823162	1
X2474421	-2.02434903402581	2.67980929833991	-8.6172149213008	5.31640713558681	1
X2485683	15.0673342508265	2.47010257298212	14.4273073375625	9.14373515596776	1
X2439798	-104.248875897349	-5.11209415128502	-68.4185371755933	-13.2726892977088	1
X2485762	17.5794490461502	-0.495861372875676	53.0120508197544	-8.89649165771405	1
X2446103	37.8029790899001	5.62771996117366	13.486088811732	8.48502391548282	1
X2472795	26.0369132771448	-2.07578141670249	-3.00739149464651	-8.30755757787292	1
X2474426	-21.2430393797631	1.45102741755381	-58.8240087753031	24.7188078255828	1
X2427131	-43.2702052428441	0.047571051825551	-19.4346650202384	-4.28644748385146	1
X2442957	21.7078415653957	-6.12970907112585	28.4822877138428	-6.2417628774355	1
X2481195	45.1528921482149	5.12180771152218	33.0962900501488	15.1779636019482	1
X2473502	-48.9498724570947	-4.7197739713647	-32.0916232779615	0.292202291825117	1
X2471868	-37.8733035375879	-3.59454765701354	-17.5111468221058	12.3581582873091	1
X2436813	18.91363435866	2.99399880968552	-23.2066255885114	20.3886782946498	1
X2484806	-54.3784396109904	-0.645370103261132	-15.8246974699428	-5.35686979171394	1
X2474630	-74.4677967990793	3.24553083504367	-52.157140536213	16.8450379375355	1
X2467419	60.309185085115	3.66357794546634	50.0782317243314	6.23342961609427	1
X2377948	-13.3027149830418	-3.62429522491398	-0.170779764587316	-21.072999637062	1
X2473026	4.33503583340748	0.687509669979594	-8.71386808196152	-21.4206145067432	1
X2484500	3.63908216130995	2.90543233859971	-3.60163542306915	-9.15687892130536	1
X2488328	89.3111825323473	3.30106517912488	47.465810829287	17.2321330771293	1
X2477211	20.0255042263027	3.81263556017365	27.0373602755058	1.36181768590931	1
X2487931	-43.4941432228749	1.30692208218053	-9.56479476123028	-12.0915484377223	1
X2435927	73.5350930986193	-3.89183148320651	53.0814495956397	4.48124321221102	1
X2476444	25.3380119530084	-5.49236605418441	46.0736051699237	7.8579776947188	1
X2400497	-11.3062481171356	-1.26601396991252	-32.8489000823626	5.24266377369477	1
X2474941	19.9708690191107	-2.97858986896415	26.3263946092538	-1.09595443648226	1
X2487940	15.6506065838189	2.18625180625173	-5.76466033513486	10.7097477092024	1
X2482310	-66.6529823144861	-0.737644766047949	-57.9949231719636	9.84432821552857	1
X2401913	46.4468910977322	5.59268203018602	49.7505405529456	12.6626110588371	1
X2474516	-15.2386065743981	-5.69297112221917	-15.359225197939	-7.95790560947241	1
X2485953	-56.3346636036631	-5.97604862306624	-58.2764863266313	11.4854102010802	1
X2472914	-13.0156531831616	1.05242906249647	-5.1719834968267	13.2628735196424	1
X2474493	-11.1770459803559	-3.52521485994724	10.7837213459723	6.55609612381042	1
X2473798	38.4499859521034	-3.43193201400601	51.2496516265409	-16.5342111348653	1
X2487059	35.9479683340564	-0.499798102427031	21.8000018612514	2.70000335074168	1
X2477754	-103.183430962001	-7.31170086525203	-82.2101365190254	-7.49750009776218	1
X2432655	2.5375647120334	2.13362101164197	20.7979155301961	-3.68970855221784	1
X2472593	13.3645515329964	-4.98484384435209	19.3282552176112	-13.3121263005859	1
X2484367	-6.15274709819506	3.5196918639332	-20.047511872797	-0.276341667017909	1
X2479197	-26.8390320137666	2.39862152899764	-31.2246053209863	17.056073691043	1
X2484325	-54.1317229541557	2.27614479563405	-54.8842554327673	12.4226303495946	1
X2456525	-46.211565293915	2.33464956395693	-61.5036984073519	9.15096767512272	1
X2475964	66.7503263457175	4.79315246946047	52.1282253162633	6.18268939657604	1
X2474198	27.5770282223313	-4.04302618751061	28.6640529733229	1.46252491257955	1
X2474668	-0.437783845527188	1.06865157442962	-27.0604305330043	20.9502882219453	1
X2486957	-11.1717850863099	1.82247134219986	-37.3692272396428	14.5188418945628	1
X2429870	-67.4948740888142	-3.37203478530956	-31.5611295470458	-17.3859779875249	1
X2472319	25.0035548553314	-1.12792933702262	30.5471969724876	-2.04718581753553	1
X2484363	-78.3730692900671	2.92589816964162	-85.4926777764387	14.6964408770744	1
X2483732	37.8126798925407	-4.26689201704715	17.9235625287462	13.7604270619999	1
X2475699	36.1213659846535	3.15832906964381	73.7897003273152	-12.7411815994462	1
X2481270	75.4919958463667	2.98748333233373	51.6460075216952	17.7948831571117	1
X2486253	51.9627424049215	-2.9847494786231	51.1113934899647	-5.73199064131271	1
X2433890	48.6516508422391	1.05375391757342	63.6204695972787	-17.4129223745139	1
X2476266	10.3505288980714	4.05986655531129	17.2908195772903	-3.03547016658503	1
X2487854	10.2806838012946	2.12512188334522	-20.1640842234018	12.2970851948484	1
X2429990	25.158601307866	3.75031112254742	0.20502010951429	4.72599972967827	1
X2430165	-27.6082452878006	0.573285743328817	-35.760988374687	14.2415813758599	1
X2477556	-10.5754230657207	-4.04135281043382	25.258500441407	-12.3771871805249	1
X2423821	-30.2383838549774	2.91734351261302	-47.6655043750077	2.84887607168542	1
X2444630	-73.2042366607342	-3.44689176930013	-67.6631655031025	-17.5843509608595	1
X2475592	0.413304139977199	5.49752901079711	-22.3320985996825	16.6453637596741	1
X2475073	-56.0430205648916	-4.07387060655728	-52.7395702138821	9.28305308173497	1
X2390944	-14.9456682063513	2.12056090645153	-3.25485605221008	-10.4303834928556	1
X2433916	116.31428173487	0.425788413884837	95.3984042250338	-8.675098178857	1
X2487123	-51.6492540727441	0.836710871213209	-39.7976403199422	-7.71285972114417	1
X2485905	-22.9483643588299	1.81316549952578	-17.0635116847363	-8.06986910490213	1
X2486961	-40.5968677486267	-0.191493332781056	-12.131273532398	-14.1022655140466	1
X2486561	-22.1109669992654	2.3335347949823	-36.8040251513056	9.53353548462101	1
X2472121	-91.0681111113702	-4.12842838093439	-69.5101230310774	-18.7659437360128	1
X2437083	-53.1914043829807	1.31096827583471	-44.1597415482802	13.0153979603697	1
X2475673	-22.0568747055239	6.03301103327595	-38.8529093036733	6.71596058775097	1
X2484197	30.3906780706983	-2.04822359839397	36.4460187818777	2.77245824541322	1
X2485804	35.292880980619	-3.96882793771435	38.766211502871	-3.52080192687346	1
X2474813	-46.4217465111045	4.7967650124392	-58.2280597456207	7.08251576391619	1
X2475936	24.5074988358637	2.73750283132398	10.589919375072	9.80900896034062	1
X2465998	-15.5029038988234	3.36879529125504	-15.3068916271802	-11.5357690261549	1
X2475593	-46.7024661084445	6.83760250540262	-65.1307930491571	2.18022453798773	1
X2477504	-50.8578093716993	3.44758228657952	-62.5257095516823	-1.14840307317227	1
X2473289	-88.3591290990075	1.70996247482259	-66.6451989683978	8.44745797158162	1
X2481379	-29.8294550805297	6.23305340966463	-20.8994711320443	8.96387709661568	1
X2436753	-20.5016436929404	-1.94706734366749	-48.4510426221792	9.75963883503558	1
X2477401	39.1420976372275	4.51287071427634	38.1000862942009	6.16225740654325	1
X2446022	3.85184926376876	-3.8076601154923	-2.60000923047178	2.29984572081758	1
X2436808	-25.4916748206927	4.46111117455323	-24.5635630970688	13.5487159180888	1
X2477579	-40.9066405372604	1.03763229858874	-12.067996312578	-10.7821657484671	1
X2488355	-7.31386584038997	1.45099188716919	-16.3219348365089	-3.81618714640675	1
X2394117	74.1859507684791	4.30694787151911	88.108079020232	-0.626604705755544	1
X2481006	5.2740000142514	7.61780929749431	22.2179088960396	8.82172625220949	1
X2435652	2.54095171910684	4.28623540279433	47.3850556666849	1.70079862642223	1
X2484855	35.2764425186716	-6.70899849394898	4.19702822016776	4.71226737459338	1
X2444987	21.5223538964436	-5.33808335187857	37.3063472585292	11.1791972898529	1
X2433258	-24.2307743270449	2.93113113484749	-3.34317566368877	1.71408389051256	1
X2487929	-29.4787194675814	3.22437771690288	-12.4156425199761	1.43915883301299	1
X2486195	-12.7937873210536	-1.874309549789	-23.6473454676048	11.2612979054445	1
X2484227	39.011844984112	1.18851034299897	38.3033241260662	7.26662039070774	1
X2475184	104.207367294236	-1.23463044674718	99.3052155603434	10.196907958399	1
X2444763	-5.07242097124633	-5.54132692619497	13.1324231789737	1.69952651873578	1
X2472362	15.1953793786063	-3.5733264206925	23.0422979444965	-16.3071687952633	1
X2431122	-39.5662825179516	-0.448476836670608	-19.3504335503484	1.7575377644319	1
X2430295	12.9613041046625	-1.18941621570698	-20.2593323886527	3.54693825349808	1
X2488271	54.726370421882	4.50252950269189	17.8612771685834	-1.3287927511157	1
X2473251	-1.13751381513461	-3.641039306961	13.7007451777858	-1.96817595733247	1
X2472516	-48.53893973988	-5.08400392090652	-36.8549028215299	8.66121678821464	1
X2472242	-36.178923400256	-4.13878485126498	-5.60961860196783	-6.66391794729017	1
X2440199	-43.0686044545023	1.59072918115244	-49.6863334860768	1.56649212597677	1
X2483963	33.5170698007031	3.1869459993516	44.9905257241686	-4.27977564433713	1
X2486232	12.8919896333722	-0.0140237131833567	-26.4550857499605	-1.21032659895051	1
X2485744	-16.4951831271976	-2.87930092662946	-30.0849014756276	7.97810542929275	1
X2433407	-50.7798100299212	0.316265060732451	-45.1538815584133	-17.4572716092498	1
X2420601	-0.773613437551496	-2.4313669069846	25.7179996464184	5.256587012724	1
X2473306	11.8784637557147	1.13366426848957	-1.57324276929339	12.2404305550613	1
X2477725	-11.2798914567541	-4.35943731527159	17.4680280841151	-0.315014343184554	1
X2477917	-22.8750117817849	-3.04097046139544	-20.2697927880994	-23.191116466262	1
X2430867	67.1644375211735	3.67837631391155	96.3011893317954	8.41043311721556	1
X2433077	32.41664270414	1.42145862050147	-0.814064443460854	6.88827519529824	1
X2413758	-7.18694362433464	3.52598053653748	-8.97401230691601	6.13873123879322	1
X2389024	25.6951242112351	-2.18037026790267	30.1759088751298	-1.10252231980034	1
X2487559	-21.1611235082181	-0.122687915064429	-36.2019286089871	-4.80330637732257	1
X2471796	-1.98864654456944	-6.14025368540554	13.9496840350696	-7.27799778151324	1
X2393136	31.8113355526997	4.82154300924334	-3.54182439721853	-8.31963555585356	1
X2448997	-13.6238977307163	2.74414888263254	2.64348214970156	11.1311167350611	1
X2396904	51.9031711154432	-5.95636524455231	53.5344294112928	1.98225982840713	1
X2487970	8.52209916966931	3.5645842364573	-72.6463642681433	1.91809354436806	1
X2474479	21.8599437501672	2.07762627693884	24.035099092244	4.83886670605082	1
X2419973	57.0992386820273	5.07506582153576	44.44833170661	12.2561207603538	1
X2474662	-100.104341809641	-7.35783101508856	-140.855236122903	24.4486298638053	1
X2429523	-7.92551554451485	-0.799517809972612	-37.1782133180112	9.25215114863673	1
X2440183	-8.73755706185392	2.55202340548882	-14.4021079562158	6.4579470181471	1
X2485487	-51.689478692752	-2.71257313893413	-32.1740226702253	-3.356402590368	1
X2420632	30.5806454759485	1.61310123818816	37.3415138683497	-1.86619910319476	1
X2421000	-34.8135068535973	0.304107746070049	-46.6314296362377	-1.20509346966664	1
X2485713	-111.301735770269	-0.335618780542733	-86.375458765552	-15.8958862805716	1
X2419565	16.1706958857823	7.18881542720654	20.4812393350937	15.5782502309145	1
X2471415	-81.0438678690911	3.17416678698818	-78.1029364001686	8.74590992683181	1
X2485915	-66.2936732880141	-3.78354921635923	-96.7538567455201	11.88040802259	1
X2483477	-41.7813223508275	3.76576657028745	-40.7662612117673	27.3601745660953	1
X2474977	-8.30911448856297	-0.393359345023235	-39.3706946209834	4.50065226026899	1
X2473724	-25.2510043884639	-3.05778412342833	4.70082166051023	-2.2539913873575	1
X2485327	75.9346594992775	4.01842959722146	29.5543275994226	16.3872528805595	1
X2424409	-54.4864793631994	-3.51741135821251	-55.6090446352967	4.49544990354716	1
X2384395	9.39107856765694	-3.95165186780269	43.1185638857924	-4.07343631163259	1
X2483446	-3.86870967258311	1.5867892301173	-42.2226307699719	26.0730603252889	1
X2421076	-15.7991447968072	-1.60966101400687	-13.1511921174886	-4.34755061759769	1
X2478053	24.3460736753041	-1.96911988024122	34.3410346051667	-2.65846732110387	1
X2475352	24.9929122611012	-2.63229162634911	4.95800402135912	14.8102244920989	1
X2423672	11.0282346722218	-2.17620201031214	4.14081925073415	-1.92688287855494	1
X2480152	8.74492958396122	5.10223217086754	-0.294395563089457	3.31222458264242	1
X2389484	-4.05145329873961	1.83222319155324	-19.2134599755058	-1.80443591514414	1
X2448739	24.7151877329565	-0.238788186900473	17.2312037335971	3.41596613649218	1
X2487976	-48.5674918707693	2.48161050438277	-49.812656508584	2.61614570650021	1
X2477135	4.67913036272141	-3.97454942430289	-9.12667386922272	20.8993816791721	1
X2488505	-51.1042903434723	3.10406346087357	-53.5480613862334	3.89826242700352	1
X2474846	-115.158986393964	-3.82783698263358	-68.6405088272107	-14.3881415354581	1
X2421098	-43.7020904328409	-3.7316524939309	11.7155387461733	-18.3869552261709	1
X2478679	22.6046990165831	-1.10779966536192	38.4276872858543	-3.61983572094089	1
X2482400	27.7078786057406	5.6664579221983	-2.46529289986118	3.54525652313259	1
X2473362	-14.3957614776481	2.17465273565015	-29.3856564922102	6.12027394737314	1
X2486520	9.78908250500558	0.610784862545434	-7.818371309135	-1.99629606829864	1
X2427456	-30.5814003919968	-5.24848850914572	-19.3094114513378	2.14514832442046	1
X2481570	-28.9759737717057	4.0632836395734	-38.7586287104013	23.8497148586496	1
X2427108	104.192826312975	0.675317664318365	91.3056783421995	-2.03523805076141	1
X2476949	-65.1762218967183	-3.47582324215712	-77.0586573887823	2.52786926913058	1
X2446236	-117.776240887494	3.23591895834439	-114.580184436028	-0.831976242234184	1
X2485297	-4.32731775874827	-0.743214050883372	-18.9167907231901	0.85718129056983	1
X2486227	40.9865895298335	-3.36010838808197	29.0913501937623	-5.57346596633756	1
X2413288	25.8727594846685	1.10651005282072	21.9968716583214	14.3131960394221	1
X2476413	-42.8229270116644	-3.80897559525816	-21.7908505320647	-2.84416140877607	1
X2385528	26.0226310740173	-4.45284346124519	9.03220494730176	15.0606095195315	1
X2481238	73.7722686160253	2.66890280459328	101.202483002694	20.3085024209353	1
X2484088	-22.0651447303252	4.12547783938657	-37.1361658810662	7.82899910553558	1
X2475774	-35.330353447432	1.80553743567039	-33.5698731720715	-6.00880595774593	1
X2445869	-58.1053696966219	1.47244530587774	-39.5729438906932	-11.0475562207203	1
X2470570	-37.6519741358092	2.17632784970031	-14.8477671254669	-6.11782491277892	1
X2441479	20.5351074567037	2.3196744455666	-18.2308205248976	7.56897612698325	1
X2433617	-26.2695872194125	2.54812748480146	-19.8838403731768	-5.04142864086711	1
X2478422	-23.4533819461873	-3.75768773096753	-10.3800922133245	-9.58106737152248	1
X2422797	-44.0697465542178	1.76937014767242	-39.2538892256576	5.81356509754733	1
X2480005	-33.8258758618072	2.21759175771689	-46.1241140251623	8.97955501421708	1
X2443210	-37.3093500034066	-4.79219147025911	-29.4921141067079	-4.31185941740029	1
X2484352	-19.2343591852812	2.86129728555562	-28.0268653818051	-9.87886294564565	1
X2472176	-46.6451674832677	-5.26589247977929	-13.0119410559451	-22.0856470359031	1
X2443020	-55.3178779046586	-0.133278477726078	-28.9137911765112	3.53762479529527	1
X2469166	-0.0881887449928378	4.17461663906565	-33.3275084916352	-7.10674636656346	1
X2420823	-81.529712836103	3.0866919083637	-41.7235563542666	-15.8237719907218	1
X2488322	-35.4977578599111	5.99757737843223	-66.8689606667794	2.82834631713323	1
X2443233	59.4527818183749	5.81578375169567	2.88137383349755	14.639890776083	1
X2472933	-35.6612770431313	-5.6665343052979	-60.8332255716026	-1.23432505805418	1
X2474068	69.5344891679384	7.32912472444568	54.7999396977756	8.62627298364897	1
X2474519	5.90945465315244	2.77959293498601	-12.1626375081903	5.06634476798193	1
X2478910	24.852434811495	-1.09494418529494	48.6326428192718	-13.0559769777305	1
X2473638	42.662836359282	0.33148927686276	40.1894200135457	12.1182557964452	1
X2406221	-20.0506562547243	-1.25927076260559	5.10503989713781	-6.77173678688206	1
X2484838	-20.3737457616414	-4.95906378621037	24.2059517642149	-12.3743613682518	1
X2483914	9.81297496810556	3.00011968882334	22.695835393001	-9.59736035510299	1
X2488352	37.9468211744949	4.57933785014739	10.0143192712961	20.4680228917813	1
X2479160	-58.1487384720046	-3.55214018952529	-16.3985307238309	-25.137699814359	1
X2486432	-16.9697754675233	6.63388989109372	14.2997644707292	7.45005242179957	1
X2447387	-65.536237068	2.3380044286775	-71.4671702297305	-4.05747242720306	1
X2430904	-30.875016022684	1.23502144773842	-42.0320822407883	-2.94767507176765	1
X2474644	57.5707411535343	2.4956358562857	13.5553171698754	23.9676853850421	1
X2443217	-95.8311972687874	2.98799239743886	-64.4957516393367	-4.43155803053739	1
X2466851	25.6851872552768	-4.03089243406599	48.873396101758	-6.28300507995202	1
X2486536	-3.18482929953348	0.769284961601199	-47.2476127796129	5.05143776729776	1
X2483508	19.610217208153	5.59157419429013	2.33813840636437	4.90391877727316	1
X2472655	19.2434058742398	-3.06692051515886	33.7292862705049	-4.78037578204619	1
X2478113	51.6820252640093	-3.71116243033343	53.6444067761188	-4.9910050225484	1
X2442429	16.8737911128325	-4.44669644413404	39.6730133718272	10.1094444911011	1
X2443351	10.6536624351035	-1.30545405545736	-13.1572156347492	5.79721507600883	1
X2436612	-21.212663145661	0.378134017834499	-19.2911065515313	4.41409410024411	1
X2446298	-44.5541200264541	-2.24135085919547	-83.5367214152771	7.2785282785151	1
X2469618	116.744314575939	1.13509350926118	74.5506940348222	17.2535981042103	1
X2478115	48.1673076543813	3.03118979884353	35.8047107453316	4.3873912235664	1
X2483405	-24.1122666004467	-3.20398713957404	-34.3032162974968	23.8030323918489	1
X2413458	27.4545638891728	-1.14447885510736	53.8925097177616	-8.85098341961207	1
X2424151	-56.6710778643522	2.97042024389648	-53.7710296167702	9.58648567678164	1
X2486635	21.6141664296022	3.39165407387107	15.1868816909357	18.1573665984562	1
X2483902	-39.8531588048873	-1.19182158207622	1.11723688557253	-20.7368025414875	1
X2427340	-13.6840506436827	-0.234742586549926	-42.2446640942801	2.84747168759546	1
X2475998	50.389497868857	6.90220727050804	58.756527500172	-1.56200870173982	1
X2480504	35.1435265997784	5.87109320398648	-2.09038807960911	6.42657870453927	1
X2436598	-44.5797346115218	2.70385299202503	-34.0713956855414	-1.19304870043003	1
X2480156	38.2081997250041	6.30892457004828	23.0065006684668	10.948776475529	1
X2390637	8.34972491429483	3.38178750994666	13.9128402187959	19.1629935562221	1
X2456812	69.4968499024101	1.71756331032945	41.8606459897745	12.4399521128122	1
X2477265	-36.896025909515	-3.67647209736956	-51.6066429915219	8.71960977410943	1
X2468151	28.944857873534	2.4171624156598	48.2232603610188	-7.78054573651907	1
X2437150	38.4709666642296	2.16518224569107	7.07331314569202	18.9318782351611	1
X2436995	-47.0622611363607	0.659410906351469	-76.3941519156316	0.48399435474486	1
X2477318	-86.2173281230717	-3.30511689853322	-74.7867024419513	6.06670492382954	1
X2433697	49.775674550259	6.47895443618819	33.8922185475001	13.3189639293572	1
X2481929	-57.1208770590375	-0.545852950169292	-20.8482765762793	1.51008413816723	1
X2482499	-27.5125974145531	-0.502242320150903	-48.3605744946153	-2.77812115622371	1
X2488001	-30.6330096175353	6.39077743816532	-68.9242198043807	10.6279674239696	1
X2416814	-25.9124536541873	-3.06457126301829	16.6180924701826	0.819371976541254	1
X2476043	73.2992369214499	5.32447713265301	32.284660798891	11.9952654536661	1
X2483151	29.6528186674878	1.64616637123678	32.357855576106	13.7326887756035	1
X2486177	-67.979838390884	4.59439226341891	-62.9467972886123	-9.43933710008216	1
X2488179	-96.5622841277325	-4.78191927402343	-97.2194280465693	7.9441093942337	1
X2479925	-37.4563280917184	-1.84961282616808	-50.3321328729369	-4.64722923354118	1
X2478801	35.9376306070521	0.478150325145323	58.890965555031	-10.3059603957162	1
X2445166	-21.9492991536563	-5.53906583903753	-5.16353755510664	-9.00516939331064	1
X2483118	-55.5846333551129	-4.42389900200677	-56.249063611385	7.4706566132488	1
X2480280	-38.4429581116238	-2.90485066676798	-43.0513638764505	-18.1997309342935	1
X2436875	-26.7389137077802	-0.728859695855008	-17.0268364156362	12.2892393164634	1
X2196678	-5.77408546646561	-4.62166570831585	-3.11549385869326	0.0361203082398718	1
X2178513	-13.2904894713252	1.86777789387698	-12.5526832045402	5.12424522745077	1
X2228733	-57.5950145213201	-0.36978896175985	-47.5037887181435	-0.319648165454258	1
X2192821	4.04339616998048	-5.40253453147264	29.4003919834333	-13.4086508417917	1
X2241823	-20.7209882563716	1.42474918344564	-11.9711074808646	3.38428903014161	1
X2161364	-55.5222726745967	1.57778990112364	-85.9529014340596	0.187334490441213	1
X2162885	11.7206701145139	3.14218661506439	-0.783525372997879	2.98090336542278	1
X2247573	26.3157644539456	0.311472440848359	21.1596550352392	0.0165521654896248	1
X2166510	33.2607155254911	2.92959599923857	7.33470869482169	16.205848513079	1
X2192835	14.0875672823997	1.55990918075661	-5.7930428942893	7.15928828695338	1
X2372582	52.0834402355599	6.06798698455357	46.6808263986526	14.541206909907	1
X2372311	-59.5597182352842	-4.33107491741374	-44.6386550491068	12.817677359454	1
X2343347	67.0907072212668	5.05689124871929	38.2248412526073	-0.23437263385807	1
X2373590	-6.83921378915602	-7.76157926184165	-2.48091693821221	-3.85878150368567	1
X2336367	-12.0907596782942	0.00217699945910321	-16.7071914246716	21.9357127226415	1
X2361087	23.1091004460519	3.66706924993634	35.4464981918571	5.61689300215561	1
X2371625	-51.4968628018186	-4.51410112187462	2.33427296410308	-20.6635941416334	1
X2374320	-37.1425722754854	-3.82244131575264	-26.2116365036646	-14.8884198712379	1
X2364213	16.3368411766024	6.29880797033731	8.67540235098107	-7.98777997462887	1
X2373124	26.5873445524247	0.219494798554122	5.56748329503207	-14.3210380714259	1
X2373711	54.0228983689635	-4.77797273928589	53.7474715192948	6.39016479514615	1
X2371388	-6.47017710733511	-1.90276214065158	-17.3598005191294	1.40110098861064	1
X2352830	-21.9568550731686	-0.787582685603937	0.276780933171187	1.53073643078862	1
X2343402	7.22377114609423	-3.87976839801112	30.694998065094	-12.1525048296611	1
X2348308	103.393477770096	1.30111799130754	95.0976719625057	8.19882216245676	1
X2280195	-11.5924259160057	2.89289531335107	-32.8988579673439	1.47764443315157	1
X2288858	-7.29117888442412	-4.4700909654484	-47.5264504412487	7.58402633070938	1
X2298425	7.46513885423469	-2.96150874492266	-22.4775484667825	17.6770943179095	1
X2374568	-2.59590459698466	-4.0178966834732	-3.43879896704943	-4.39072041759278	1
X2372200	30.2392642009019	5.67166026920838	-25.5699150622098	-2.98109604907473	1
X2274099	-35.5768524854035	1.25608204623346	-12.490567836528	-10.4010253693019	1
X2372437	5.15774555933862	-4.99121366523675	28.1861065125289	-11.7266242221573	1
X2363130	47.3352618168332	4.42844184535997	47.4963271162995	18.1693523962883	1
X2303608	20.7289308969635	-3.70912849922011	23.3734757558889	-21.9259753130734	1
X2346338	10.6792017508614	-0.783130705428967	2.71773915831258	10.9984975815468	1
X2343852	-15.6715135580704	-3.50620011502771	-21.1099461716089	-3.63524286151457	1
X2373634	20.5878939451766	-3.84405897813095	22.9511199231843	-3.50723538010268	1
X2317284	2.10989071717783	-5.44601430425557	5.30995483246384	11.5645375305372	1
X2341094	58.038124698963	3.44679340528405	28.6625813024555	44.0134473800024	1
X2288901	30.0836019405034	-0.573540825877545	22.4991785134952	11.4405782855352	1
X2265740	-96.1433128960339	-0.44363567238045	-48.6770008076706	-15.0699946342271	1
X2356353	-16.9424542098155	-3.51374906012286	4.76350379673765	-6.01804920327785	1
X2348613	43.0397399612685	3.22680227539449	1.80692288691233	2.21530961704396	1
X2296553	9.66606318114659	1.109471527405	4.80569119044251	-10.3016822335067	1
X2288418	-27.574605968062	-3.34775019286632	35.5886979996787	-14.8553000769718	1
X2305415	26.9137806311046	-0.724973422895166	20.2360827990902	14.8820830845073	1
X2356428	86.3123003519854	-1.00742101856709	65.4296379619844	5.7198087201347	1
X2372940	34.2854549247605	-4.08939312695497	34.343158061288	2.45721998978907	1
X2267888	-30.0130974486489	-3.05448005465053	27.2300553306863	-2.61113017635389	1
X2280614	-23.5429027320964	-1.31920033693978	-44.8229162614998	4.57481702720868	1
X2354109	-0.142658053716456	-3.97181374813643	25.197786309972	-19.088223708961	1
X2344303	19.30905473579	-2.49605457947912	27.5874577999306	11.5617157187849	1
X2346017	39.193794914161	-2.83063245108813	58.5286721006264	0.241995301850997	1
X2374515	-22.0922336115715	2.4394421452403	0.555761987575606	-19.866618432758	1
X2310618	31.6271375670032	-4.58048298489036	5.87239101469072	15.198069501773	1
X2288830	47.4273358829265	3.32946766357387	27.2128952343878	10.549378962431	1
X2339152	52.3337398516557	1.73129588232951	42.7239146996444	10.235518075745	1
X2374039	-73.3157436034329	-3.98896611816922	-66.4749112907472	-1.9771931454189	1
X2373815	-12.3035122651467	-5.36984630295055	-10.0638212957103	-0.772186212537925	1
X2345896	58.5426428557948	-1.56590084975848	60.7540399289601	1.4997904498051	1
X2565879	-6.19540124829335	-3.01168493290064	-15.7746772791233	5.99667071784	1
X2542456	-36.6113241922169	-0.22676231834163	-37.3649305486219	0.855434329383137	1
X2537375	16.4632830992887	0.0105758714844023	45.2537512763392	-12.6143404513033	1
X2501599	4.5556373928551	2.3412671075195	20.874752175283	4.0791234330599	1
X2571864	49.5249556819655	0.509050147638406	11.7288508838726	-11.3853381568508	1
X2566174	52.7608472902664	0.867713595899738	39.0134815371548	-15.1733916581412	1
X2596677	-60.2495676755137	-3.04909203241396	-40.0736970342423	-13.2602248662676	1
X2568847	-6.69569897646041	-2.58424057587735	4.29873952915768	-9.91745203484983	1
X2506334	-66.0630185602314	-2.025810464631	-79.7530849068294	-4.0320233016857	1
X2562613	-64.0961128804909	-4.07793143515139	-5.32203692575843	-19.3813496522974	1
X2518727	7.86402178091735	2.78606040185746	-10.7037295705132	12.3892010988069	1
X2578240	-42.477901253089	-0.919496439696111	-83.951550388493	-3.61293327277386	1
X2601664	64.6476388951752	-4.15727426321564	63.4396363275507	-14.8945366044521	1
X2500026	22.5157263834718	-4.74507344832343	33.260980696113	2.6765907884331	1
X2565637	-19.9553778759703	-0.926424037196057	9.8885059496601	-9.76921983126896	1
X2568675	-16.7319176238713	-2.66186535768526	12.8838673415801	-2.17543433094489	1
X2540669	-30.7268302902614	-3.94017621199476	10.7290320509094	-12.4083644919314	1
X2594697	22.0824247221521	2.08708387514283	35.8401571167326	-6.60900240216546	1
X2572858	26.635704290853	0.251322370431321	89.8835143965334	-19.5553741413512	1
X2523907	3.75495974449462	0.391918299856976	-11.9543086691462	-12.6157847880481	1
X2580067	44.2526142795039	-1.22072595979685	34.6413078007835	-16.2033473820077	1
X2596174	-12.9722911747412	1.35367418726355	-5.34672044439857	1.18683778689881	1
X2518636	-24.496553381343	-1.37387206563963	-1.36545864348456	1.01632809334337	1
X2582400	-47.7866414493381	-2.0135160951749	-11.4281089853018	-14.0006925465456	1
X2572672	37.3233438119579	1.7642090297963	30.2434925024833	-7.88700137304586	1
X2598137	61.1237383759659	1.82331056466608	77.0598071335821	-8.58151690085189	1
X2567354	33.2923696034024	2.46469789016654	32.5688256276914	8.31556078138793	1
X2521911	-36.902128055031	-3.9378693839107	-41.3592464545134	-8.80927186128468	1
X2569760	67.2056826114815	0.243330996418501	50.1669615589377	0.778028716903034	1
X2498373	83.0663202374137	-0.47985914414458	86.0305544178324	-8.8343248874001	1
X2542829	-8.824798154741	-5.24784666951663	11.8998464701456	-17.3852595984125	1
X2561416	-42.086702730794	-3.02870385375733	-30.7337507369249	2.99028951817553	1
X2534446	42.8712223009344	1.70128478246609	32.2000647474342	11.5065313098704	1
X2586746	14.2248189008965	-4.57362619798668	-4.73250858916815	-1.80906321615998	1
X2572808	37.669770464627	5.21655682998737	35.0093977435207	3.80935671442207	1
X2570244	11.6455738173519	1.30835056528023	0.863774436311539	9.2834351266281	1
X2592111	-41.4244453914271	1.1634613972428	-33.755025285153	14.9919303497704	1
X2562607	-42.540962259817	-1.86204210847653	-59.2661430711379	4.21196314627371	1
X2557393	-45.0769288127089	3.82144904551332	-32.9316609036147	15.1014157076881	1
X2502408	-22.6634586089507	-5.70610759392501	23.2036681809516	-14.6132306751202	1
X2554597	31.3397509064302	1.42277838391138	29.8891025363253	6.47373636381902	1
X2542197	51.7986705299848	6.42725877392525	32.6583397859241	-0.0546548564242954	1
X2522564	-15.4274392938332	-1.17341820445833	-8.10561840359232	9.60260952796499	1
X2595136	35.7525395645047	-0.0731133972342707	-3.48089061536448	6.9948649101433	1
X2572777	30.5794749968499	1.38958820791103	27.8959550890021	2.65666324432715	1
X2503241	23.7462177235028	4.53473259219359	11.1688340659972	-1.23414023580821	1
X2551178	20.1951387246556	-1.26147407913726	-24.3113099894712	4.48461810001214	1
X2590919	-5.49442346631895	2.32872735982916	11.6258372554459	-11.4264264123057	1
X2574525	-40.7520474190996	1.58968632749907	-25.3520838502794	11.9461239927904	1
X2570826	-19.2156901642978	-4.89139451564988	-9.18086739097542	-5.11344929672695	1
X2579678	-16.6014722789118	-2.15970768251825	-0.551259764307262	3.73336099587447	1
X2564561	-31.1397074640527	-4.4372938004862	-43.3066097823281	3.34557396262709	1
X2550073	57.1646084218393	-4.11026373895782	22.0242030548734	14.9506846247516	1
X2513681	30.36114991449	4.84203881386841	61.4546018726639	-2.27784190063173	1
X2538960	51.9995483248696	2.44629990026804	29.59486612945	3.91205995388144	1
X2561377	-20.4809949919448	-4.17426708766342	-9.35122850251357	-12.181537972626	1
X2532412	-50.6667183411176	3.78368453366307	-52.1184696388362	7.58487474502859	1
X2565556	14.1611066054844	-5.06245529450034	18.3488908288626	2.45462787195853	1
X2552283	-39.1784778194456	-5.39850218977112	-22.4699335705144	-14.0732838622788	1
X2565179	-7.33423981719092	-2.95163489420597	-45.7534769927503	3.34021134765223	1
X2490871	-9.05893290018836	-1.2680055750772	-9.67835492463047	-5.98162838530443	1
X2574820	-18.5101470278878	-1.6934049489439	-1.61135633716346	-6.16072900338487	1
X2564334	-76.1073125686417	-4.85191407933951	-59.1741372723498	-0.372001653189652	1
X2594973	-39.5726303573588	1.05249058980852	-31.6211650364525	1.2700406499166	1
X2565452	121.234280643304	2.19810360928697	112.240806007946	0.883749927087862	1
X2512178	-5.38607208268695	5.94743817635647	-22.9791838571672	2.01649216238278	1
X2575464	-11.4598263743859	-0.625490140408703	22.9653996810176	-3.8520870269455	1
X2585812	23.7711149554378	-0.5318762461451	53.8383738621109	-15.9769709800754	1
X2503744	7.25173832160697	-0.221236791133161	-6.10074790196526	8.54828771484794	1
X2557572	99.5229153269882	2.44672328927005	104.920925329125	-6.49583697411988	1
X2538767	-7.8377095850102	4.6654996423792	16.3003843554745	7.03691013945082	1
X2543449	-29.6640724493304	-0.41866457583933	17.1139845871898	-3.46660777620386	1
X2572501	-11.8346833350187	-1.46516448191955	-16.0838876543174	-3.84377873553119	1
X2514269	27.0129698493237	0.248507830211102	-15.1318625681156	11.0920129856288	1
X2505070	26.1830688856	0.510569220385587	-2.92935134562457	-4.32810678254925	1
X2584498	-21.9060278759082	-4.05508099283631	-19.9060982438541	-11.0536037717297	1
X2597855	43.1786968152521	1.45491816127088	22.9562332064579	-0.921188011529602	1
X2571964	1.27293317059913	1.9229322183352	12.2003521218108	-2.63472105677386	1
X2553815	-21.210236977352	2.4745880333409	-19.4459066360319	4.11350024389054	1
X2565952	26.4092369251485	2.10732394375505	-1.73159780688604	-12.121130960618	1
X2554909	-55.3717669702072	-0.370172371508686	-17.4969289979334	-19.318358852928	1
X2566600	59.6601385901059	1.71974427280272	45.0922871813397	12.2757781810168	1
X2569632	-17.3558853069793	2.14095676276466	-40.2703809534855	6.78788703193443	1
X2586864	-59.5602394740353	0.413629661291536	-40.8746062754595	-3.22674888669584	1
X2521809	51.3376437638799	-3.84605079766225	34.9676600688024	-4.41204849366971	1
X2597884	40.8104565530795	-0.716732229543082	18.8511891415383	8.98416719707689	1
X2536918	-49.8899184532881	1.79658667625266	-32.5751112269087	-2.81059855521724	1
X2519902	18.1340285267013	-1.36204456393132	1.70979702595815	11.4944868113259	1
X2588067	4.12798184423725	1.07868897126602	-0.994201515392463	-7.0875883301448	1
X2535231	-28.3141077388513	-0.725685382908082	-49.8675542240174	-2.10252999288537	1
X2499804	-46.9448795972119	1.69073834448282	-35.9818415443293	-2.51553528911285	1
X2555773	-40.6818241975269	3.49879296368854	-10.4993235108784	-5.16951641253905	1
X2567788	1.29775321137405	1.21391837707029	21.3176619823716	5.13233218144125	1
X2598293	13.8067031161614	-1.20475789821267	10.3439775514935	7.3382215146959	1
X2599236	-18.8195824147139	2.12340257049877	-28.6741293712684	9.11395424371063	1
X2496607	-22.6031930736872	3.16128801394449	-4.45282485926754	-2.79273830713676	1
X2508470	-9.47573192689394	-4.75295024539416	1.55327916988849	-33.6108982780651	1
X2516121	-16.9059771426769	-1.77108629288777	-2.6893570028418	-16.5676050566023	1
X2600487	-7.93032084665359	-0.291699411710334	5.1236296393172	-1.39965801164202	1
X2577361	46.951116892311	4.47590439895374	80.6681218033958	1.40686869843498	1
X2565354	-63.7776201197761	-1.09602402246097	-56.7307341993839	-5.55786031745821	1
X2493097	-65.154312905294	-1.48956934681722	-71.0388682940156	-14.6407300357802	1
X2600777	2.38163583804474	-0.917717753175543	9.58957411491765	-6.37566971030414	1
X2565276	72.3243870691045	2.84852496125961	34.4654724978719	24.0471316970386	1
X2579280	-41.5048095468952	-2.83290949368129	-43.1519800093488	3.71981919919188	1
X2593987	5.24873535598838	4.27966772849728	8.2800250164129	0.343568217398548	1
X2571683	-44.0761200582258	-5.37385931242801	-18.6912621487917	-14.3747610311824	1
X2565864	-67.0477623760846	-4.88286139642161	-54.6667258082344	-3.28382005943169	1
X2524350	-33.834139793248	-4.72528663624308	-24.8415789293854	-19.1218074756679	1
X2495391	-10.9357641984734	-0.254945684049659	-2.25541351357021	-3.67190316934804	1
X2509171	40.3259212881013	-0.265759866072723	72.3795966395737	-1.36833110889511	1
X2553263	1.21836750325256	3.91048368019999	-6.55527189586293	4.81849848166059	1
X2585869	-11.1092060753801	-1.8954272749587	-0.56308899418138	-10.8995971573373	1
X2570659	18.5200204211188	-0.198460323975341	34.7820067829985	-4.03942436125613	1
X2581426	-23.6647906996033	-2.99376112252453	-39.4534151005177	4.86667193832546	1
X2532380	16.6230397420546	2.00993555778851	-9.63051446528704	8.330956006171	1
X2582406	26.7342143801963	4.59369675207834	-34.0004120095124	0.353120928081927	1
X2564583	-34.6078958163218	2.57214301231084	-20.7709997235549	-4.62756425072008	1
X2583040	30.251548961606	-0.0752616657626357	38.6299873728603	-0.405553591098534	1
X2550811	51.7135408875266	-3.23829453859454	43.1951308619409	9.75389516687466	1
X2506641	-29.8053769332234	-5.06102010028403	-19.8460814193532	-0.0176585464316283	1
X2600741	32.9579121810831	0.596631173737448	44.498197833348	-4.94526966650851	1
X2564531	-49.2262131549632	-1.37224055886331	-56.3490627913001	5.15331418973802	1
X2542905	-2.7692771314712	0.105087600874705	45.7035343525948	-19.6543708868713	1
X2549527	-3.41665245945657	1.55189853484864	7.61625776111785	-1.95670823264733	1
X2500722	-12.4322302949875	-3.23842941153194	-25.1419330058938	-4.48744166523371	1
X2537298	-57.6268733426497	3.070770482164	-55.7807001104052	12.0945095304397	1
X2541484	50.1175572729128	4.47630153740289	59.6157174959213	2.10550558192828	1
X2542715	23.1264792953573	6.07092214628332	49.464496570416	-10.5690816880815	1
X2515919	-38.5608770241141	-2.20210117264818	-50.4402479059571	-14.6938586393129	1
X2513318	-22.2095311605401	0.106960773109324	-30.8817877472071	8.23938036271157	1
X2495818	-0.670807531251719	0.52099161867448	-35.441628550161	2.11220881550233	1
X2584516	-3.40934143608263	-3.25785013673735	5.21013716022823	-13.8282922828915	1
X2508161	-0.477251713731334	-1.97588758227925	8.8114655020635	-17.1377504180726	1
X2599606	16.2013108846293	2.16726452376005	8.65888825636667	12.5947440716374	1
X2570200	44.8244771929563	-4.01545371025793	22.7142803373571	-6.01697414054663	1
X2512843	11.4786537815376	-0.46658243555358	18.7082631011059	-0.0610052278727999	1
X2596702	27.5728037210956	0.0497434940257409	50.6931874345092	8.58931093658332	1
X2510703	4.81726449837239	-4.43880073795524	45.247821821867	-19.1147595920566	1
X2521740	62.11341160534	-4.28348278184056	50.4968633680478	-4.07418777896417	1
X2524873	-73.452836668087	-0.838943983695947	-68.5141160775186	-3.29091730836405	1
X2517013	9.26779050579659	-4.59617127942366	73.709556134826	-23.0738809710329	1
X2558147	33.4440648191191	0.0398331031088265	50.2350925468678	-6.86920366951222	1
X2503372	25.9274025930362	6.60574922182913	14.5089118337089	-2.8220300085556	1
X2578404	-55.3427255483358	5.7885850913907	-43.5524182408241	-6.54846898983852	1
X2597799	-51.3436017194995	-0.799734913055415	-43.4562986148317	5.23259347715775	1
X2544382	-23.8101466400289	-3.41159374696244	-33.202690092972	0.37754516481717	1
X2598163	-31.5195857873231	0.329510489926805	-24.5732376567478	-3.36764116403852	1
X2560176	-14.8748870998295	0.00396456919678856	-17.715909105176	3.12354086995385	1
X2504282	-39.0842382497152	-5.55983379692767	-50.1737071735791	2.41635961280422	1
X2496359	31.9149563508489	2.26391189012167	9.39108596334367	21.4530658340673	1
X2597278	-17.7207898791263	-5.50920841821738	-5.0334634472226	-15.1344965345395	1
X2585814	-59.7744326168469	-0.134308660586926	-44.8545253910142	-15.3084854036687	1
X2567826	5.55779073990241	0.269955978420499	45.9807376246325	-2.16960208256098	1
X2581344	3.84174851177699	-4.80293597108718	-0.510324155476326	25.7637125070371	1
X2533562	25.5278707404194	1.72313465609248	9.79461200782456	21.6399943610328	1
X2596234	15.2211109528953	0.639487919621189	7.10939869201742	14.7038481230572	1
X2515278	-15.7575420816696	-0.947244121540884	20.3594472540165	-9.00411391334652	1
X2574268	14.9832819530755	-3.77322266161384	-6.5311050450024	6.51974483373708	1
X2584937	22.4252556634392	6.02293420645017	25.328410573678	17.2324413584894	1
X2518791	-80.4100786749006	-1.6359593278403	-80.7764505408668	9.66391211265688	1
X2512462	67.8395391830905	6.49892681907493	69.430561238836	-4.36314202217905	1
X2590862	2.72666057376413	1.87984961858342	-6.39768341049388	6.31180007027773	1
X2593318	13.8437876866181	0.608877651569877	-13.6348238204886	7.29487525496428	1
X2492844	-28.7016257853013	-4.63208867293871	-17.1994379051898	-15.6596091698097	1
X2564916	-66.0059475129359	-1.96154279994055	-56.2684142082967	-4.02330354936027	1
X2564357	-4.83423108595519	-4.25285172262853	26.5627422911275	-8.93790407267787	1
X2552963	-4.52781857579333	-5.4859223893715	-21.9504297128286	0.297674595576254	1
X2553589	36.1988809248819	3.05039451059249	31.6743525928801	-9.62758213400623	1
X2572209	27.1157660526978	1.79572113838867	13.1815441804143	-6.39387308325614	1
X2596291	24.6638203553235	1.2044431998926	36.9819817407837	-0.135138805287906	1
X2500140	70.0164749427125	-5.22387623396444	57.4795733102643	-4.49905667606542	1
X2510010	65.911076252392	0.480995636011491	88.1413253631132	7.00175150859251	1
X2552664	69.7089294251342	2.50719712418829	60.9479676730437	-8.40925903526776	1
X2601028	19.267878333393	1.71314659768755	24.8519136104735	-1.54158260770832	1
X2600146	10.3887073252531	2.05436550928839	3.91953062150018	11.0212923078171	1
X2496034	-10.9435253989688	-0.771371154948193	-28.3097335887901	9.61229498780422	1
X2513836	23.2045712445374	-0.340428504327915	16.1577713330303	11.2949342917568	1
X2595718	-2.71763842980441	4.8702399183196	-10.4084720122822	-2.5440585846938	1
X2589810	63.9347249122089	2.48374027622881	69.3841481297892	-2.43694470507915	1
X2536690	138.541497080291	4.28788786598875	99.5265987718366	-0.438461507705786	1
X2563807	-8.34694084967432	-6.89144759675667	4.35597238695867	-1.35966380700315	1
X2577975	65.8826661015133	-0.123163749541263	42.9965832045985	-5.84195656435794	1
X2585241	112.577252416729	5.08826762062262	103.125300910861	11.3992026853744	1
X2553370	68.4813511634533	-2.3780107333788	50.2920404879257	-2.88088867907612	1
X2556083	108.727195338453	3.05557926239932	100.687129252425	-3.43366811467973	1
X2496051	3.8987432462729	1.18588374545527	18.838259208458	3.90301911697978	1
X2581711	-44.253308698234	-2.15434541409267	-18.0823537799174	-10.663211647751	1
X2595230	-20.9873638326972	1.80316578820703	-3.00303706964863	-6.37226159503	1
X2518871	3.38935206166154	-3.54620242169577	23.7307788562087	-7.81431750880808	1
X2596419	48.7744026862155	-0.0792589494846837	30.4145714742778	10.9129392882526	1
X2577388	17.1322730289945	3.26941381038461	5.32954609550494	-5.81141194072736	1
X2598789	1.98738922570809	1.60313999302259	4.6673192048183	19.5100810845031	1
X2493738	-9.17036115390738	-6.1334485014409	-1.24509798104785	-8.48647353694534	1
X2596606	-146.127489917076	3.35093058396291	-120.523243849724	-1.24424447057014	1
X2541431	63.4635423913353	-0.54994250902858	47.445902327066	3.44577662922992	1
X2541376	-46.7380116257344	-5.86418827303885	-30.2157308625269	-10.8440634575985	1
X2553878	19.0128953711128	3.86765584386739	20.3026400186866	-6.23974104560151	1
X2562677	-12.6426124796379	-1.99697476382161	-3.16497326869738	-7.28770236258769	1
X2500696	-15.3457825153296	-3.89947984681007	-0.52786303005449	-6.47604768331518	1
X2571585	-36.612292889778	2.65274484441815	2.24338953175988	-6.14064540831939	1
X2587281	-95.9792882225615	1.26719241900431	-57.4712526499867	-13.3048998082778	1
X2572543	-9.31698582965563	-4.49492587336692	11.5121186563511	-15.6623367714647	1
X2528729	3.14177510814489	-3.40612088307352	15.1696908208981	0.743902209898268	1
X2586280	10.8118687078979	-2.6411121347018	5.485463070616	-5.91102641812005	1
X2565779	-14.1339347819552	-5.08842226003258	-22.3814934152703	-8.6073695210542	1
X2540787	10.7490745113967	-1.31359718051338	32.7779955618795	-12.5349456928623	1
X2517040	15.3359395029464	0.320902539306513	15.5050425545999	-2.50086799715347	1
X2532305	-1.80346588140093	2.67139276798595	-6.49618890499279	6.04569504031602	1
X2510237	57.6688022234845	-4.41428822172386	60.8048704408822	-5.14142147869003	1
X2493017	-7.39674182907334	-1.79279981196967	0.425430447689174	-2.2245922973506	1
X2493691	20.3182008762905	-2.04470783130859	39.1173960970011	-13.4096220369394	1
X2565140	-61.1126958613796	-3.29403601310168	-61.8989894235317	12.1748449733916	1
X2575400	32.9769208958782	-3.81792556718561	16.4150673542327	17.0553185436704	1
X2517115	31.9904374565323	3.31993995305221	-10.0516500034152	15.743923521659	1
X2565268	12.897841312252	5.08653158941321	32.6717584614186	-4.97550233465998	1
X2586489	-110.354791384206	-4.60018168372977	-53.3514937013041	-4.0439296406515	1
X2493482	-51.3745789401896	-4.04291477586767	-29.1294828340614	-22.5720659675709	1
X2506293	-37.6023980350116	-0.818014315510778	-28.2228528304101	0.0248962691451328	1
X2599020	54.1373323082271	0.493469273133782	38.4199717807935	-8.1657962453612	1
X2494017	-9.16627611775456	-5.10555605054681	13.7705303043418	-13.8989586519368	1
X2523551	31.2183559964655	-1.07661272130282	1.26173137676815	-6.05110379559461	1
X2599431	76.725060886781	0.599440696791437	88.1752870336525	-9.30821809875294	1
X2582285	-9.02216922937128	4.71261857093768	-1.94526855325216	-1.21646589634447	1
X2560823	-48.2128026389295	-5.15568279465828	-35.473709575333	-5.15351370403728	1
X2565468	39.0608157679548	-1.68345956677561	28.9334987517737	5.00864314228978	1
X2541495	51.0261605688719	1.64701088636719	51.6868276203289	-4.52088136521225	1
X2562305	-57.4504159777436	1.05579645206776	-16.8859395744253	-6.99069646307424	1
X2592351	66.3712650675981	1.64005393994527	55.2589485240934	-0.972822123200728	1
X2502156	-147.271824182307	-4.46833287501049	-97.5080704679981	-24.275161352347	1
X2565003	-71.1149161569568	-2.91187722346549	-42.4413052831924	-22.6781674209833	1
X2600517	77.3958786182076	1.86175928772187	70.7177484932094	-6.20067828172699	1
X2568576	-7.75566919998928	0.894750620731377	16.4412659245114	-5.2108496659717	1
X2596465	-17.3665864628923	0.704199570685154	-38.1252377294787	8.12028896463309	1
X2599156	39.1059913803463	1.3963003309132	23.3209754214244	-7.34484125579301	1
X2586819	24.3086741176726	6.05453700830904	18.5337086395627	-0.722066606022084	1
X2503660	63.1458737093087	5.67497671647001	76.0965596206935	13.8328657402602	1
X2588934	40.2397155790672	1.08898443736442	28.5496523911873	13.6810086904151	1
X2571203	-4.42900623632799	-1.88056364640288	-14.0301634629575	-4.33054223937707	1
X2585133	2.47488894155336	4.56909270016356	16.5516170437599	-5.06739133943115	1
X2559918	35.8154059534113	-0.410696010071323	29.8602327737697	-0.209473129689878	1
X2595001	-43.4827918914902	1.18817606906777	-41.9124785489862	-10.265687645606	1
X2525011	-31.5022141946103	-0.690783449947405	-22.1656522361464	-0.107111764926485	1
X2550213	-49.3083770434485	-5.48076516806311	-33.2206978691716	-18.332948121425	1
X2537227	10.1907118625317	-2.01532945840087	-1.60447533296919	-1.56142597243567	1
X2549808	58.6662188041349	-3.14578885305677	56.6055972189439	4.14783168173084	1
X2599646	63.050738205018	0.156562891925595	75.0140084663092	-18.5069628526126	1
X2579325	20.2901774610445	0.313091134593984	51.9725872437377	3.2542855733635	1
X2577635	14.4309470398974	6.39369476689818	23.7943612044981	11.8276951731286	1
X2550948	26.5066536212651	0.933780769088914	26.0173148378894	4.23248849844243	1
X2497955	-33.8440179747159	0.36648245446119	-33.1956672936125	12.8222798147344	1
X2584290	-8.1483797836168	-1.38776341081353	15.7305540961779	-7.68354125385736	1
X2523444	-1.28630822005404	-5.34726062111302	-1.33053131182299	3.58210773173974	1
X2510159	1.96379126510714	1.32801825199521	-13.6351168668649	-5.21502389114435	1
X2597302	-51.8201004398964	-5.63984401018139	-28.0868203117524	-7.75460789177761	1
X2494092	22.140199455881	2.23976793681381	5.98292003026457	-3.58167432665055	1
X2553050	73.799020093513	-0.244769763240772	91.99564498166	-5.726924204554	1
X2499921	32.4658254395786	-4.48494157533602	11.7386925537053	-3.8875371244645	1
X2590865	26.8902848148796	2.32422516384518	18.9163328813832	7.1531464384076	1
X2600161	-17.9181293874146	-1.27268579526822	13.8257483508603	-3.2686621012671	1
X2539689	-24.8455305443214	-0.973372769612653	-25.6187411486711	-1.35876103035008	1
X2570657	-7.3606380695251	-6.20878553118334	-6.89055885302044	-8.66931189966809	1
X2562209	-17.6304764620068	-4.88441644029244	-15.5258272450448	-7.61155576189486	1
X2497482	20.8922755575179	2.40102395035937	26.2072456244199	17.234011256397	1
X2536487	85.6780864586463	-0.379211367868053	51.9214332756644	7.71326682502103	1
X2524849	-25.2999405919675	-2.73344496021765	-24.1251721941472	1.50997717400502	1
X2510070	78.7726002722113	1.66647163919738	34.8635995243108	5.23678334604779	1
X2575193	-29.723735302465	-2.416631963605	16.3644009420984	2.58361299276693	1
X2497741	-13.4146949520785	0.0985789989790437	10.880061921383	-4.13839902462202	1
X2551777	83.8624311366888	-0.875273455479773	70.7579020433203	9.51320822545206	1
X2596766	44.6719236021974	-3.67173565931338	56.4585653227297	-7.98748680091325	1
X2582064	46.2649160016823	-1.27289491169627	50.7422685563298	-0.0825390813979736	1
X2497879	-2.51392368601255	1.58971903640922	8.11097181787813	-6.07461208719961	1
X2596321	3.73477868583015	1.23694961254941	-20.6336838581572	-5.75516508393378	1
X2565465	26.2189641783369	-5.15047464605139	40.4070571844597	6.03920941659764	1
X2579958	36.5489072420518	-0.133949133824535	9.5001507846701	4.41801654554514	1
X2597221	19.7950205192638	-3.97899306328448	21.6920478499439	-13.8407254421436	1
X2595070	-26.0230990244954	-0.0483889804677213	-49.124586785131	-1.15757185598675	1
X2563628	-18.9108517733153	-6.44705393235959	-23.5766116496298	2.80785327559076	1
X2565798	66.5966280961682	-3.41551749200295	72.6775571950163	-8.00331435346212	1
X2593563	43.1849814791109	3.84184644847049	25.21915173062	5.70143994621893	1
X2569226	-74.1783820238699	-5.05376775836338	-29.419619871323	-16.9670656815393	1
X2510005	42.4884958454271	2.60586003312724	26.12937871382	10.8565129702205	1
X2538515	21.5892655823389	1.46926488494396	30.2901596271617	1.41464458583029	1
X2586139	17.7600314401662	2.21916394326935	17.7545519343339	-7.9865357846941	1
X2599310	121.845741211985	-0.0778540218641726	94.5230260307066	0.457888532753491	1
X2570089	-37.6420767889601	-2.32755312776106	-40.1508356094163	2.28277789231395	1
X2588465	70.8275037802223	0.76390334443748	55.7461879734079	5.58752529977923	1
X2596107	18.5412517445628	3.84583037067786	12.6497681904256	0.450291299874437	1
X2511762	38.3675152472893	4.41343072615686	10.3843790007774	16.2538479571639	1
X2588962	-12.9289755499117	0.0956710660129713	8.05291245305391	-9.15124864890773	1
X2575345	-70.1020345809936	-1.05536808705962	-28.4452246738458	-14.430563421692	1
X2573451	-0.847140534223055	-2.87217362683393	6.96733477729049	-17.7142939389032	1
X2504654	78.6530604721468	5.05585190220478	41.8597579013236	2.2458105136289	1
X2523833	-60.7836191540297	-4.21790365959582	-31.5175069299754	-1.45839844369941	1
X2531573	32.1472089988241	1.96328151246244	43.66841744622	-2.6772110704069	1
X2573350	-15.1506654926801	-2.61932864914007	41.9388150089878	-23.230598205727	1
X2565056	63.8214239855163	3.68829288038152	71.9847294103611	9.1412397410196	1
X2549811	-47.0069688141775	4.21114625142296	-50.4492845998202	8.92494627818041	1
X2562402	-32.6485477797595	2.00600185053967	-30.966617758864	-8.64248072851532	1
X2586729	-43.5714467610212	-3.57131363660348	-13.7164402762602	-9.71961301959606	1
X2503429	29.1457455490869	-1.10343013426768	-12.7212717628079	2.39305120427015	1
X2498049	25.4899544242529	1.04969635885686	11.6457868934077	10.0262400671299	1
X2490459	1.07529107937841	-2.90781798450421	13.4433521778201	-4.80228374495726	1
X2595938	22.3265160622812	1.27019178130237	25.2682874433013	19.3289479517679	1
X2530640	-18.4168293541195	3.43307768558625	-3.32099455892351	-4.83401245180751	1
X2586559	-14.5626680242478	-2.9967073859119	-48.1684083955872	-13.1188067582119	1
X2554197	15.3568200593753	3.27323820849308	18.7093238763562	1.09040099211289	1
X2535861	-9.89834913287794	1.40775618614424	-8.38907258073808	-3.29036330745406	1
X2596346	63.0268803308996	-0.213842446391532	57.8281903260355	7.72928504757547	1
X2580260	45.5975276814784	-1.14230344625786	53.1074140675164	-0.957529008146545	1
X2534512	-16.1730833370469	0.356854500521147	-17.9791854878421	-4.1323080986152	1
X2496812	-12.0950659586946	-2.19993116965686	9.74261764858541	7.59393122089336	1
X2570878	15.000356201433	-4.39804805884883	4.74368862595124	5.13937302080494	1
X2587565	49.5131565373774	2.5645721353034	50.5650887471169	-3.52369482860501	1
X2566186	-22.4073901962743	-4.73033910687618	5.88505710612551	-19.6048106171166	1
X2529917	-25.4658010517553	2.27791168758234	-2.34538068725077	5.11305135195164	1
X2505404	-3.22222342849557	0.0640443480635915	13.385706073606	15.6522175063777	1
X2588718	34.6386952907293	2.916254467469	20.1949042453937	11.2205392746686	1
X2591115	-56.6318471022478	-4.10980186732867	-73.4112167831797	-17.6055868149842	1
X2569358	-43.8469945164533	-3.95380185299959	-44.761230909856	8.45600844115513	1
X2584938	32.7865618507863	4.03222616401557	35.7818500896084	13.7484758674257	1
X2547417	-52.9452961447595	-3.61022252418986	-10.5189808794345	-5.84568519473166	1
X2539774	37.8136111922653	-0.445836755213498	31.0857788191898	4.99498767747746	1
X2552827	62.6875105676678	2.01259879305167	86.7868527399544	-0.291613886353656	1
X2595725	21.7924601515529	-0.178348643875324	7.27192900153431	8.95093789324767	1
X2550461	39.9678590449239	3.14813281514394	39.9744132191982	-6.68271754383289	1
X2586969	-39.4614358486527	2.71475487273084	-49.816044571684	-11.2296637204596	1
X2549383	49.4403305912476	1.30705789055862	32.3964851819883	7.61249642054034	1
X2526543	78.3766623845769	-1.6897473000578	77.6319578848192	6.00171941994476	1
X2508128	-64.622942968041	1.72250637069088	-37.7576663778719	-21.0554060037832	1
X2589300	13.4549376850692	4.43025800489513	12.0481052341193	5.31957711814441	1
X2497131	-73.6661949663302	2.32743040610523	-57.1574265002627	-4.27403477981861	1
X2509661	-21.4008720291963	1.01531695804147	9.88004271230669	-4.56816708844448	1
X2519458	-58.9124124175581	-0.0793221091147617	-20.0074430203991	5.49096911094434	1
X2531600	-50.1066098638073	-4.01468741622443	-21.2811023018663	-12.548151193051	1
X2543107	42.2913178023108	2.42000261433101	57.4250177924284	7.3261285448554	1
X2513110	-35.0661020779102	3.74532758440742	-35.2897769348107	10.6209799384513	1
X2552500	24.6431375510136	0.679501886541517	4.32443158087583	4.95942937625976	1
X2548112	74.076280536391	0.705609268630548	6.93672997026468	15.0724373114651	1
X2575304	-5.22353003105497	-0.455175405959229	-19.8629799682548	13.1487827582888	1
X2587480	-17.9602374702253	-2.25249793653394	10.0280510103532	-0.953656560817262	1
X2511142	14.6321228596939	0.682390673229528	22.2809499865034	-0.444117690624609	1
X2504902	-8.51037673788547	-5.21401255554698	-21.5359232275959	0.149391647273331	1
X2519013	-31.8347038095335	-1.06165980496601	3.47360056913371	0.724964404783616	1
X2552278	11.1681914414654	-5.34352267271306	12.3970208294856	-8.54663389800157	1
X2491260	42.0893132793387	4.45832666861524	-6.07747291889152	1.19953577523555	1
X2551947	-21.2120772752266	-1.35009630172067	-15.8679230460292	-2.11297173069435	1
X2574045	-24.4639097573539	-4.72291345955246	23.3933763002771	0.420831888997913	1
X2536730	25.9642368803502	1.57037693698554	36.6550052554804	2.69698168930865	1
X2515716	-42.2078422905531	-4.5582298080814	-36.2403401689373	-3.7054377417005	1
X2599430	105.842069432138	2.94521263907003	62.345746387954	1.27982128515065	1
X2540207	47.5935798317603	1.09704395410639	66.1011182044954	-2.58649184766985	1
X2582232	73.4053837746657	2.3660552772978	19.3152313408885	17.7517586262828	1
X2600236	20.4288239522321	-1.7627607164826	10.2948622976078	-7.22611215841949	1
X2536356	3.35549272230061	3.40113577788395	-13.3234076363625	16.6776137968236	1
X2498236	75.7122763343016	-0.946097177982874	52.3519579616159	14.3812830407136	1
X2570031	-24.7901413336845	-1.96117620954496	-41.6133591580386	-8.39355144762927	1
X2597873	17.8556277869429	-1.83301177087442	19.5777037283142	-8.60951291054835	1
X2599155	-15.407212716158	0.405440898143402	-10.7031372483585	0.598679130640417	1
X2529138	-5.38034490831487	1.5232936729401	-25.7335765299402	11.7073236747517	1
X2500078	35.7302425431399	-0.416123610402493	31.8085449010981	-5.22039252776119	1
X2555722	-2.85961470386998	4.01669746110164	-34.4142855412204	-13.3315940293037	1
X2571921	45.7066631387454	-3.11912434969529	31.4275392921727	-7.48448816276134	1
X2504180	20.0026275478051	-3.79837033149698	36.6722233998454	-4.72270591125515	1
X2518032	4.62020083682094	1.52440840942761	-10.8313672351213	2.34434378102612	1
X2599652	-3.92049224295592	-1.84170571918176	21.305718880156	-7.14339736649524	1
X2601529	19.7785195968398	0.813628551753272	31.9865440368187	-5.55968904696694	1
X2571997	45.5406855251204	-1.54655936131945	58.3130315910489	-0.845794963623154	1
X2539662	29.4441226611592	2.37575121467715	22.7435817990173	8.98299849712747	1
X2560378	9.09691200821944	0.448247441305883	8.22084811958615	2.93737114065375	1
X2590663	23.6035777087194	-1.47809981529662	37.1917843295819	-5.43833468847494	1
X2579837	25.4851427490164	-0.535218682471599	10.4896903788454	6.24049643028308	1
X2598118	11.8418858924412	2.52865254169082	7.38372088020737	-2.65819387204653	1
X2560758	78.1294152723414	-0.0862317935747999	63.6224544808274	-2.06098343972436	1
X2575725	92.4966738050451	-2.02584577662519	76.7408753811121	-23.9994476359	1
X2516439	-38.8124491449028	-3.00927016511873	-30.416595990247	16.9390287382777	1
X2570529	-41.5551660569268	2.15285765213902	-37.445827769186	-2.62160572015954	1
X2601357	62.8730722065829	2.37018377668433	58.8060231854252	7.07911832428422	1
X2564623	41.3525482858513	-1.2376711739293	30.9287780396434	2.02486923267703	1
X2557087	20.4842068365397	5.75447219767896	6.01825902617484	9.16946983727037	1
X2571126	-65.3992203550294	-5.09386181996372	-30.1153897271756	-8.68491090928313	1
X2590204	-5.63280724363574	3.20788964654457	-17.8963983602304	-4.41217059044814	1
X2574335	-104.712034744189	-0.558798025256523	-57.1166977225554	-7.96715443207178	1
X2518310	-17.4985239902922	0.374817797297774	-2.6399779080455	-9.44100292366987	1
X2593406	58.5600322725943	0.47540741939667	45.3386999389932	0.856145072326589	1
X2585597	26.7474266116973	-0.172097708391294	-8.31668968490854	-2.25745920962011	1
X2570480	39.5007914828344	-3.74350169177412	37.2343257678236	-4.39353219203526	1
X2491603	-35.3564461965116	-5.89252177247174	-41.3345081544831	-8.36238447482477	1
X2552861	92.3558061499399	4.51063056615617	41.2525113681996	16.64459755329	1
X2598844	11.4531536050843	1.60416255327862	23.0950967341793	-2.72492446008233	1
X2601265	-18.0063978125189	0.52458420034814	-21.2063707432701	-19.5389036774394	1
X2508413	-6.85589057449051	0.0318497668994457	-11.2100271975008	-10.7652415170343	1
X2575445	14.2595547211166	1.20829140128603	21.6572996973448	-12.9494094996927	1
X2589702	22.4571757121036	0.192811931939353	21.9510960285333	-14.4918305916229	1
X2579223	-66.5410623036568	-3.64827707020716	-48.8760557110705	5.08783867963483	1
X2568402	45.8479022058047	-5.33427266776629	53.2367388698107	-1.68435048926236	1
X2575486	-52.4485974981606	2.96347254303276	-70.7714300905066	-11.3681039764386	1
X2598715	73.4736105168683	0.761178315881653	62.316107737224	3.56769352316047	1
X2573043	18.870159480384	-0.629212876986566	-8.69345014649347	-21.9731679498909	1
X2570760	43.0938641149302	-5.17556240618957	60.4917804217492	-3.08200901727126	1
X2575998	-5.11350697972293	0.016721789004382	-17.6098270973537	-2.55107019012218	1
X2572057	8.24031197565402	-3.3323713863514	21.3955848589961	-9.24692936440548	1
X2577560	-2.09113086466584	-0.307813281944486	-14.0241769778351	-2.80187779809877	1
X2595248	-4.71850954014047	1.6039837110021	-17.7715710163792	-20.6626664891712	1
X2579058	-14.4758386393939	2.1491495847645	-28.3831335323575	3.10940863629259	1
X2574883	31.9735943885658	-0.0598045458258876	13.0224109647821	-0.516100854994588	1
X2520257	-64.7574983008155	1.01846974603764	-52.5983929579696	-3.26667236493187	1
X2542846	-17.8540515359018	2.79221570232525	3.57996785260824	-22.6748337530674	1
X2554656	53.4149707469604	-0.570483343320037	52.6927000824736	-9.16913353950183	1
X2574501	5.13159267264875	-3.23660907617171	57.8449306744225	-4.83012795773011	1
X2508512	-16.6247025186527	6.69810861716582	-12.3522148489386	3.34365313414053	1
X2538803	38.0591026804326	7.22053884065887	53.6646940756995	-2.14603739262751	1
X2546608	38.2535899081104	0.251394779302487	11.4790225640978	4.91517099375994	1
X2573069	16.6571915154234	1.02792707666188	69.7674609756586	-24.7540820576084	1
X2545307	17.2086487642169	-0.2205124281	13.7948352434646	28.7111086938361	1
X2573387	-40.6277958516941	-7.03902911608705	-14.8243349445831	-20.4825673073644	1
X2531919	0.917838151610079	1.94858505117428	0.980935263889001	12.8427146438744	1
X2550995	51.2299803222538	-4.71662979592729	31.5491484020969	11.2093962527925	1
X2508246	7.29620081390501	-6.39496700415316	8.85044363546223	-3.85393838084571	1
X2550714	18.854643004026	-2.72188506184522	-24.208899263446	0.265243217939943	1
X2510683	41.8443207061512	-0.143617545497234	64.5012232719328	-21.4718887821322	1
X2552009	-42.5054747429593	0.1788349880202	-41.625892110989	-11.2841134355719	1
X2508020	7.9186520311491	2.49508914150522	7.11616853642967	-22.6366018129223	1
X2570398	17.2580846541376	1.88285600753754	13.6790005516089	-2.29679623310168	1
X2524241	37.9764914709376	-3.3290175527989	12.8218350906261	-3.259720552791	1
X2505935	0.697529175034742	-1.49242030537291	-10.5506285289988	7.96805024583042	1
X2563360	-4.97778978971868	-5.06059457497192	20.340752251388	-9.16978944545091	1
X2523346	-8.60049256351788	-0.0364500796592456	-1.69433688001273	-4.49640424681088	1
X2588391	17.8323731199836	0.578116542476461	10.0615095341174	9.78796957207323	1
X2504964	-45.4436175203053	-3.27085818833622	0.70252050896811	-5.50244132431647	1
X2565771	-27.6946118803658	-5.51873593779616	-25.7941403125309	-10.8979639394249	1
X2557464	16.7884337386949	3.1057986992226	40.5717180458232	2.1975648473287	1
X2581911	34.5668777343129	-3.79163983388608	16.5855922654136	1.8032542044184	1
X2597825	23.9622203115773	0.213781382960863	22.8836678326877	-1.72229586427548	1
X2564842	55.0483570305397	1.45066732184999	49.6482814172668	-3.82194831948807	1
X2570501	29.4707260928861	-0.996701706545544	-5.74069493534498	3.65250556032886	1
X2599336	78.7168651611771	-0.379516734023814	57.7123365234094	-12.0425494466795	1
X2601747	-12.9188432152593	-1.36741020511374	13.1670985565307	-3.13775333261294	1
X2597451	35.0363354157551	-0.925361936187526	22.4498534875645	8.08893438292623	1
X2556150	50.0778596605456	-4.6641480338685	61.8569020693726	-7.73750490546824	1
X2568348	-22.1640353355133	1.2904979626776	16.1703876164318	-11.8641854468701	1
X2517972	-31.3629638230854	1.21821597586127	5.65986891233434	-8.24393473223648	1
X2506639	24.7791586603124	-5.23414338517576	42.8255460164264	-5.18722434391946	1
X2572429	32.1840561646617	-0.642782639294028	3.40038421964087	-3.84512936189674	1
X2572175	43.7445791451545	-4.80936194169918	51.1330876016523	-6.97655237737717	1
X2545305	-21.5914152616907	4.74055038788076	-68.446988568207	14.7532217522471	1
X2574042	11.4662119549272	-2.90498988434765	10.8212942314316	-6.67408753724567	1
X2497385	1.67087597651331	1.07188217315726	-37.997640826651	14.6209330094929	1
X2537072	15.9098006611881	1.78924501586635	-4.86391770796979	12.6810013755591	1
X2566938	44.473831919464	5.21022136549744	46.3236452610766	1.5801142670113	1
X2598600	-61.8764686189574	0.628103953169178	-70.409526324804	10.9038657779367	1
X2523569	62.2034217023908	4.34302321624184	63.613205401203	7.43277802957465	1
X2569836	-17.794258974042	4.68096587187775	-2.24519074424056	-0.824197418573575	1
X2512554	40.4707626837387	1.22532894877781	-12.8400573372473	5.53465215431662	1
X2525757	10.6786088367254	-4.00359187449231	18.216346787344	-1.55291752604194	1
X2557549	95.1520368641794	1.91056854221258	85.7455103592293	-7.78194500168616	1
X2556253	29.666758217922	2.67810839963369	36.440219531212	1.8168568386365	1
X2541284	44.8622321803249	1.93064442178963	38.7762391286387	-9.03023806997984	1
X2565955	-8.48463403235807	2.51061122120173	11.5368932299044	-13.2060174263452	1
X2496907	23.4215706416454	1.08397968427313	35.5536463652111	9.87722359829953	1
X2551996	-45.5310498499271	-3.03751772968821	-12.7719129069096	-6.3128386244427	1
X2592460	40.0491711137559	-0.73649081461479	33.0666583392347	4.84156751678673	1
X2560452	23.5770194700209	2.7609332066571	19.8883996401577	2.87920300005144	1
X2545382	-59.3591271756344	-4.20025546950751	-64.9008435372961	-6.76055652139116	1
X2514543	-26.1335737697603	-0.363847889326679	-12.8590763291926	-0.910568760855527	1
X2498293	11.1086425049267	0.0999044711882993	12.3632446639572	15.0860613353015	1
X2492654	-58.9188878891393	-6.93890905408229	-25.6580544955612	-4.84168038607749	1
X2601067	81.8527650234267	2.49830808194454	62.947456939379	-0.566808647661657	1
X2498086	-63.4835741955204	-1.62330760854421	-42.5872191581039	-9.73566502766295	1
X2551130	19.8477516548769	3.29726873669357	27.897501359487	9.75057584082847	1
X2542813	-50.5094294079103	-4.89308463834818	-34.6972235583962	-21.8058050218215	1
X2571037	-21.5636976475953	-3.76977208871044	1.53396129791961	-12.0172784697012	1
X2522370	-32.9059904248332	1.45129467534031	-43.6405652673585	1.66219995287949	1
X2520345	48.4057959700533	-2.73087708350909	55.0494877529089	1.56613021580228	1
X2564002	-36.6697429652677	-2.93643475621354	-5.03906213015569	-2.92710134840456	1
X2596375	42.7210608034928	1.65363337421366	38.7664123164604	22.0933629173957	1
X2508751	65.5549914766953	1.9334767444056	69.5154327783595	4.26821055103151	1
X2511698	-35.5228480949884	2.45861300607105	-33.6864922734104	-9.48579355072583	1
X2563667	25.1576633898669	-3.68995068840048	61.8049907556575	-6.88006812281642	1
X2550279	-20.7968013194956	-0.748319345064757	-20.0637021323572	8.48845844138522	1
X2567397	-59.9868309975623	2.12012057817583	-53.4014157267831	3.5955132261627	1
X2591075	26.214269550125	-0.697757939048711	45.8549167900296	-10.896453098652	1
X2519828	-11.4557223340318	-4.50167171422734	-33.3324077807413	6.09638044884181	1
X2557701	-9.93034576373663	3.16374976079788	-8.29641918791473	7.97459461161341	1
X2555761	38.4411978410064	2.74934711258662	22.571175492528	-3.29151310490741	1
X2545720	-21.6953252552382	-2.48916133356842	-16.2427554601285	-1.86216359166529	1
X2588510	106.057712895191	-0.0281246093257909	85.5423043671941	-3.71684440932369	1
X2513268	-16.1325994696748	1.97270915811581	-19.404224860665	2.08199416771739	1
X2592594	-51.756646271212	-3.022610440727	-50.7880238435037	-9.75021264970259	1
X2599882	51.5686532962772	-0.806981791753072	56.851288095095	-0.278586547814852	1
X2540195	42.7843953336684	3.08171694350644	40.5386268250998	2.10682034908281	1
X2516322	-53.8623470271921	-1.43663684935962	-29.7300975958039	-7.6440092918889	1
X2539671	22.6525128355889	2.35966656114571	37.5812245535688	17.0403064262644	1
X2568942	7.98503999891191	-4.27723935680883	24.2096872882486	0.280002873587015	1
X2575910	-54.2682810632504	-0.0524459122097406	-31.0303331414876	-6.54079504587538	1
X2589089	43.1377005361198	2.63471626714542	38.5899146445317	9.04999842791575	1
X2540091	-34.3655006101317	3.12663435627026	-33.8763743908858	-8.74455677781772	1
X2541277	0.680994121406814	8.27735153682213	39.7299444761982	-3.8854433479516	1
X2535984	19.8590931450759	2.19814931974846	-0.351336531603664	2.49102752636368	1
X2296553.1	2.73778850409666	-2.38152763961592	7.82439310085811	-12.4182475585082	1
X2288830.1	56.7217704164788	4.76428982366184	7.85273026204496	7.5048752628802	1
X2303608.1	-26.316106464802	-4.44267513609676	56.7596396732735	-24.3117489275696	1
X2371625.1	-23.8972684499148	-5.0618867544995	-1.76247431961891	-19.5341818235571	1
X2373124.1	16.0149930967025	-0.455767673304167	35.236350782213	-9.17135917572084	1
X2374515.1	-12.0222740128922	1.43676942130405	0.410672364417655	-19.5615602876819	1
X2317284.1	-15.3822939862466	-4.59786028987475	-2.42001577539554	9.1852180287063	1
X2373590.1	-37.8344724368004	-4.60012410735408	-36.0773886699917	-5.08084690493263	1
X2288418.1	3.80795021777594	-2.90398437063737	20.5755309829632	-23.2495009531769	1
X2373634.1	23.7538436674343	-2.63659557929171	25.7705074201914	-2.29453256285071	1
X2468151.1	44.2619411031632	4.0946967412806	58.3484790677712	-3.6297317630244	1
X2471796.1	-31.0816842974759	-7.22186276109997	5.16831118244295	0.954495488727265	1
X2469907.1	-7.62242927014037	2.7748701739583	23.8245114602091	9.25443997182298	1
X2462865.1	-39.7228522235833	-4.3257248321413	-2.88534860119914	0.586580816722347	1
X2446298.1	-60.9189469629582	-0.897123804884521	-60.3253851118599	9.71471597525542	1
X2400497.1	-32.9622013568152	-1.88325675131073	-46.4246217451191	9.60678555353992	1
X2481581.1	3.07872306301794	4.41980649899556	-21.972924302937	28.818390473827	1
X2456504.1	-6.18874669810495	1.82080170791964	-35.9470725231464	10.561866202836	1
X2433577.1	-5.73226636283501	-4.21045518110031	14.7680082256268	-2.30441855614927	1
X2474613.1	-38.5651916897997	0.534242362218663	-46.1503722221083	7.2872306939125	1
X2390944.1	-4.6982215469774	3.68761178524069	-0.712173749857037	-14.091223872974	1
X2472516.1	-36.3668065141194	-4.08993911820692	-57.8986638608593	5.4085104751454	1
X2471415.1	-69.7992722410316	2.50215786775966	-78.4841615248873	8.70244209771413	1
X2423821.1	-6.77742401685561	2.89289541743121	-37.7417154926688	3.4918931925885	1
X2447387.1	-83.4704528737877	1.0463953600787	-90.9126098652559	-3.38369893065729	1
X2475073.1	-50.2571026665112	-5.77044546002439	-27.1394377990515	7.14311162919702	1
X2434065.1	-51.0530328123356	2.33692921552855	-59.5935180993835	9.98760188708709	1
X2377948.1	-37.7049402772213	-3.54111793034627	-10.8234699087887	-17.4067562715012	1
X2419565.1	3.87496469284842	6.62741691892479	-11.428186141057	21.0880190288507	1
X2486520.1	-16.8802701215054	3.94758724642265	-27.4208253913925	6.55007994943967	1
X2429480.1	-21.6450259764651	-6.56455465910322	-14.7301261144167	16.6170634018671	1
X2467419.1	77.2165230339221	3.58410436559217	63.1890160307804	10.9657886203895	1
X2478115.1	36.3422643693582	2.69262708001533	17.1478538509692	2.58511779469372	1
X2455742.1	21.0587242649372	-2.38405142429682	46.5052941249126	-3.54068356032168	1
X2470570.1	-5.18842808273663	1.50410023409354	-9.64189574259113	1.49428174379333	1
X2420552.1	-1.69039238753144	-3.28698246681159	22.7991740095542	-8.64879869376684	1
X2484838.1	-20.6547809705966	-5.99145392109092	-4.12019409987839	-6.04400359537086	1
X2473798.1	31.0812265298563	-3.14853580158382	58.3546262242067	-12.2999031745905	1
X2430295.1	-36.23284775257	-1.41550324143098	-12.2913176843906	0.917662810356703	1
X2435652.1	26.6406921008744	4.45611441778206	59.7718379932231	2.74922068407958	1
X2486478.1	59.9077722515902	3.77301275175877	39.7273098939688	13.5270834041081	1
X2445166.1	9.50099427402126	-6.10133342903148	20.4417518366701	-10.3934306049082	1
X2419587.1	21.6723830039433	-1.3968762030199	59.3496879123799	-26.8792953639338	1
X2474198.1	15.3939074925092	-3.24518843285955	37.4329926528254	3.3128337980763	1
X2409479.1	10.7885639247558	-1.41800509002666	33.1577003584716	-1.674258949349	1
X2472028.1	-26.2423607741718	-4.3863301967177	-11.251179091192	-11.5176281240193	1
X2416814.1	-19.5369647948051	-1.27399924479409	-1.85304377140533	-1.62807662378933	1
X2469166.1	-31.65326983743	4.49646056207469	-19.4758432194129	-2.93170655500613	1
X2474668.1	-7.40445864264914	2.48344036594835	-8.58567926481044	18.6780484675565	1
X2478679.1	-12.0822597530391	-2.01223233837344	33.3332926464035	-2.39014130036382	1
X2469618.1	75.9914004211193	3.80908360185691	76.2162324511221	11.2251205011768	1
X2475089.1	-56.7971825117548	-3.94455655554679	-54.5383486003977	-0.316486376733077	1
X2476528.1	41.7262055310444	-3.59248584177582	49.8325505240479	-0.922576051753555	1
X2466851.1	20.5689755340165	-6.93426953657871	22.9349347786577	-12.7636381614017	1
X2474977.1	-21.9175944822543	4.23424265938857	-46.480600968926	2.2056256532198	1
X2479682.1	1.18174945479335	-4.24335718714364	27.0267392217423	-6.22747572233921	1
X2429990.1	2.35321768274343	4.39683260195468	-10.1504644240457	3.29283902503489	1
X2389408.1	29.3943458848012	1.94465854092399	26.6407177820377	3.70347709563536	1
X2467971.1	-51.598236543815	-2.5977493824939	-64.8724043580096	0.0661360881339411	1
X2427108.1	81.6955386245497	2.95094531624243	73.6634338558694	-1.79730034590216	1
